5
4 2 3 1 5 
2 3 1 5 4 
2 1 3 4 5 
2 1 5 4 3 
1 2 5 4 3 
5 4 3 2 1 
0
10
10 3 9 8 4 7 2 5 6 1 
4 7 2 1 3 6 5 8 10 9 
7 9 5 4 2 10 3 1 6 8 
1 10 9 8 7 6 5 4 3 2 
1 2 10 9 8 7 6 5 4 3 
2 1 10 9 8 7 6 5 4 3 
0
20
2 1 7 6 10 5 20 12 18 16 8 17 14 4 9 13 11 19 15 3 
3 5 18 8 16 9 12 20 4 7 1 11 6 2 19 17 13 14 15 10 
17 11 3 8 7 2 14 13 16 20 5 12 1 6 9 19 10 15 4 18 
1 9 8 7 6 5 4 3 2 20 19 18 17 16 15 14 13 12 11 10 
1 3 2 5 4 12 11 10 9 8 7 6 13 20 19 18 17 16 15 14 
2 1 5 4 3 20 19 18 17 16 15 14 13 12 11 10 9 8 7 6 
0
30
26 9 28 10 17 1 15 22 8 21 3 20 14 30 19 4 12 18 6 16 25 24 11 29 13 27 5 7 2 23 
5 14 8 22 23 13 21 3 2 18 16 12 25 9 6 17 10 27 11 19 1 28 26 7 4 20 15 29 24 30 
18 13 6 9 10 21 3 25 27 8 22 14 24 16 2 19 7 11 1 12 4 20 30 28 26 17 15 23 29 5 
2 1 3 4 30 29 28 27 26 25 24 23 22 21 20 19 18 17 16 15 14 13 12 11 10 9 8 7 6 5 
1 18 17 16 15 14 13 12 11 10 9 8 7 6 5 4 3 2 20 19 30 29 28 27 26 25 24 23 22 21 
2 1 3 12 11 10 9 8 7 6 5 4 30 29 28 27 26 25 24 23 22 21 20 19 18 17 16 15 14 13 
0
50
24 25 23 5 36 22 8 16 48 27 20 19 2 4 34 10 29 7 21 35 9 49 42 3 40 11 17 1 32 15 39 18 38 33 26 30 41 14 45 47 43 46 50 13 28 12 37 31 44 6 
39 26 16 21 38 4 9 23 34 1 8 48 28 27 20 22 2 50 11 29 40 49 44 41 3 32 17 18 42 36 19 35 46 6 5 25 13 33 10 12 24 7 15 14 31 30 37 45 43 47 
19 42 4 27 25 31 44 36 49 6 30 10 11 13 20 3 34 40 41 9 24 39 8 32 21 14 22 18 46 50 5 37 33 38 45 2 15 43 16 12 35 23 1 17 29 48 7 26 28 47 
2 1 4 3 5 13 12 11 10 9 8 7 6 21 20 19 18 17 16 15 14 24 23 22 50 49 48 47 46 45 44 43 42 41 40 39 38 37 36 35 34 33 32 31 30 29 28 27 26 25 
1 2 5 4 3 7 6 18 17 16 15 14 13 12 11 10 9 8 50 49 48 47 46 45 44 43 42 41 40 39 38 37 36 35 34 33 32 31 30 29 28 27 26 25 24 23 22 21 20 19 
2 1 3 7 6 5 4 13 12 11 10 9 8 50 49 48 47 46 45 44 43 42 41 40 39 38 37 36 35 34 33 32 31 30 29 28 27 26 25 24 23 22 21 20 19 18 17 16 15 14 
0
0
