374 14
1
35
24
18
21
2
40
11
31
21
15
8
18
16
3
4
1
7
45
82
19
16
19
24
91
96
80
99
62
68
20
90
32
97
15
34
51
5
44
25
12
64
81
99
66
74
86
70
2
53
28
36
1
9
70
81
82
7
53
15
11
75
25
84
18
60
88
13
24
89
96
30
87
9
29
18
75
6
44
49
17
4
11
66
35
87
51
46
68
93
78
13
72
74
13
64
99
35
12
63
45
2
91
56
46
77
47
27
3
54
74
19
27
75
39
94
63
97
37
98
2
19
23
49
32
27
51
44
88
69
79
24
53
91
64
70
11
81
73
18
14
25
61
32
31
17
59
67
37
75
66
49
29
2
55
9
78
46
76
67
1
30
21
27
98
81
15
97
80
34
41
26
10
46
43
39
11
44
18
1
41
39
28
5
87
143
129
82
27
131
130
91
109
1
109
132
81
143
139
93
131
77
88
68
54
61
76
18
5
56
103
110
24
4
46
16
71
7
43
15
77
6
24
66
2
56
76
78
13
14
65
77
41
7
63
77
8
67
43
75
26
79
64
40
91
68
70
50
1
5
14
149
121
40
64
39
65
127
135
101
25
75
146
37
2
42
23
98
133
71
88
144
146
5
58
82
128
117
145
107
0
1
6
20
3
5
8
4
63
98
96
86
85
100
49
43
6
34
28
44
90
81
56
71
65
71
87
1
5
0
1
6
20
3
5
8
4
52
96
67
18
12
32
5
32
38
24
32
43
7
9
19
18
3
43
28
5
87
143
129
82
27
131
130
91
109
1
109
132
81
143
139
93
131
77
88
68
54
61
76
18
5
56
103
110
31
43
15
27
40
19
2
44
2
M 4 1
M 2 10
M 14 5
M 36 78
M 49 54
M 85 75
M 43 12
M 200 75
M 143 12
M 205 85
M 165 47
M 185 12
M 132 12
C 97 165 82
