100 100 5
1 1 1 1 1 1 1 1 1 1 1 1 1 1 1 1 1 1 1 1 1 1 1 1 1 1 1 1 1 1 1 1 1 1 1 1 1 1 1 1 1 1 1 1 1 1 1 1 1 1 1 1 1 1 1 1 1 1 1 1 1 1 1 1 1 1 1 1 1 1 1 1 1 1 1 1 1 1 1 1 1 1 1 1 1 1 1 1 1 1 1 1 1 1 1 1 1 1 1 1
1 1 1 1 1 1 1 1 1 1 1 1 1 1 1 1 1 1 1 1 1 1 1 1 1 1 1 1 1 1 1 1 1 1 1 1 1 1 1 1 1 1 1 1 1 1 1 1 1 1 1 1 1 1 1 1 1 1 1 1 1 1 1 1 1 1 1 1 1 1 1 1 1 1 1 1 1 1 1 1 1 1 1 1 1 1 1 1 1 1 1 1 1 1 1 1 1 1 1 1
1 1 1 1 1 1 1 1 1 1 1 1 1 1 1 1 1 1 1 1 1 1 1 1 1 1 1 1 1 1 1 1 1 1 1 1 1 1 1 1 1 1 1 1 1 1 1 1 1 1 1 1 1 1 1 1 1 1 1 1 1 1 1 1 1 1 1 1 1 1 1 1 1 1 1 1 1 1 1 1 1 1 1 1 1 1 1 1 1 1 1 1 1 1 1 1 1 1 1 1
1 1 1 1 1 1 1 1 1 1 1 1 1 1 1 1 1 1 1 1 1 1 1 1 1 1 1 1 1 1 1 1 1 1 1 1 1 1 1 1 1 1 1 1 1 1 1 1 1 1 1 1 1 1 1 1 1 1 1 1 1 1 1 1 1 1 1 1 1 1 1 1 1 1 1 1 1 1 1 1 1 1 1 1 1 1 1 1 1 1 1 1 1 1 1 1 1 1 1 1
1 1 1 1 1 1 1 1 1 1 1 1 1 1 1 1 1 1 1 1 1 1 1 1 1 1 1 1 1 1 1 1 1 1 1 1 1 1 1 1 1 1 1 1 1 1 1 1 1 1 1 1 1 1 1 1 1 1 1 1 1 1 1 1 1 1 1 1 1 1 1 1 1 1 1 1 1 1 1 1 1 1 1 1 1 1 1 1 1 1 1 1 1 1 1 1 1 1 1 1
1 1 1 1 1 1 1 1 1 1 1 1 1 1 1 1 1 1 1 1 1 1 1 1 1 1 1 1 1 1 1 1 1 1 1 1 1 1 1 1 1 1 1 1 1 1 1 1 1 1 1 1 1 1 1 1 1 1 1 1 1 1 1 1 1 1 1 1 1 1 1 1 1 1 1 1 1 1 1 1 1 1 1 1 1 1 1 1 1 1 1 1 1 1 1 1 1 1 1 1
1 1 1 1 1 1 1 1 1 1 1 1 1 1 1 1 1 1 1 1 1 1 1 1 1 1 1 1 1 1 1 1 1 1 1 1 1 1 1 1 1 1 1 1 1 1 1 1 1 1 1 1 1 1 1 1 1 1 1 1 1 1 1 1 1 1 1 1 1 1 1 1 1 1 1 1 1 1 1 1 1 1 1 1 1 1 1 1 1 1 1 1 1 1 1 1 1 1 1 1
1 1 1 1 1 1 1 1 1 1 1 1 1 1 1 1 1 1 1 1 1 1 1 1 1 1 1 1 1 1 1 1 1 1 1 1 1 1 1 1 1 1 1 1 1 1 1 1 1 1 1 1 1 1 1 1 1 1 1 1 1 1 1 1 1 1 1 1 1 1 1 1 1 1 1 1 1 1 1 1 1 1 1 1 1 1 1 1 1 1 1 1 1 1 1 1 1 1 1 1
1 1 1 1 1 1 1 1 1 1 1 1 1 1 1 1 1 1 1 1 1 1 1 1 1 1 1 1 1 1 1 1 1 1 1 1 1 1 1 1 1 1 1 1 1 1 1 1 1 1 1 1 1 1 1 1 1 1 1 1 1 1 1 1 1 1 1 1 1 1 1 1 1 1 1 1 1 1 1 1 1 1 1 1 1 1 1 1 1 1 1 1 1 1 1 1 1 1 1 1
1 1 1 1 1 1 1 1 1 1 1 1 1 1 1 1 1 1 1 1 1 1 1 1 1 1 1 1 1 1 1 1 1 1 1 1 1 1 1 1 1 1 1 1 1 1 1 1 1 1 1 1 1 1 1 1 1 1 1 1 1 1 1 1 1 1 1 1 1 1 1 1 1 1 1 1 1 1 1 1 1 1 1 1 1 1 1 1 1 1 1 1 1 1 1 1 1 1 1 1
1 1 1 1 1 1 1 1 1 1 1 1 1 1 1 1 1 1 1 1 1 1 1 1 1 1 1 1 1 1 1 1 1 1 1 1 1 1 1 1 1 1 1 1 1 1 1 1 1 1 1 1 1 1 1 1 1 1 1 1 1 1 1 1 1 1 1 1 1 1 1 1 1 1 1 1 1 1 1 1 1 1 1 1 1 1 1 1 1 1 1 1 1 1 1 1 1 1 1 1
1 1 1 1 1 1 1 1 1 1 1 1 1 1 1 1 1 1 1 1 1 1 1 1 1 1 1 1 1 1 1 1 1 1 1 1 1 1 1 1 1 1 1 1 1 1 1 1 1 1 1 1 1 1 1 1 1 1 1 1 1 1 1 1 1 1 1 1 1 1 1 1 1 1 1 1 1 1 1 1 1 1 1 1 1 1 1 1 1 1 1 1 1 1 1 1 1 1 1 1
1 1 1 1 1 1 1 1 1 1 1 1 1 1 1 1 1 1 1 1 1 1 1 1 1 1 1 1 1 1 1 1 1 1 1 1 1 1 1 1 1 1 1 1 1 1 1 1 1 1 1 1 1 1 1 1 1 1 1 1 1 1 1 1 1 1 1 1 1 1 1 1 1 1 1 1 1 1 1 1 1 1 1 1 1 1 1 1 1 1 1 1 1 1 1 1 1 1 1 1
1 1 1 1 1 1 1 1 1 1 1 1 1 1 1 1 1 1 1 1 1 1 1 1 1 1 1 1 1 1 1 1 1 1 1 1 1 1 1 1 1 1 1 1 1 1 1 1 1 1 1 1 1 1 1 1 1 1 1 1 1 1 1 1 1 1 1 1 1 1 1 1 1 1 1 1 1 1 1 1 1 1 1 1 1 1 1 1 1 1 1 1 1 1 1 1 1 1 1 1
1 1 1 1 1 1 1 1 1 1 1 1 1 1 1 1 1 1 1 1 1 1 1 1 1 1 1 1 1 1 1 1 1 1 1 1 1 1 1 1 1 1 1 1 1 1 1 1 1 1 1 1 1 1 1 1 1 1 1 1 1 1 1 1 1 1 1 1 1 1 1 1 1 1 1 1 1 1 1 1 1 1 1 1 1 1 1 1 1 1 1 1 1 1 1 1 1 1 1 1
1 1 1 1 1 1 1 1 1 1 1 1 1 1 1 1 1 1 1 1 1 1 1 1 1 1 1 1 1 1 1 1 1 1 1 1 1 1 1 1 1 1 1 1 1 1 1 1 1 1 1 1 1 1 1 1 1 1 1 1 1 1 1 1 1 1 1 1 1 1 1 1 1 1 1 1 1 1 1 1 1 1 1 1 1 1 1 1 1 1 1 1 1 1 1 1 1 1 1 1
1 1 1 1 1 1 1 1 1 1 1 1 1 1 1 1 1 1 1 1 1 1 1 1 1 1 1 1 1 1 1 1 1 1 1 1 1 1 1 1 1 1 1 1 1 1 1 1 1 1 1 1 1 1 1 1 1 1 1 1 1 1 1 1 1 1 1 1 1 1 1 1 1 1 1 1 1 1 1 1 1 1 1 1 1 1 1 1 1 1 1 1 1 1 1 1 1 1 1 1
1 1 1 1 1 1 1 1 1 1 1 1 1 1 1 1 1 1 1 1 1 1 1 1 1 1 1 1 1 1 1 1 1 1 1 1 1 1 1 1 1 1 1 1 1 1 1 1 1 1 1 1 1 1 1 1 1 1 1 1 1 1 1 1 1 1 1 1 1 1 1 1 1 1 1 1 1 1 1 1 1 1 1 1 1 1 1 1 1 1 1 1 1 1 1 1 1 1 1 1
1 1 1 1 1 1 1 1 1 1 1 1 1 1 1 1 1 1 1 1 1 1 1 1 1 1 1 1 1 1 1 1 1 1 1 1 1 1 1 1 1 1 1 1 1 1 1 1 1 1 1 1 1 1 1 1 1 1 1 1 1 1 1 1 1 1 1 1 1 1 1 1 1 1 1 1 1 1 1 1 1 1 1 1 1 1 1 1 1 1 1 1 1 1 1 1 1 1 1 1
1 1 1 1 1 1 1 1 1 1 1 1 1 1 1 1 1 1 1 1 1 1 1 1 1 1 1 1 1 1 1 1 1 1 1 1 1 1 1 1 1 1 1 1 1 1 1 1 1 1 1 1 1 1 1 1 1 1 1 1 1 1 1 1 1 1 1 1 1 1 1 1 1 1 1 1 1 1 1 1 1 1 1 1 1 1 1 1 1 1 1 1 1 1 1 1 1 1 1 1
1 1 1 1 1 1 1 1 1 1 1 1 1 1 1 1 1 1 1 1 1 1 1 1 1 1 1 1 1 1 1 1 1 1 1 1 1 1 1 1 1 1 1 1 1 1 1 1 1 1 1 1 1 1 1 1 1 1 1 1 1 1 1 1 1 1 1 1 1 1 1 1 1 1 1 1 1 1 1 1 1 1 1 1 1 1 1 1 1 1 1 1 1 1 1 1 1 1 1 1
1 1 1 1 1 1 1 1 1 1 1 1 1 1 1 1 1 1 1 1 1 1 1 1 1 1 1 1 1 1 1 1 1 1 1 1 1 1 1 1 1 1 1 1 1 1 1 1 1 1 1 1 1 1 1 1 1 1 1 1 1 1 1 1 1 1 1 1 1 1 1 1 1 1 1 1 1 1 1 1 1 1 1 1 1 1 1 1 1 1 1 1 1 1 1 1 1 1 1 1
1 1 1 1 1 1 1 1 1 1 1 1 1 1 1 1 1 1 1 1 1 1 1 1 1 1 1 1 1 1 1 1 1 1 1 1 1 1 1 1 1 1 1 1 1 1 1 1 1 1 1 1 1 1 1 1 1 1 1 1 1 1 1 1 1 1 1 1 1 1 1 1 1 1 1 1 1 1 1 1 1 1 1 1 1 1 1 1 1 1 1 1 1 1 1 1 1 1 1 1
1 1 1 1 1 1 1 1 1 1 1 1 1 1 1 1 1 1 1 1 1 1 1 1 1 1 1 1 1 1 1 1 1 1 1 1 1 1 1 1 1 1 1 1 1 1 1 1 1 1 1 1 1 1 1 1 1 1 1 1 1 1 1 1 1 1 1 1 1 1 1 1 1 1 1 1 1 1 1 1 1 1 1 1 1 1 1 1 1 1 1 1 1 1 1 1 1 1 1 1
1 1 1 1 1 1 1 1 1 1 1 1 1 1 1 1 1 1 1 1 1 1 1 1 1 1 1 1 1 1 1 1 1 1 1 1 1 1 1 1 1 1 1 1 1 1 1 1 1 1 1 1 1 1 1 1 1 1 1 1 1 1 1 1 1 1 1 1 1 1 1 1 1 1 1 1 1 1 1 1 1 1 1 1 1 1 1 1 1 1 1 1 1 1 1 1 1 1 1 1
1 1 1 1 1 1 1 1 1 1 1 1 1 1 1 1 1 1 1 1 1 1 1 1 1 1 1 1 1 1 1 1 1 1 1 1 1 1 1 1 1 1 1 1 1 1 1 1 1 1 1 1 1 1 1 1 1 1 1 1 1 1 1 1 1 1 1 1 1 1 1 1 1 1 1 1 1 1 1 1 1 1 1 1 1 1 1 1 1 1 1 1 1 1 1 1 1 1 1 1
1 1 1 1 1 1 1 1 1 1 1 1 1 1 1 1 1 1 1 1 1 1 1 1 1 1 1 1 1 1 1 1 1 1 1 1 1 1 1 1 1 1 1 1 1 1 1 1 1 1 1 1 1 1 1 1 1 1 1 1 1 1 1 1 1 1 1 1 1 1 1 1 1 1 1 1 1 1 1 1 1 1 1 1 1 1 1 1 1 1 1 1 1 1 1 1 1 1 1 1
1 1 1 1 1 1 1 1 1 1 1 1 1 1 1 1 1 1 1 1 1 1 1 1 1 1 1 1 1 1 1 1 1 1 1 1 1 1 1 1 1 1 1 1 1 1 1 1 1 1 1 1 1 1 1 1 1 1 1 1 1 1 1 1 1 1 1 1 1 1 1 1 1 1 1 1 1 1 1 1 1 1 1 1 1 1 1 1 1 1 1 1 1 1 1 1 1 1 1 1
1 1 1 1 1 1 1 1 1 1 1 1 1 1 1 1 1 1 1 1 1 1 1 1 1 1 1 1 1 1 1 1 1 1 1 1 1 1 1 1 1 1 1 1 1 1 1 1 1 1 1 1 1 1 1 1 1 1 1 1 1 1 1 1 1 1 1 1 1 1 1 1 1 1 1 1 1 1 1 1 1 1 1 1 1 1 1 1 1 1 1 1 1 1 1 1 1 1 1 1
1 1 1 1 1 1 1 1 1 1 1 1 1 1 1 1 1 1 1 1 1 1 1 1 1 1 1 1 1 1 1 1 1 1 1 1 1 1 1 1 1 1 1 1 1 1 1 1 1 1 1 1 1 1 1 1 1 1 1 1 1 1 1 1 1 1 1 1 1 1 1 1 1 1 1 1 1 1 1 1 1 1 1 1 1 1 1 1 1 1 1 1 1 1 1 1 1 1 1 1
1 1 1 1 1 1 1 1 1 1 1 1 1 1 1 1 1 1 1 1 1 1 1 1 1 1 1 1 1 1 1 1 1 1 1 1 1 1 1 1 1 1 1 1 1 1 1 1 1 1 1 1 1 1 1 1 1 1 1 1 1 1 1 1 1 1 1 1 1 1 1 1 1 1 1 1 1 1 1 1 1 1 1 1 1 1 1 1 1 1 1 1 1 1 1 1 1 1 1 1
1 1 1 1 1 1 1 1 1 1 1 1 1 1 1 1 1 1 1 1 1 1 1 1 1 1 1 1 1 1 1 1 1 1 1 1 1 1 1 1 1 1 1 1 1 1 1 1 1 1 1 1 1 1 1 1 1 1 1 1 1 1 1 1 1 1 1 1 1 1 1 1 1 1 1 1 1 1 1 1 1 1 1 1 1 1 1 1 1 1 1 1 1 1 1 1 1 1 1 1
1 1 1 1 1 1 1 1 1 1 1 1 1 1 1 1 1 1 1 1 1 1 1 1 1 1 1 1 1 1 1 1 1 1 1 1 1 1 1 1 1 1 1 1 1 1 1 1 1 1 1 1 1 1 1 1 1 1 1 1 1 1 1 1 1 1 1 1 1 1 1 1 1 1 1 1 1 1 1 1 1 1 1 1 1 1 1 1 1 1 1 1 1 1 1 1 1 1 1 1
1 1 1 1 1 1 1 1 1 1 1 1 1 1 1 1 1 1 1 1 1 1 1 1 1 1 1 1 1 1 1 1 1 1 1 1 1 1 1 1 1 1 1 1 1 1 1 1 1 1 1 1 1 1 1 1 1 1 1 1 1 1 1 1 1 1 1 1 1 1 1 1 1 1 1 1 1 1 1 1 1 1 1 1 1 1 1 1 1 1 1 1 1 1 1 1 1 1 1 1
1 1 1 1 1 1 1 1 1 1 1 1 1 1 1 1 1 1 1 1 1 1 1 1 1 1 1 1 1 1 1 1 1 1 1 1 1 1 1 1 1 1 1 1 1 1 1 1 1 1 1 1 1 1 1 1 1 1 1 1 1 1 1 1 1 1 1 1 1 1 1 1 1 1 1 1 1 1 1 1 1 1 1 1 1 1 1 1 1 1 1 1 1 1 1 1 1 1 1 1
1 1 1 1 1 1 1 1 1 1 1 1 1 1 1 1 1 1 1 1 1 1 1 1 1 1 1 1 1 1 1 1 1 1 1 1 1 1 1 1 1 1 1 1 1 1 1 1 1 1 1 1 1 1 1 1 1 1 1 1 1 1 1 1 1 1 1 1 1 1 1 1 1 1 1 1 1 1 1 1 1 1 1 1 1 1 1 1 1 1 1 1 1 1 1 1 1 1 1 1
1 1 1 1 1 1 1 1 1 1 1 1 1 1 1 1 1 1 1 1 1 1 1 1 1 1 1 1 1 1 1 1 1 1 1 1 1 1 1 1 1 1 1 1 1 1 1 1 1 1 1 1 1 1 1 1 1 1 1 1 1 1 1 1 1 1 1 1 1 1 1 1 1 1 1 1 1 1 1 1 1 1 1 1 1 1 1 1 1 1 1 1 1 1 1 1 1 1 1 1
1 1 1 1 1 1 1 1 1 1 1 1 1 1 1 1 1 1 1 1 1 1 1 1 1 1 1 1 1 1 1 1 1 1 1 1 1 1 1 1 1 1 1 1 1 1 1 1 1 1 1 1 1 1 1 1 1 1 1 1 1 1 1 1 1 1 1 1 1 1 1 1 1 1 1 1 1 1 1 1 1 1 1 1 1 1 1 1 1 1 1 1 1 1 1 1 1 1 1 1
1 1 1 1 1 1 1 1 1 1 1 1 1 1 1 1 1 1 1 1 1 1 1 1 1 1 1 1 1 1 1 1 1 1 1 1 1 1 1 1 1 1 1 1 1 1 1 1 1 1 1 1 1 1 1 1 1 1 1 1 1 1 1 1 1 1 1 1 1 1 1 1 1 1 1 1 1 1 1 1 1 1 1 1 1 1 1 1 1 1 1 1 1 1 1 1 1 1 1 1
1 1 1 1 1 1 1 1 1 1 1 1 1 1 1 1 1 1 1 1 1 1 1 1 1 1 1 1 1 1 1 1 1 1 1 1 1 1 1 1 1 1 1 1 1 1 1 1 1 1 1 1 1 1 1 1 1 1 1 1 1 1 1 1 1 1 1 1 1 1 1 1 1 1 1 1 1 1 1 1 1 1 1 1 1 1 1 1 1 1 1 1 1 1 1 1 1 1 1 1
1 1 1 1 1 1 1 1 1 1 1 1 1 1 1 1 1 1 1 1 1 1 1 1 1 1 1 1 1 1 1 1 1 1 1 1 1 1 1 1 1 1 1 1 1 1 1 1 1 1 1 1 1 1 1 1 1 1 1 1 1 1 1 1 1 1 1 1 1 1 1 1 1 1 1 1 1 1 1 1 1 1 1 1 1 1 1 1 1 1 1 1 1 1 1 1 1 1 1 1
1 1 1 1 1 1 1 1 1 1 1 1 1 1 1 1 1 1 1 1 1 1 1 1 1 1 1 1 1 1 1 1 1 1 1 1 1 1 1 1 1 1 1 1 1 1 1 1 1 1 1 1 1 1 1 1 1 1 1 1 1 1 1 1 1 1 1 1 1 1 1 1 1 1 1 1 1 1 1 1 1 1 1 1 1 1 1 1 1 1 1 1 1 1 1 1 1 1 1 1
1 1 1 1 1 1 1 1 1 1 1 1 1 1 1 1 1 1 1 1 1 1 1 1 1 1 1 1 1 1 1 1 1 1 1 1 1 1 1 1 1 1 1 1 1 1 1 1 1 1 1 1 1 1 1 1 1 1 1 1 1 1 1 1 1 1 1 1 1 1 1 1 1 1 1 1 1 1 1 1 1 1 1 1 1 1 1 1 1 1 1 1 1 1 1 1 1 1 1 1
1 1 1 1 1 1 1 1 1 1 1 1 1 1 1 1 1 1 1 1 1 1 1 1 1 1 1 1 1 1 1 1 1 1 1 1 1 1 1 1 1 1 1 1 1 1 1 1 1 1 1 1 1 1 1 1 1 1 1 1 1 1 1 1 1 1 1 1 1 1 1 1 1 1 1 1 1 1 1 1 1 1 1 1 1 1 1 1 1 1 1 1 1 1 1 1 1 1 1 1
1 1 1 1 1 1 1 1 1 1 1 1 1 1 1 1 1 1 1 1 1 1 1 1 1 1 1 1 1 1 1 1 1 1 1 1 1 1 1 1 1 1 1 1 1 1 1 1 1 1 1 1 1 1 1 1 1 1 1 1 1 1 1 1 1 1 1 1 1 1 1 1 1 1 1 1 1 1 1 1 1 1 1 1 1 1 1 1 1 1 1 1 1 1 1 1 1 1 1 1
1 1 1 1 1 1 1 1 1 1 1 1 1 1 1 1 1 1 1 1 1 1 1 1 1 1 1 1 1 1 1 1 1 1 1 1 1 1 1 1 1 1 1 1 1 1 1 1 1 1 1 1 1 1 1 1 1 1 1 1 1 1 1 1 1 1 1 1 1 1 1 1 1 1 1 1 1 1 1 1 1 1 1 1 1 1 1 1 1 1 1 1 1 1 1 1 1 1 1 1
1 1 1 1 1 1 1 1 1 1 1 1 1 1 1 1 1 1 1 1 1 1 1 1 1 1 1 1 1 1 1 1 1 1 1 1 1 1 1 1 1 1 1 1 1 1 1 1 1 1 1 1 1 1 1 1 1 1 1 1 1 1 1 1 1 1 1 1 1 1 1 1 1 1 1 1 1 1 1 1 1 1 1 1 1 1 1 1 1 1 1 1 1 1 1 1 1 1 1 1
1 1 1 1 1 1 1 1 1 1 1 1 1 1 1 1 1 1 1 1 1 1 1 1 1 1 1 1 1 1 1 1 1 1 1 1 1 1 1 1 1 1 1 1 1 1 1 1 1 1 1 1 1 1 1 1 1 1 1 1 1 1 1 1 1 1 1 1 1 1 1 1 1 1 1 1 1 1 1 1 1 1 1 1 1 1 1 1 1 1 1 1 1 1 1 1 1 1 1 1
1 1 1 1 1 1 1 1 1 1 1 1 1 1 1 1 1 1 1 1 1 1 1 1 1 1 1 1 1 1 1 1 1 1 1 1 1 1 1 1 1 1 1 1 1 1 1 1 1 1 1 1 1 1 1 1 1 1 1 1 1 1 1 1 1 1 1 1 1 1 1 1 1 1 1 1 1 1 1 1 1 1 1 1 1 1 1 1 1 1 1 1 1 1 1 1 1 1 1 1
1 1 1 1 1 1 1 1 1 1 1 1 1 1 1 1 1 1 1 1 1 1 1 1 1 1 1 1 1 1 1 1 1 1 1 1 1 1 1 1 1 1 1 1 1 1 1 1 1 1 1 1 1 1 1 1 1 1 1 1 1 1 1 1 1 1 1 1 1 1 1 1 1 1 1 1 1 1 1 1 1 1 1 1 1 1 1 1 1 1 1 1 1 1 1 1 1 1 1 1
1 1 1 1 1 1 1 1 1 1 1 1 1 1 1 1 1 1 1 1 1 1 1 1 1 1 1 1 1 1 1 1 1 1 1 1 1 1 1 1 1 1 1 1 1 1 1 1 1 1 1 1 1 1 1 1 1 1 1 1 1 1 1 1 1 1 1 1 1 1 1 1 1 1 1 1 1 1 1 1 1 1 1 1 1 1 1 1 1 1 1 1 1 1 1 1 1 1 1 1
1 1 1 1 1 1 1 1 1 1 1 1 1 1 1 1 1 1 1 1 1 1 1 1 1 1 1 1 1 1 1 1 1 1 1 1 1 1 1 1 1 1 1 1 1 1 1 1 1 1 1 1 1 1 1 1 1 1 1 1 1 1 1 1 1 1 1 1 1 1 1 1 1 1 1 1 1 1 1 1 1 1 1 1 1 1 1 1 1 1 1 1 1 1 1 1 1 1 1 1
1 1 1 1 1 1 1 1 1 1 1 1 1 1 1 1 1 1 1 1 1 1 1 1 1 1 1 1 1 1 1 1 1 1 1 1 1 1 1 1 1 1 1 1 1 1 1 1 1 1 1 1 1 1 1 1 1 1 1 1 1 1 1 1 1 1 1 1 1 1 1 1 1 1 1 1 1 1 1 1 1 1 1 1 1 1 1 1 1 1 1 1 1 1 1 1 1 1 1 1
1 1 1 1 1 1 1 1 1 1 1 1 1 1 1 1 1 1 1 1 1 1 1 1 1 1 1 1 1 1 1 1 1 1 1 1 1 1 1 1 1 1 1 1 1 1 1 1 1 1 1 1 1 1 1 1 1 1 1 1 1 1 1 1 1 1 1 1 1 1 1 1 1 1 1 1 1 1 1 1 1 1 1 1 1 1 1 1 1 1 1 1 1 1 1 1 1 1 1 1
1 1 1 1 1 1 1 1 1 1 1 1 1 1 1 1 1 1 1 1 1 1 1 1 1 1 1 1 1 1 1 1 1 1 1 1 1 1 1 1 1 1 1 1 1 1 1 1 1 1 1 1 1 1 1 1 1 1 1 1 1 1 1 1 1 1 1 1 1 1 1 1 1 1 1 1 1 1 1 1 1 1 1 1 1 1 1 1 1 1 1 1 1 1 1 1 1 1 1 1
1 1 1 1 1 1 1 1 1 1 1 1 1 1 1 1 1 1 1 1 1 1 1 1 1 1 1 1 1 1 1 1 1 1 1 1 1 1 1 1 1 1 1 1 1 1 1 1 1 1 1 1 1 1 1 1 1 1 1 1 1 1 1 1 1 1 1 1 1 1 1 1 1 1 1 1 1 1 1 1 1 1 1 1 1 1 1 1 1 1 1 1 1 1 1 1 1 1 1 1
1 1 1 1 1 1 1 1 1 1 1 1 1 1 1 1 1 1 1 1 1 1 1 1 1 1 1 1 1 1 1 1 1 1 1 1 1 1 1 1 1 1 1 1 1 1 1 1 1 1 1 1 1 1 1 1 1 1 1 1 1 1 1 1 1 1 1 1 1 1 1 1 1 1 1 1 1 1 1 1 1 1 1 1 1 1 1 1 1 1 1 1 1 1 1 1 1 1 1 1
1 1 1 1 1 1 1 1 1 1 1 1 1 1 1 1 1 1 1 1 1 1 1 1 1 1 1 1 1 1 1 1 1 1 1 1 1 1 1 1 1 1 1 1 1 1 1 1 1 1 1 1 1 1 1 1 1 1 1 1 1 1 1 1 1 1 1 1 1 1 1 1 1 1 1 1 1 1 1 1 1 1 1 1 1 1 1 1 1 1 1 1 1 1 1 1 1 1 1 1
1 1 1 1 1 1 1 1 1 1 1 1 1 1 1 1 1 1 1 1 1 1 1 1 1 1 1 1 1 1 1 1 1 1 1 1 1 1 1 1 1 1 1 1 1 1 1 1 1 1 1 1 1 1 1 1 1 1 1 1 1 1 1 1 1 1 1 1 1 1 1 1 1 1 1 1 1 1 1 1 1 1 1 1 1 1 1 1 1 1 1 1 1 1 1 1 1 1 1 1
1 1 1 1 1 1 1 1 1 1 1 1 1 1 1 1 1 1 1 1 1 1 1 1 1 1 1 1 1 1 1 1 1 1 1 1 1 1 1 1 1 1 1 1 1 1 1 1 1 1 1 1 1 1 1 1 1 1 1 1 1 1 1 1 1 1 1 1 1 1 1 1 1 1 1 1 1 1 1 1 1 1 1 1 1 1 1 1 1 1 1 1 1 1 1 1 1 1 1 1
1 1 1 1 1 1 1 1 1 1 1 1 1 1 1 1 1 1 1 1 1 1 1 1 1 1 1 1 1 1 1 1 1 1 1 1 1 1 1 1 1 1 1 1 1 1 1 1 1 1 1 1 1 1 1 1 1 1 1 1 1 1 1 1 1 1 1 1 1 1 1 1 1 1 1 1 1 1 1 1 1 1 1 1 1 1 1 1 1 1 1 1 1 1 1 1 1 1 1 1
1 1 1 1 1 1 1 1 1 1 1 1 1 1 1 1 1 1 1 1 1 1 1 1 1 1 1 1 1 1 1 1 1 1 1 1 1 1 1 1 1 1 1 1 1 1 1 1 1 1 1 1 1 1 1 1 1 1 1 1 1 1 1 1 1 1 1 1 1 1 1 1 1 1 1 1 1 1 1 1 1 1 1 1 1 1 1 1 1 1 1 1 1 1 1 1 1 1 1 1
1 1 1 1 1 1 1 1 1 1 1 1 1 1 1 1 1 1 1 1 1 1 1 1 1 1 1 1 1 1 1 1 1 1 1 1 1 1 1 1 1 1 1 1 1 1 1 1 1 1 1 1 1 1 1 1 1 1 1 1 1 1 1 1 1 1 1 1 1 1 1 1 1 1 1 1 1 1 1 1 1 1 1 1 1 1 1 1 1 1 1 1 1 1 1 1 1 1 1 1
1 1 1 1 1 1 1 1 1 1 1 1 1 1 1 1 1 1 1 1 1 1 1 1 1 1 1 1 1 1 1 1 1 1 1 1 1 1 1 1 1 1 1 1 1 1 1 1 1 1 1 1 1 1 1 1 1 1 1 1 1 1 1 1 1 1 1 1 1 1 1 1 1 1 1 1 1 1 1 1 1 1 1 1 1 1 1 1 1 1 1 1 1 1 1 1 1 1 1 1
1 1 1 1 1 1 1 1 1 1 1 1 1 1 1 1 1 1 1 1 1 1 1 1 1 1 1 1 1 1 1 1 1 1 1 1 1 1 1 1 1 1 1 1 1 1 1 1 1 1 1 1 1 1 1 1 1 1 1 1 1 1 1 1 1 1 1 1 1 1 1 1 1 1 1 1 1 1 1 1 1 1 1 1 1 1 1 1 1 1 1 1 1 1 1 1 1 1 1 1
1 1 1 1 1 1 1 1 1 1 1 1 1 1 1 1 1 1 1 1 1 1 1 1 1 1 1 1 1 1 1 1 1 1 1 1 1 1 1 1 1 1 1 1 1 1 1 1 1 1 1 1 1 1 1 1 1 1 1 1 1 1 1 1 1 1 1 1 1 1 1 1 1 1 1 1 1 1 1 1 1 1 1 1 1 1 1 1 1 1 1 1 1 1 1 1 1 1 1 1
1 1 1 1 1 1 1 1 1 1 1 1 1 1 1 1 1 1 1 1 1 1 1 1 1 1 1 1 1 1 1 1 1 1 1 1 1 1 1 1 1 1 1 1 1 1 1 1 1 1 1 1 1 1 1 1 1 1 1 1 1 1 1 1 1 1 1 1 1 1 1 1 1 1 1 1 1 1 1 1 1 1 1 1 1 1 1 1 1 1 1 1 1 1 1 1 1 1 1 1
1 1 1 1 1 1 1 1 1 1 1 1 1 1 1 1 1 1 1 1 1 1 1 1 1 1 1 1 1 1 1 1 1 1 1 1 1 1 1 1 1 1 1 1 1 1 1 1 1 1 1 1 1 1 1 1 1 1 1 1 1 1 1 1 1 1 1 1 1 1 1 1 1 1 1 1 1 1 1 1 1 1 1 1 1 1 1 1 1 1 1 1 1 1 1 1 1 1 1 1
1 1 1 1 1 1 1 1 1 1 1 1 1 1 1 1 1 1 1 1 1 1 1 1 1 1 1 1 1 1 1 1 1 1 1 1 1 1 1 1 1 1 1 1 1 1 1 1 1 1 1 1 1 1 1 1 1 1 1 1 1 1 1 1 1 1 1 1 1 1 1 1 1 1 1 1 1 1 1 1 1 1 1 1 1 1 1 1 1 1 1 1 1 1 1 1 1 1 1 1
1 1 1 1 1 1 1 1 1 1 1 1 1 1 1 1 1 1 1 1 1 1 1 1 1 1 1 1 1 1 1 1 1 1 1 1 1 1 1 1 1 1 1 1 1 1 1 1 1 1 1 1 1 1 1 1 1 1 1 1 1 1 1 1 1 1 1 1 1 1 1 1 1 1 1 1 1 1 1 1 1 1 1 1 1 1 1 1 1 1 1 1 1 1 1 1 1 1 1 1
1 1 1 1 1 1 1 1 1 1 1 1 1 1 1 1 1 1 1 1 1 1 1 1 1 1 1 1 1 1 1 1 1 1 1 1 1 1 1 1 1 1 1 1 1 1 1 1 1 1 1 1 1 1 1 1 1 1 1 1 1 1 1 1 1 1 1 1 1 1 1 1 1 1 1 1 1 1 1 1 1 1 1 1 1 1 1 1 1 1 1 1 1 1 1 1 1 1 1 1
1 1 1 1 1 1 1 1 1 1 1 1 1 1 1 1 1 1 1 1 1 1 1 1 1 1 1 1 1 1 1 1 1 1 1 1 1 1 1 1 1 1 1 1 1 1 1 1 1 1 1 1 1 1 1 1 1 1 1 1 1 1 1 1 1 1 1 1 1 1 1 1 1 1 1 1 1 1 1 1 1 1 1 1 1 1 1 1 1 1 1 1 1 1 1 1 1 1 1 1
1 1 1 1 1 1 1 1 1 1 1 1 1 1 1 1 1 1 1 1 1 1 1 1 1 1 1 1 1 1 1 1 1 1 1 1 1 1 1 1 1 1 1 1 1 1 1 1 1 1 1 1 1 1 1 1 1 1 1 1 1 1 1 1 1 1 1 1 1 1 1 1 1 1 1 1 1 1 1 1 1 1 1 1 1 1 1 1 1 1 1 1 1 1 1 1 1 1 1 1
1 1 1 1 1 1 1 1 1 1 1 1 1 1 1 1 1 1 1 1 1 1 1 1 1 1 1 1 1 1 1 1 1 1 1 1 1 1 1 1 1 1 1 1 1 1 1 1 1 1 1 1 1 1 1 1 1 1 1 1 1 1 1 1 1 1 1 1 1 1 1 1 1 1 1 1 1 1 1 1 1 1 1 1 1 1 1 1 1 1 1 1 1 1 1 1 1 1 1 1
1 1 1 1 1 1 1 1 1 1 1 1 1 1 1 1 1 1 1 1 1 1 1 1 1 1 1 1 1 1 1 1 1 1 1 1 1 1 1 1 1 1 1 1 1 1 1 1 1 1 1 1 1 1 1 1 1 1 1 1 1 1 1 1 1 1 1 1 1 1 1 1 1 1 1 1 1 1 1 1 1 1 1 1 1 1 1 1 1 1 1 1 1 1 1 1 1 1 1 1
1 1 1 1 1 1 1 1 1 1 1 1 1 1 1 1 1 1 1 1 1 1 1 1 1 1 1 1 1 1 1 1 1 1 1 1 1 1 1 1 1 1 1 1 1 1 1 1 1 1 1 1 1 1 1 1 1 1 1 1 1 1 1 1 1 1 1 1 1 1 1 1 1 1 1 1 1 1 1 1 1 1 1 1 1 1 1 1 1 1 1 1 1 1 1 1 1 1 1 1
1 1 1 1 1 1 1 1 1 1 1 1 1 1 1 1 1 1 1 1 1 1 1 1 1 1 1 1 1 1 1 1 1 1 1 1 1 1 1 1 1 1 1 1 1 1 1 1 1 1 1 1 1 1 1 1 1 1 1 1 1 1 1 1 1 1 1 1 1 1 1 1 1 1 1 1 1 1 1 1 1 1 1 1 1 1 1 1 1 1 1 1 1 1 1 1 1 1 1 1
1 1 1 1 1 1 1 1 1 1 1 1 1 1 1 1 1 1 1 1 1 1 1 1 1 1 1 1 1 1 1 1 1 1 1 1 1 1 1 1 1 1 1 1 1 1 1 1 1 1 1 1 1 1 1 1 1 1 1 1 1 1 1 1 1 1 1 1 1 1 1 1 1 1 1 1 1 1 1 1 1 1 1 1 1 1 1 1 1 1 1 1 1 1 1 1 1 1 1 1
1 1 1 1 1 1 1 1 1 1 1 1 1 1 1 1 1 1 1 1 1 1 1 1 1 1 1 1 1 1 1 1 1 1 1 1 1 1 1 1 1 1 1 1 1 1 1 1 1 1 1 1 1 1 1 1 1 1 1 1 1 1 1 1 1 1 1 1 1 1 1 1 1 1 1 1 1 1 1 1 1 1 1 1 1 1 1 1 1 1 1 1 1 1 1 1 1 1 1 1
1 1 1 1 1 1 1 1 1 1 1 1 1 1 1 1 1 1 1 1 1 1 1 1 1 1 1 1 1 1 1 1 1 1 1 1 1 1 1 1 1 1 1 1 1 1 1 1 1 1 1 1 1 1 1 1 1 1 1 1 1 1 1 1 1 1 1 1 1 1 1 1 1 1 1 1 1 1 1 1 1 1 1 1 1 1 1 1 1 1 1 1 1 1 1 1 1 1 1 1
1 1 1 1 1 1 1 1 1 1 1 1 1 1 1 1 1 1 1 1 1 1 1 1 1 1 1 1 1 1 1 1 1 1 1 1 1 1 1 1 1 1 1 1 1 1 1 1 1 1 1 1 1 1 1 1 1 1 1 1 1 1 1 1 1 1 1 1 1 1 1 1 1 1 1 1 1 1 1 1 1 1 1 1 1 1 1 1 1 1 1 1 1 1 1 1 1 1 1 1
1 1 1 1 1 1 1 1 1 1 1 1 1 1 1 1 1 1 1 1 1 1 1 1 1 1 1 1 1 1 1 1 1 1 1 1 1 1 1 1 1 1 1 1 1 1 1 1 1 1 1 1 1 1 1 1 1 1 1 1 1 1 1 1 1 1 1 1 1 1 1 1 1 1 1 1 1 1 1 1 1 1 1 1 1 1 1 1 1 1 1 1 1 1 1 1 1 1 1 1
1 1 1 1 1 1 1 1 1 1 1 1 1 1 1 1 1 1 1 1 1 1 1 1 1 1 1 1 1 1 1 1 1 1 1 1 1 1 1 1 1 1 1 1 1 1 1 1 1 1 1 1 1 1 1 1 1 1 1 1 1 1 1 1 1 1 1 1 1 1 1 1 1 1 1 1 1 1 1 1 1 1 1 1 1 1 1 1 1 1 1 1 1 1 1 1 1 1 1 1
1 1 1 1 1 1 1 1 1 1 1 1 1 1 1 1 1 1 1 1 1 1 1 1 1 1 1 1 1 1 1 1 1 1 1 1 1 1 1 1 1 1 1 1 1 1 1 1 1 1 1 1 1 1 1 1 1 1 1 1 1 1 1 1 1 1 1 1 1 1 1 1 1 1 1 1 1 1 1 1 1 1 1 1 1 1 1 1 1 1 1 1 1 1 1 1 1 1 1 1
1 1 1 1 1 1 1 1 1 1 1 1 1 1 1 1 1 1 1 1 1 1 1 1 1 1 1 1 1 1 1 1 1 1 1 1 1 1 1 1 1 1 1 1 1 1 1 1 1 1 1 1 1 1 1 1 1 1 1 1 1 1 1 1 1 1 1 1 1 1 1 1 1 1 1 1 1 1 1 1 1 1 1 1 1 1 1 1 1 1 1 1 1 1 1 1 1 1 1 1
1 1 1 1 1 1 1 1 1 1 1 1 1 1 1 1 1 1 1 1 1 1 1 1 1 1 1 1 1 1 1 1 1 1 1 1 1 1 1 1 1 1 1 1 1 1 1 1 1 1 1 1 1 1 1 1 1 1 1 1 1 1 1 1 1 1 1 1 1 1 1 1 1 1 1 1 1 1 1 1 1 1 1 1 1 1 1 1 1 1 1 1 1 1 1 1 1 1 1 1
1 1 1 1 1 1 1 1 1 1 1 1 1 1 1 1 1 1 1 1 1 1 1 1 1 1 1 1 1 1 1 1 1 1 1 1 1 1 1 1 1 1 1 1 1 1 1 1 1 1 1 1 1 1 1 1 1 1 1 1 1 1 1 1 1 1 1 1 1 1 1 1 1 1 1 1 1 1 1 1 1 1 1 1 1 1 1 1 1 1 1 1 1 1 1 1 1 1 1 1
1 1 1 1 1 1 1 1 1 1 1 1 1 1 1 1 1 1 1 1 1 1 1 1 1 1 1 1 1 1 1 1 1 1 1 1 1 1 1 1 1 1 1 1 1 1 1 1 1 1 1 1 1 1 1 1 1 1 1 1 1 1 1 1 1 1 1 1 1 1 1 1 1 1 1 1 1 1 1 1 1 1 1 1 1 1 1 1 1 1 1 1 1 1 1 1 1 1 1 1
1 1 1 1 1 1 1 1 1 1 1 1 1 1 1 1 1 1 1 1 1 1 1 1 1 1 1 1 1 1 1 1 1 1 1 1 1 1 1 1 1 1 1 1 1 1 1 1 1 1 1 1 1 1 1 1 1 1 1 1 1 1 1 1 1 1 1 1 1 1 1 1 1 1 1 1 1 1 1 1 1 1 1 1 1 1 1 1 1 1 1 1 1 1 1 1 1 1 1 1
1 1 1 1 1 1 1 1 1 1 1 1 1 1 1 1 1 1 1 1 1 1 1 1 1 1 1 1 1 1 1 1 1 1 1 1 1 1 1 1 1 1 1 1 1 1 1 1 1 1 1 1 1 1 1 1 1 1 1 1 1 1 1 1 1 1 1 1 1 1 1 1 1 1 1 1 1 1 1 1 1 1 1 1 1 1 1 1 1 1 1 1 1 1 1 1 1 1 1 1
1 1 1 1 1 1 1 1 1 1 1 1 1 1 1 1 1 1 1 1 1 1 1 1 1 1 1 1 1 1 1 1 1 1 1 1 1 1 1 1 1 1 1 1 1 1 1 1 1 1 1 1 1 1 1 1 1 1 1 1 1 1 1 1 1 1 1 1 1 1 1 1 1 1 1 1 1 1 1 1 1 1 1 1 1 1 1 1 1 1 1 1 1 1 1 1 1 1 1 1
1 1 1 1 1 1 1 1 1 1 1 1 1 1 1 1 1 1 1 1 1 1 1 1 1 1 1 1 1 1 1 1 1 1 1 1 1 1 1 1 1 1 1 1 1 1 1 1 1 1 1 1 1 1 1 1 1 1 1 1 1 1 1 1 1 1 1 1 1 1 1 1 1 1 1 1 1 1 1 1 1 1 1 1 1 1 1 1 1 1 1 1 1 1 1 1 1 1 1 1
1 1 1 1 1 1 1 1 1 1 1 1 1 1 1 1 1 1 1 1 1 1 1 1 1 1 1 1 1 1 1 1 1 1 1 1 1 1 1 1 1 1 1 1 1 1 1 1 1 1 1 1 1 1 1 1 1 1 1 1 1 1 1 1 1 1 1 1 1 1 1 1 1 1 1 1 1 1 1 1 1 1 1 1 1 1 1 1 1 1 1 1 1 1 1 1 1 1 1 1
1 1 1 1 1 1 1 1 1 1 1 1 1 1 1 1 1 1 1 1 1 1 1 1 1 1 1 1 1 1 1 1 1 1 1 1 1 1 1 1 1 1 1 1 1 1 1 1 1 1 1 1 1 1 1 1 1 1 1 1 1 1 1 1 1 1 1 1 1 1 1 1 1 1 1 1 1 1 1 1 1 1 1 1 1 1 1 1 1 1 1 1 1 1 1 1 1 1 1 1
1 1 1 1 1 1 1 1 1 1 1 1 1 1 1 1 1 1 1 1 1 1 1 1 1 1 1 1 1 1 1 1 1 1 1 1 1 1 1 1 1 1 1 1 1 1 1 1 1 1 1 1 1 1 1 1 1 1 1 1 1 1 1 1 1 1 1 1 1 1 1 1 1 1 1 1 1 1 1 1 1 1 1 1 1 1 1 1 1 1 1 1 1 1 1 1 1 1 1 1
1 1 1 1 1 1 1 1 1 1 1 1 1 1 1 1 1 1 1 1 1 1 1 1 1 1 1 1 1 1 1 1 1 1 1 1 1 1 1 1 1 1 1 1 1 1 1 1 1 1 1 1 1 1 1 1 1 1 1 1 1 1 1 1 1 1 1 1 1 1 1 1 1 1 1 1 1 1 1 1 1 1 1 1 1 1 1 1 1 1 1 1 1 1 1 1 1 1 1 1
1 1 1 1 1 1 1 1 1 1 1 1 1 1 1 1 1 1 1 1 1 1 1 1 1 1 1 1 1 1 1 1 1 1 1 1 1 1 1 1 1 1 1 1 1 1 1 1 1 1 1 1 1 1 1 1 1 1 1 1 1 1 1 1 1 1 1 1 1 1 1 1 1 1 1 1 1 1 1 1 1 1 1 1 1 1 1 1 1 1 1 1 1 1 1 1 1 1 1 1
1 1 1 1 1 1 1 1 1 1 1 1 1 1 1 1 1 1 1 1 1 1 1 1 1 1 1 1 1 1 1 1 1 1 1 1 1 1 1 1 1 1 1 1 1 1 1 1 1 1 1 1 1 1 1 1 1 1 1 1 1 1 1 1 1 1 1 1 1 1 1 1 1 1 1 1 1 1 1 1 1 1 1 1 1 1 1 1 1 1 1 1 1 1 1 1 1 1 1 1
1 1 1 1 1 1 1 1 1 1 1 1 1 1 1 1 1 1 1 1 1 1 1 1 1 1 1 1 1 1 1 1 1 1 1 1 1 1 1 1 1 1 1 1 1 1 1 1 1 1 1 1 1 1 1 1 1 1 1 1 1 1 1 1 1 1 1 1 1 1 1 1 1 1 1 1 1 1 1 1 1 1 1 1 1 1 1 1 1 1 1 1 1 1 1 1 1 1 1 1
1 1 1 1 1 1 1 1 1 1 1 1 1 1 1 1 1 1 1 1 1 1 1 1 1 1 1 1 1 1 1 1 1 1 1 1 1 1 1 1 1 1 1 1 1 1 1 1 1 1 1 1 1 1 1 1 1 1 1 1 1 1 1 1 1 1 1 1 1 1 1 1 1 1 1 1 1 1 1 1 1 1 1 1 1 1 1 1 1 1 1 1 1 1 1 1 1 1 1 1
0 1 0 1 1 0 1 1 0 0 1 1 0 0 1 1 0 1 1 1 1 0 1 0 0 1 0 1 0 0 0 1 1 0 1 1 1 1 1 0 1 1 1 0 0 0 1 0 1 0 0 1 1 1 0 1 0 1 0 0 0 0 0 1 0 0 1 0 0 0 1 0 1 1 0 1 0 0 0 0 0 1 0 1 0 1 0 1 1 0 0 1 1 0 0 0 0 1 0 0
0 1 1 0 0 0 0 0 1 1 0 0 1 1 0 0 0 0 1 0 0 0 0 1 1 0 1 1 1 0 1 1 0 0 1 0 1 0 1 1 1 0 0 1 0 1 1 0 0 0 1 1 1 0 0 1 1 0 0 1 0 0 1 0 0 0 0 0 0 0 0 0 0 1 0 0 0 1 1 0 1 0 1 1 0 0 0 0 0 0 0 0 0 1 0 1 1 1 0 0
1 0 0 1 1 0 0 0 1 1 0 0 0 1 1 0 1 0 0 1 1 0 0 1 0 1 0 0 0 0 0 0 0 1 1 1 1 1 1 0 1 0 1 0 0 0 0 0 0 0 0 0 0 0 1 1 1 0 0 1 0 1 1 1 1 0 0 0 0 0 1 0 0 1 1 0 0 1 1 0 1 1 1 1 1 1 1 1 1 1 0 0 0 1 0 1 1 0 0 1
1 0 1 1 1 1 0 1 1 0 1 0 0 1 1 1 0 1 1 0 0 1 0 0 1 0 0 1 1 0 1 1 1 1 0 1 0 0 1 0 0 0 1 0 0 1 1 0 0 1 1 0 1 1 1 0 1 0 1 0 0 1 1 1 0 0 0 1 1 0 1 0 0 0 0 1 1 1 0 1 0 1 0 0 1 0 1 1 0 0 0 0 1 1 0 1 1 0 1 1
1 0 1 1 1 0 0 0 1 0 0 1 0 1 0 0 0 0 0 0 0 0 0 0 0 0 1 1 1 1 1 1 0 0 0 1 1 0 0 0 0 0 1 1 0 0 1 0 0 1 0 0 0 1 0 0 1 1 1 1 0 1 0 0 0 1 1 1 1 0 1 0 0 0 1 0 0 1 0 1 1 1 0 0 1 1 1 0 1 1 0 0 1 1 1 1 1 1 0 1
1 1 1 0 1 1 0 0 0 0 0 1 1 0 1 1 0 1 1 0 0 0 1 1 0 0 1 0 0 1 1 0 1 0 0 1 0 0 1 1 1 0 1 1 0 0 0 0 1 0 1 0 0 1 0 1 0 1 1 1 1 0 1 0 1 1 1 1 0 1 1 1 0 1 1 0 0 0 1 0 1 1 0 1 1 0 0 0 1 1 0 1 1 1 1 1 0 0 0 1
1 1 1 1 1 0 0 1 0 0 1 0 0 0 0 0 1 0 0 0 0 1 0 1 0 0 1 0 1 0 1 1 0 0 1 1 0 1 1 1 1 1 1 1 1 0 0 0 0 1 0 0 1 0 1 0 1 0 0 1 0 1 1 1 0 1 1 1 0 1 1 1 1 1 1 1 0 0 0 0 1 1 0 0 0 0 0 0 1 1 1 1 0 0 0 1 0 0 0 1
1 0 0 0 0 0 0 0 0 0 1 1 0 1 0 0 0 0 1 1 1 1 1 0 1 0 1 1 1 1 0 0 0 0 0 1 0 1 1 1 0 1 0 1 1 0 0 1 1 1 0 0 0 1 1 1 0 1 1 0 1 0 1 1 0 0 1 0 0 0 1 1 0 0 1 0 1 0 0 1 1 0 0 1 0 0 0 1 1 1 0 0 1 0 0 0 1 1 0 0
0 0 1 0 1 1 1 1 1 0 1 1 0 0 0 1 1 1 1 0 1 1 0 1 0 1 0 1 0 0 1 0 1 0 0 0 0 1 1 1 1 1 0 1 0 0 0 0 0 0 0 0 1 0 1 0 1 0 1 0 1 1 1 0 1 0 1 1 1 1 0 0 0 0 0 0 0 1 1 1 0 0 1 1 1 1 0 1 0 0 1 0 1 0 0 0 1 0 0 0
0 1 1 1 1 0 0 0 0 1 1 0 0 1 1 1 0 1 1 0 1 0 1 0 1 0 0 0 0 0 0 1 1 0 1 0 1 0 0 0 0 0 0 1 1 0 0 1 0 0 1 1 1 0 1 0 0 1 1 0 1 1 0 0 0 1 0 0 0 0 0 1 1 0 1 0 0 1 1 0 1 0 1 1 1 0 1 1 1 0 0 0 0 1 0 1 0 1 1 1
0 0 0 0 0 0 0 1 1 0 1 0 0 0 0 1 1 0 0 1 0 0 0 1 0 1 1 0 1 0 0 0 0 0 0 1 0 0 0 1 0 1 0 0 0 0 1 0 1 0 1 1 0 1 0 0 0 0 1 0 0 1 0 0 1 0 1 0 0 0 0 1 0 1 1 1 0 1 1 1 1 0 0 0 0 0 1 1 1 1 0 0 1 1 0 0 1 1 0 1
1 1 0 1 1 1 1 1 0 1 0 1 0 1 0 1 0 0 1 0 1 1 1 0 1 0 0 1 1 0 0 1 0 1 0 0 1 0 0 1 0 1 1 0 1 1 1 0 0 1 1 0 0 0 1 1 0 0 0 1 1 1 0 1 1 1 0 1 1 0 1 0 0 0 0 1 0 0 1 0 0 0 1 0 1 1 1 0 1 1 1 0 1 0 1 0 0 1 0 1
1 1 0 0 1 1 1 1 0 1 1 0 0 0 0 0 0 0 1 1 1 0 0 0 0 0 0 1 1 0 1 0 0 1 0 0 1 1 1 0 1 1 1 1 0 0 0 0 0 1 1 1 1 0 1 1 0 0 1 0 1 0 0 0 1 0 0 1 1 1 1 0 0 0 0 1 1 1 0 0 0 1 0 1 0 0 1 0 0 0 1 1 1 0 1 1 1 0 0 1
0 0 1 0 0 0 0 1 0 1 1 0 1 1 1 0 1 1 1 0 1 0 0 0 1 0 0 0 0 0 0 0 0 1 0 0 1 1 1 1 1 1 1 0 0 0 0 1 0 1 0 1 0 0 0 1 1 0 1 0 1 1 0 0 0 0 0 1 0 0 0 1 0 0 1 0 1 0 0 0 1 0 1 0 1 0 1 1 1 0 0 1 1 0 1 0 1 0 0 0
0 0 1 1 0 1 1 1 0 0 1 1 1 1 0 0 1 1 0 0 1 1 0 0 0 1 0 1 1 1 1 0 0 1 0 0 0 0 0 0 1 1 0 1 1 1 0 0 0 1 0 1 1 1 0 0 0 0 0 0 1 1 1 0 0 1 1 0 1 1 1 1 0 1 1 1 0 0 0 1 1 1 1 0 0 1 1 0 0 1 1 1 1 0 1 0 0 1 1 1
1 1 0 1 1 0 1 0 0 1 0 1 1 0 0 1 0 0 0 1 1 1 1 1 0 1 0 0 1 0 1 1 1 1 1 1 1 0 0 1 1 1 0 0 1 1 1 1 0 1 0 1 0 1 0 1 1 0 1 1 1 1 0 1 1 1 0 1 1 1 1 1 1 0 0 0 1 0 1 0 0 1 0 0 1 1 0 0 0 1 0 0 0 0 0 0 1 1 1 0
0 0 1 1 1 1 1 1 1 0 0 0 0 0 0 0 0 1 1 0 1 1 0 0 0 1 0 1 1 1 1 1 1 1 1 0 0 1 1 0 1 0 0 0 0 1 1 0 0 0 1 1 0 0 1 1 0 1 0 1 0 0 1 1 0 1 1 1 1 1 0 0 0 1 1 1 0 0 0 0 1 1 0 0 1 0 0 0 1 0 1 1 1 1 0 0 0 0 1 1
0 1 1 1 1 0 1 1 1 1 1 1 1 0 1 1 0 1 1 1 0 0 1 1 0 1 1 0 1 0 1 1 0 1 1 0 0 0 1 0 0 1 0 1 0 0 1 1 0 1 0 0 0 0 0 0 1 0 0 0 0 0 0 0 0 0 1 1 1 1 1 0 1 0 1 0 1 0 1 1 0 1 1 0 0 1 1 0 1 1 1 1 0 0 1 0 0 1 1 0
0 1 1 0 0 0 1 0 1 0 1 0 0 1 0 0 0 0 0 0 0 0 1 0 0 1 1 0 1 1 1 0 0 0 1 0 1 0 0 0 0 0 1 0 0 0 1 0 1 1 0 0 1 0 0 1 1 1 0 1 0 1 0 0 0 1 0 0 0 0 0 1 1 1 1 0 1 1 0 0 0 1 0 1 1 0 0 1 0 1 0 1 0 1 1 0 0 1 0 1
0 1 0 0 1 1 1 1 0 0 0 0 1 0 1 1 0 0 1 1 1 0 0 1 1 1 0 0 1 1 0 0 1 0 0 0 1 0 0 0 1 1 0 0 0 1 0 1 0 1 0 0 0 1 0 1 1 1 0 0 0 0 1 0 0 0 0 0 0 0 1 1 1 1 0 1 0 1 1 1 1 1 1 1 1 1 1 1 1 1 1 1 1 0 1 1 0 0 1 0
0 0 1 1 1 0 1 0 1 0 1 1 1 0 1 0 0 0 1 1 1 1 1 1 0 0 1 1 1 1 0 0 1 0 0 1 1 0 0 1 1 0 0 1 0 0 0 1 0 0 0 1 0 1 0 0 1 0 0 0 0 1 1 0 1 1 0 0 0 0 1 1 0 0 1 1 0 0 1 0 0 0 1 0 0 0 1 0 1 1 1 1 1 1 0 0 0 0 1 0
1 1 1 0 1 1 1 1 1 1 0 1 1 1 0 0 1 0 0 0 0 1 1 0 0 1 0 0 1 0 0 1 1 1 0 1 1 0 0 1 0 0 0 0 0 1 0 1 1 1 0 1 0 1 1 1 0 0 0 0 0 0 0 1 0 0 0 0 1 1 1 1 0 1 0 0 0 1 1 0 1 1 0 0 0 1 0 1 0 1 0 0 1 0 0 1 1 0 1 0
1 0 1 1 0 1 1 1 0 1 0 0 0 1 1 0 0 0 1 0 0 1 1 1 0 0 1 0 0 0 1 1 0 0 1 0 0 1 0 1 1 1 1 0 0 0 0 1 1 0 0 0 0 0 0 0 1 0 1 0 0 1 1 1 0 1 0 0 0 1 0 1 1 1 1 1 1 1 0 0 1 1 0 0 0 1 0 1 0 1 1 1 0 0 0 0 0 0 1 0
0 1 1 0 0 1 1 0 0 1 1 0 0 0 0 1 0 1 0 1 1 1 0 0 1 1 1 0 0 0 1 1 0 1 0 0 1 0 1 1 1 1 1 0 1 1 0 0 0 1 1 1 0 1 0 0 1 0 0 1 1 0 0 1 1 1 1 1 1 1 0 1 0 1 1 1 0 1 1 1 0 0 0 1 1 1 0 1 1 0 0 1 0 0 1 1 1 1 0 1
0 0 0 1 1 0 0 1 0 1 0 0 1 0 0 1 0 1 1 1 0 0 1 1 0 1 0 1 1 1 0 0 0 1 0 0 1 1 0 1 0 0 1 0 1 1 0 1 1 1 1 1 0 1 1 0 1 1 1 0 0 0 1 0 0 1 0 0 1 1 0 1 0 0 0 0 1 0 0 1 0 1 1 1 1 0 1 1 1 0 0 1 0 0 1 0 0 1 0 0
1 1 1 1 1 0 0 0 0 1 0 0 1 0 1 0 0 1 0 1 0 1 0 0 0 1 0 1 1 1 0 0 0 1 0 1 0 0 1 1 0 0 1 1 1 1 0 0 0 0 0 1 0 1 0 0 0 1 1 1 1 0 1 0 0 1 1 1 0 1 0 1 0 1 1 1 0 1 0 0 0 1 0 0 1 0 1 0 1 1 1 1 0 1 1 1 1 0 0 0
0 1 1 1 1 0 1 1 1 1 0 0 1 1 1 1 1 0 1 0 0 0 0 0 1 1 0 0 0 1 1 0 0 1 0 0 0 1 1 0 1 0 1 1 0 1 0 1 1 1 1 0 1 1 1 0 0 0 1 0 0 1 1 1 0 0 1 0 1 0 1 0 1 1 1 1 0 0 0 0 1 0 1 1 0 0 0 1 0 0 1 1 0 0 1 1 0 0 1 1
1 1 0 1 1 1 1 0 0 1 1 1 1 0 1 0 1 0 1 0 0 1 1 0 1 0 0 1 1 0 1 1 1 1 1 1 1 0 0 1 0 0 1 1 0 0 1 0 0 0 0 0 0 0 1 1 1 0 0 1 1 1 1 1 0 0 0 1 1 0 1 0 1 0 0 0 0 0 0 0 1 0 0 1 0 1 0 0 1 0 0 1 1 1 1 1 1 1 1 1
0 1 1 0 1 1 0 1 0 1 1 1 0 0 1 0 0 1 1 1 0 1 1 1 0 0 1 1 0 1 1 0 1 1 0 0 1 0 0 0 1 0 0 1 1 1 1 0 0 1 0 1 0 1 0 1 1 1 1 0 0 1 1 1 0 1 0 1 0 0 1 1 1 0 1 1 1 0 0 0 0 0 0 1 0 0 1 0 1 0 0 1 0 0 0 1 0 0 0 1
0 1 0 1 0 1 0 1 1 0 1 0 0 0 0 1 1 1 1 0 1 1 0 1 1 1 0 1 0 0 1 0 0 1 0 0 1 1 0 0 0 0 1 0 0 1 0 1 0 0 0 1 0 1 0 1 0 0 1 1 1 0 0 1 0 1 1 1 1 0 0 1 0 1 0 0 1 1 0 1 0 1 1 0 0 1 1 1 1 1 0 1 0 1 1 0 1 0 1 0
0 0 0 0 0 0 0 0 1 0 1 0 1 0 1 0 1 1 0 0 0 0 1 0 1 1 0 1 1 1 1 0 0 0 0 1 0 1 1 0 0 0 1 0 1 1 0 0 0 1 0 0 0 0 1 0 0 1 0 1 1 1 1 1 0 1 1 1 1 0 1 0 0 1 0 0 0 1 1 0 1 1 0 0 1 0 0 0 1 1 0 0 1 0 0 1 0 0 1 1
1 0 0 1 0 0 1 0 1 0 0 1 0 1 0 0 1 1 1 0 0 1 0 1 1 0 0 1 0 0 1 1 0 0 1 0 1 0 0 1 0 0 1 0 0 1 0 1 0 1 1 0 0 0 1 0 0 0 0 0 1 1 1 1 0 1 1 0 1 0 0 1 0 0 1 0 1 1 0 0 0 1 0 1 0 0 0 0 0 1 1 1 1 1 0 1 1 0 0 0
0 0 0 0 1 1 1 1 0 1 0 0 1 0 0 1 1 0 1 0 0 1 0 0 0 1 0 1 1 0 0 1 1 0 1 1 0 1 1 0 0 1 0 1 0 0 0 1 1 0 0 1 1 1 0 0 0 1 1 1 1 1 0 1 1 0 0 1 1 0 1 1 1 0 0 1 0 0 1 1 0 0 0 1 0 0 0 0 1 0 0 0 1 1 0 0 0 1 0 1
0 1 1 0 0 0 0 1 0 0 1 1 0 0 1 0 1 1 1 1 1 1 1 1 0 1 1 0 0 0 1 0 0 1 1 0 1 0 0 0 1 0 1 0 1 1 0 1 0 1 1 0 0 1 1 0 0 1 0 0 1 1 0 0 0 0 0 1 0 1 0 0 1 1 1 1 0 0 1 0 1 1 1 1 0 1 1 1 0 1 0 1 1 0 1 1 0 0 0 1
1 1 1 0 1 0 1 0 1 0 0 0 0 0 0 0 1 0 0 0 1 1 0 0 1 0 1 1 0 0 1 1 0 1 0 1 0 0 1 0 0 1 1 0 1 0 0 0 1 0 1 0 0 1 0 0 0 1 1 0 1 0 0 1 1 0 0 0 0 1 0 0 0 1 1 0 0 1 0 0 1 1 0 1 0 1 0 1 0 0 1 1 1 0 0 0 0 1 1 0
1 0 0 0 1 0 0 1 1 1 0 0 1 0 1 0 0 0 1 0 0 1 0 0 0 0 0 0 0 0 1 1 1 1 1 1 0 1 0 1 1 0 1 0 1 0 1 1 0 1 0 1 0 1 1 1 1 1 0 1 1 1 0 0 0 0 0 0 0 0 1 0 0 1 0 0 1 1 0 0 1 1 0 1 1 1 0 1 0 1 0 0 0 1 1 0 1 0 0 0
1 1 0 0 0 0 1 0 0 0 0 0 1 1 1 0 1 0 1 0 1 0 0 1 0 0 0 0 1 1 0 1 0 1 0 0 1 1 1 1 1 0 0 0 1 1 1 0 0 1 1 0 0 0 1 1 0 0 0 0 0 0 1 0 0 0 1 1 0 1 1 1 0 0 1 1 0 0 1 1 1 1 1 1 0 1 1 1 0 1 0 1 1 1 0 0 1 1 0 0
1 0 0 0 0 1 1 0 1 0 0 1 1 0 1 1 1 0 0 0 0 0 1 0 0 1 0 1 1 1 0 0 0 0 0 0 1 1 0 1 0 0 1 1 0 0 0 0 0 0 1 1 0 1 0 1 1 1 0 1 1 0 0 0 1 1 1 0 0 1 1 1 1 0 1 0 0 0 1 0 0 0 1 0 0 1 0 0 1 1 1 1 1 0 0 1 1 0 1 1
1 1 1 0 0 1 0 0 0 1 1 0 1 1 0 1 1 0 0 0 1 0 0 1 0 1 1 0 1 1 0 0 1 1 0 0 1 0 0 1 1 1 1 1 0 0 0 1 1 0 0 1 0 1 0 1 0 0 1 1 1 1 1 0 0 0 0 0 1 0 0 0 1 0 1 0 1 1 1 1 1 1 0 1 1 0 0 0 1 1 0 1 0 0 1 1 0 0 1 0
1 1 1 0 1 0 0 1 0 1 1 0 1 1 0 1 1 0 1 0 0 0 1 0 1 1 0 0 0 0 0 0 0 0 0 0 0 0 1 1 0 1 1 0 0 0 0 0 0 0 1 1 0 0 1 0 1 1 0 1 0 1 1 0 1 1 0 1 1 1 1 1 1 0 1 1 1 1 1 0 1 1 1 0 1 1 0 0 1 1 1 1 1 0 0 0 1 0 1 1
0 1 0 0 1 0 1 0 1 0 0 1 0 1 1 1 0 0 1 1 0 1 0 0 0 0 0 1 0 1 0 1 1 1 0 0 0 1 1 1 1 1 0 0 1 1 1 0 1 0 0 0 1 0 0 0 1 1 0 0 1 1 1 1 1 1 1 0 0 1 1 0 0 0 0 0 1 0 0 1 1 1 1 1 0 0 1 0 1 1 0 1 0 0 1 1 0 1 1 1
0 1 0 1 0 0 0 1 1 0 0 0 0 1 0 1 1 0 1 1 1 1 1 1 0 0 1 0 0 0 0 1 0 1 0 0 1 1 0 0 1 0 1 0 1 0 0 0 1 1 1 1 0 1 1 0 0 1 0 0 0 1 0 1 1 0 0 1 1 0 1 1 0 1 0 0 0 1 1 0 0 1 0 1 0 1 1 0 0 0 0 1 0 0 1 1 1 0 0 1
0 1 0 1 1 1 0 1 1 1 1 1 1 1 1 0 0 0 1 0 0 0 0 0 1 1 0 0 0 1 0 0 0 1 1 1 0 0 1 0 1 1 0 0 0 0 0 1 1 1 1 0 1 0 1 0 0 1 1 0 0 0 0 1 1 0 1 1 1 0 0 1 0 1 0 1 0 0 0 1 1 0 1 0 1 1 0 0 0 1 1 1 0 0 1 0 0 1 0 1
0 1 1 1 0 0 0 0 0 1 1 0 0 1 0 1 1 0 0 1 0 0 0 0 0 1 0 0 0 1 0 0 1 0 0 1 0 0 1 0 1 0 1 0 1 1 1 0 0 1 1 0 1 1 1 0 0 1 1 0 1 0 0 0 0 1 1 0 0 0 1 1 0 0 0 1 0 1 0 1 1 1 0 1 0 1 1 0 0 0 0 1 0 0 1 0 1 1 1 1
0 0 1 1 1 0 1 0 0 1 1 0 0 1 0 1 0 1 1 0 1 1 1 0 0 1 1 1 1 1 1 1 1 0 0 1 0 0 1 0 1 0 0 0 1 0 1 0 0 1 1 0 1 0 1 0 1 0 1 0 1 1 1 0 0 1 1 1 0 1 1 1 1 0 1 1 1 1 0 0 0 1 1 1 1 0 1 1 0 0 1 0 0 1 1 1 0 0 1 0
0 0 1 0 1 1 0 0 1 1 1 0 1 1 1 0 0 1 1 1 1 0 0 1 1 0 1 1 1 1 1 1 1 0 1 0 1 1 1 0 0 0 1 1 1 0 1 1 1 1 1 0 0 1 0 1 0 1 0 0 0 1 0 1 1 0 1 1 0 0 1 1 1 1 1 0 1 0 0 1 0 1 0 1 1 1 1 0 1 1 0 0 1 1 0 1 1 0 1 0
1 1 1 1 0 0 0 0 1 1 0 1 1 1 1 0 1 1 0 1 0 1 1 1 1 0 0 0 1 1 0 0 0 1 0 0 1 1 0 0 0 1 0 1 1 0 0 1 1 0 0 1 0 1 1 0 1 1 0 0 0 0 0 0 0 1 0 0 1 0 1 0 1 1 0 0 1 1 1 0 1 0 0 1 0 0 1 1 0 1 1 1 1 1 0 0 1 1 1 0
0 1 1 0 0 0 0 1 1 0 1 1 1 1 1 1 0 0 1 1 1 1 0 0 1 0 0 0 0 1 1 0 0 1 1 0 0 1 0 1 1 1 0 1 0 0 0 0 1 1 1 0 0 0 0 1 1 1 1 0 0 0 0 1 1 1 1 0 1 0 0 0 1 1 0 0 1 0 0 1 0 0 0 1 1 0 1 1 0 0 0 1 1 0 1 0 1 0 1 1
1 1 0 1 1 1 0 0 1 0 1 1 1 1 1 1 1 1 0 0 1 0 0 1 1 1 1 1 1 0 1 1 1 1 0 0 1 1 1 1 1 1 1 0 1 0 0 1 1 1 1 1 1 1 0 1 0 0 0 0 1 1 1 0 1 1 1 1 0 1 1 0 1 0 1 0 0 1 1 1 0 0 0 1 1 0 0 1 1 0 0 1 0 0 0 0 1 1 1 0
1 0 1 1 0 1 0 0 0 1 1 1 1 1 1 0 0 1 1 0 1 1 0 0 0 1 1 1 0 0 1 0 1 0 1 0 0 1 0 1 1 1 1 0 1 1 1 1 0 0 0 1 0 1 1 1 1 0 0 0 0 1 0 1 0 0 1 1 1 0 0 1 1 1 0 0 1 0 1 0 1 1 0 0 0 0 0 1 1 1 0 1 1 0 0 0 0 1 0 0
1 1 1 1 1 1 0 0 1 0 0 1 0 0 1 1 1 0 0 1 1 1 1 1 1 0 1 0 1 0 0 1 0 1 1 1 1 1 0 0 1 1 0 0 1 0 1 0 1 0 1 0 0 1 0 1 0 1 0 1 1 0 0 0 0 0 0 0 1 0 1 0 0 0 1 1 1 0 1 0 1 0 0 0 1 1 0 1 1 1 1 1 1 1 1 1 0 1 1 0
1 0 1 0 1 1 0 1 1 1 1 1 1 1 1 1 1 1 1 0 1 0 1 0 1 0 1 0 0 1 0 0 0 1 0 1 0 0 1 0 0 0 0 0 1 0 1 0 1 1 1 0 0 0 1 0 0 0 0 0 0 0 0 0 1 1 1 0 1 0 0 0 1 1 1 0 0 0 1 0 0 1 0 1 1 0 0 1 0 0 1 0 1 1 0 0 1 1 0 1
0 0 0 1 0 1 0 1 1 0 1 0 1 0 0 1 1 1 1 1 1 0 1 1 1 0 1 0 1 1 1 1 1 1 1 0 1 0 1 0 1 0 1 1 0 0 1 1 1 0 1 0 1 0 0 1 0 1 0 1 0 0 0 1 1 1 1 1 1 0 0 1 1 1 0 1 0 0 0 0 0 1 1 1 1 1 0 0 0 0 1 1 1 0 1 1 1 1 0 1
0 1 0 1 0 1 0 1 1 0 0 0 0 0 1 0 0 0 1 1 1 1 1 0 1 1 0 1 0 0 0 1 0 1 0 0 0 1 1 0 0 1 1 0 1 0 1 0 0 1 1 1 0 0 1 1 0 0 0 0 0 0 0 0 1 1 0 1 0 1 1 0 0 0 0 0 1 1 1 0 0 1 1 1 0 1 1 0 1 0 0 1 0 0 0 0 0 1 0 0
0 1 1 1 1 0 1 0 0 1 0 0 0 0 0 0 1 0 0 0 1 0 1 1 0 0 0 0 1 0 0 1 1 1 0 0 1 0 0 0 1 1 1 0 1 1 0 1 0 0 0 0 1 1 0 1 1 0 1 0 0 1 1 1 0 1 0 1 1 1 0 0 0 0 0 1 0 1 1 1 0 1 0 1 1 1 1 1 1 1 1 1 1 1 0 0 0 0 1 1
1 0 0 1 1 0 1 1 1 0 1 1 1 0 1 1 1 0 0 0 1 0 0 1 0 1 0 0 1 0 0 0 1 1 0 0 1 1 0 1 0 1 0 1 1 1 1 0 1 1 0 0 0 1 1 0 1 0 0 1 0 1 1 1 1 1 0 0 0 0 1 0 0 1 1 0 0 0 0 1 1 1 0 1 0 0 0 0 1 0 1 1 0 0 1 0 0 0 1 1
0 1 1 0 1 0 1 0 0 0 1 0 1 1 1 0 0 1 1 1 0 0 1 1 1 0 0 1 1 0 0 0 1 0 0 1 0 1 0 1 0 1 1 1 0 1 0 1 1 1 1 1 0 1 1 0 0 1 1 1 0 0 1 1 1 1 0 1 0 1 0 0 0 1 1 1 1 0 1 0 1 0 0 1 0 1 0 1 1 0 0 1 0 1 0 0 0 0 1 1
0 0 0 1 0 1 0 1 1 1 1 0 1 1 0 0 1 1 0 1 0 1 0 0 1 1 1 1 1 0 0 0 1 1 1 1 1 1 1 0 0 1 0 1 0 1 0 1 0 1 0 0 1 1 0 1 1 0 0 1 1 1 1 0 1 1 1 0 1 1 1 0 0 1 0 1 1 0 0 1 1 0 1 1 1 1 1 1 1 1 1 1 0 1 0 1 1 1 0 0
1 1 0 1 1 1 1 0 1 0 1 1 0 1 0 0 0 1 0 0 0 0 1 0 0 1 0 1 0 0 0 1 1 1 1 0 1 1 1 0 0 0 1 1 0 1 0 1 0 0 1 0 0 1 0 1 0 1 0 1 0 1 0 1 0 1 1 0 0 1 1 1 1 1 1 0 0 0 1 0 0 0 1 0 1 0 0 0 0 0 0 1 0 0 1 0 1 1 1 0
1 1 1 1 0 1 0 0 0 0 1 0 0 0 0 0 1 0 0 0 0 0 0 1 0 1 1 0 0 0 1 1 0 0 0 1 0 0 1 0 0 0 0 1 1 1 1 0 0 0 0 0 1 1 1 1 1 1 1 0 0 0 1 0 1 0 0 1 1 0 1 0 1 1 0 0 0 1 0 0 1 1 1 0 0 0 0 0 1 0 1 1 1 0 0 1 0 0 0 1
0 0 1 0 1 1 0 1 1 0 0 0 0 1 0 1 1 0 0 0 1 0 0 0 0 1 1 1 1 0 1 0 1 0 1 1 1 0 0 0 0 0 1 1 1 1 1 1 1 1 0 1 1 0 0 0 1 0 0 0 1 1 1 1 1 1 0 1 0 1 1 1 0 1 0 0 1 0 1 1 1 0 0 0 1 1 0 0 1 1 1 1 1 0 0 0 1 1 1 1
1 1 1 1 1 0 1 0 1 0 1 1 1 0 1 1 1 1 0 1 1 0 1 1 1 0 0 1 0 1 0 1 1 1 0 0 0 1 0 0 0 0 1 0 0 0 0 0 1 0 0 1 1 0 0 0 1 0 1 1 0 0 0 0 0 1 0 0 1 1 0 1 1 0 1 0 0 0 0 0 0 1 0 1 1 1 1 0 0 1 1 0 1 1 1 0 1 1 0 0
1 1 1 1 1 1 0 1 0 0 0 0 1 0 1 1 1 1 0 1 0 0 1 1 1 0 1 0 1 0 1 1 0 1 0 0 0 0 0 1 0 0 0 0 0 0 0 1 0 0 0 1 1 1 1 0 0 0 1 0 1 0 1 0 1 0 1 1 1 0 0 0 1 1 0 0 0 1 1 0 0 0 1 1 0 0 0 1 1 0 0 1 1 0 0 1 0 0 0 1
0 0 1 1 0 0 0 0 0 1 0 0 0 1 0 0 0 1 0 0 1 1 1 1 1 1 0 1 1 1 0 1 1 0 0 1 0 1 1 1 0 1 0 0 0 1 1 1 0 1 0 1 0 0 1 1 0 0 0 0 1 0 1 0 1 1 0 1 0 0 1 0 1 1 0 1 0 1 0 1 0 0 1 0 0 0 0 0 0 1 1 1 1 1 1 1 0 0 1 1
0 1 0 0 1 1 0 0 1 1 0 1 1 0 1 1 0 1 0 1 0 1 0 0 1 0 0 1 0 1 1 1 1 1 0 0 1 0 1 1 1 1 0 0 1 0 0 1 1 1 1 1 0 1 0 1 1 0 0 1 0 0 1 1 0 0 0 0 0 1 0 1 1 0 1 1 1 0 0 1 0 1 1 0 0 0 0 1 0 1 0 0 0 0 1 0 0 1 0 1
0 1 1 1 0 0 1 1 1 0 1 0 0 1 0 0 0 0 0 1 0 0 1 1 0 0 1 1 1 1 1 1 0 0 0 0 1 0 1 0 1 1 0 0 1 0 1 0 0 1 0 1 1 1 1 0 1 1 0 1 1 1 1 0 1 1 0 1 1 1 0 0 0 1 1 0 1 0 0 0 0 1 1 0 0 0 0 1 0 0 1 0 0 1 0 0 0 1 1 1
1 1 1 1 0 1 1 1 1 0 1 0 1 0 0 1 1 1 1 1 1 0 0 0 1 1 0 0 0 1 1 1 0 1 0 1 0 0 0 1 0 0 0 1 1 0 1 0 0 1 0 0 0 1 1 1 1 0 0 1 0 0 0 1 1 0 0 1 0 0 1 0 1 0 1 1 1 0 1 0 1 0 1 0 1 1 1 0 0 0 1 0 0 0 1 0 0 1 0 0
1 0 0 1 1 1 0 1 1 1 0 0 0 0 1 1 1 0 0 0 0 1 1 1 0 0 0 1 0 0 0 0 0 0 0 1 1 0 0 0 1 1 0 1 1 1 1 1 0 0 0 0 0 1 0 0 1 0 0 0 1 1 0 1 1 0 1 1 1 0 1 0 0 0 1 1 0 0 0 1 1 0 1 1 0 1 0 1 1 0 0 0 1 0 1 0 0 0 0 0
1 1 0 1 1 1 0 0 0 1 1 1 1 0 0 1 0 0 1 1 1 1 0 1 0 1 1 0 1 0 0 0 1 1 1 0 1 0 1 1 0 0 1 0 1 1 0 1 0 0 1 0 1 0 0 0 1 1 1 0 0 0 0 0 1 1 1 0 0 0 1 1 1 1 1 0 0 1 0 1 0 0 1 0 1 0 0 0 1 0 1 1 1 0 1 1 0 0 1 1
1 1 0 1 1 0 0 0 1 0 0 0 1 1 0 1 0 0 1 0 1 0 1 1 1 0 0 0 0 0 1 0 1 1 0 0 0 1 0 1 1 0 1 1 1 1 0 1 1 0 0 1 0 1 0 0 1 1 1 1 0 0 1 0 0 0 0 0 1 0 1 0 1 0 0 1 1 1 0 0 0 1 0 1 0 0 1 0 0 0 0 0 1 0 0 0 0 0 0 0
1 1 1 1 0 0 0 1 1 0 1 1 1 0 1 1 0 0 1 1 0 0 0 0 1 0 1 1 0 1 1 0 1 1 0 0 0 1 1 0 0 0 0 0 1 1 0 1 1 0 0 0 1 1 1 1 0 1 0 0 1 1 1 0 0 0 1 1 1 0 0 1 0 1 1 0 1 1 1 0 1 0 0 0 0 0 0 1 1 0 1 1 0 1 0 0 1 1 0 1
0 0 0 1 0 0 1 1 1 0 1 0 1 1 0 1 1 0 0 0 0 0 0 0 0 1 0 0 1 0 0 0 1 0 1 0 1 1 1 0 1 0 0 0 0 1 1 1 0 1 1 1 0 1 1 0 0 1 0 0 0 0 1 1 1 1 0 1 1 1 1 0 0 1 0 0 1 0 0 1 1 1 0 0 1 1 0 0 1 0 1 1 1 0 0 0 0 0 0 0
1 0 1 1 1 0 0 1 0 0 1 1 1 0 1 0 0 1 1 1 0 0 0 1 1 0 1 0 0 1 0 0 1 0 1 1 1 0 0 1 1 0 1 1 0 0 0 1 1 1 1 1 1 1 1 0 0 0 1 0 1 0 0 1 0 0 0 0 0 0 1 1 1 1 1 1 1 1 1 0 1 0 1 1 0 0 0 0 1 1 1 0 1 0 1 1 1 0 1 1
1 1 1 0 0 1 0 0 0 0 1 0 0 0 1 1 0 0 0 0 1 1 1 0 0 1 0 0 0 0 1 1 0 1 1 0 1 0 1 0 0 1 0 0 0 1 0 0 0 1 1 0 0 1 0 0 1 1 0 1 0 0 0 0 1 1 0 0 0 0 1 0 1 0 0 0 0 1 0 1 1 0 0 1 1 0 0 1 1 0 1 1 1 1 0 0 1 0 1 0
1 0 0 0 1 1 0 0 1 0 0 0 1 1 0 1 1 0 1 0 1 1 1 0 1 0 1 1 0 1 1 1 1 0 1 0 1 0 1 0 1 0 0 0 0 0 0 1 0 0 0 1 1 0 0 0 0 1 1 1 0 0 1 0 0 0 0 1 1 1 0 1 1 1 0 0 1 0 0 0 0 0 0 0 1 0 0 1 0 1 0 0 1 0 0 1 1 0 0 1
1 0 1 1 1 0 1 1 1 0 1 1 1 1 1 0 0 0 0 1 1 1 0 0 0 0 1 1 1 1 0 1 1 0 1 1 1 0 0 1 1 1 0 0 1 1 0 1 1 0 0 1 1 1 0 1 1 1 0 0 0 0 0 0 0 1 0 0 1 1 1 0 1 0 1 1 1 0 1 0 1 1 0 1 1 0 1 0 1 1 1 1 0 0 1 1 0 0 0 0
0 1 0 1 0 1 0 0 0 0 0 0 0 1 0 0 1 0 1 0 1 1 1 0 0 1 1 1 0 1 0 1 0 1 0 0 0 1 0 0 0 1 1 0 1 1 0 1 1 1 0 0 1 1 1 0 1 0 1 0 0 1 0 0 0 0 0 1 1 0 1 0 0 1 1 0 1 1 0 1 1 0 1 0 0 1 0 1 1 1 1 0 0 0 1 1 0 0 0 0
1 0 0 0 1 1 0 1 1 1 1 0 1 0 1 0 0 1 1 1 1 0 0 1 1 0 0 1 1 1 0 0 1 0 1 1 1 0 0 1 1 1 1 0 1 1 0 1 1 0 0 0 0 1 0 0 0 1 0 0 0 1 0 1 0 0 0 1 0 0 0 0 0 0 1 1 0 0 0 1 1 0 1 1 1 0 1 0 0 0 1 1 1 0 1 1 0 1 0 0
1 0 1 1 1 1 1 1 1 0 1 0 0 1 0 0 0 0 0 0 1 1 0 1 1 0 1 0 0 0 0 1 1 1 0 0 1 0 1 0 0 1 1 1 0 1 1 1 1 0 0 0 0 1 0 1 1 0 0 0 0 1 1 0 0 1 0 0 0 1 0 0 0 1 0 0 0 1 1 0 1 1 0 0 1 1 0 0 1 1 0 1 1 0 1 0 1 0 0 0
1 1 0 1 1 1 1 0 1 0 0 1 1 0 0 0 1 1 0 0 1 0 0 0 1 0 1 1 0 0 1 1 1 0 1 1 0 1 1 1 0 1 1 0 1 0 0 0 0 0 0 1 1 1 1 0 0 0 0 0 1 1 1 0 0 1 1 1 1 0 1 1 1 1 1 0 0 0 0 0 1 1 1 1 1 0 0 1 0 1 1 0 1 1 0 1 1 0 1 0
1 1 0 1 0 0 1 1 1 1 1 1 0 0 0 0 0 1 0 1 1 1 1 0 0 1 1 1 1 0 1 0 1 1 1 1 1 1 1 0 1 0 0 0 0 0 1 1 0 1 0 1 1 1 0 0 1 1 1 1 1 0 0 0 1 1 1 0 0 0 1 1 0 0 1 1 1 1 1 0 0 1 0 1 1 1 0 0 0 1 0 1 1 0 0 0 0 0 1 0
0 0 1 0 0 0 0 1 1 0 0 1 0 1 1 0 0 0 1 0 1 0 0 1 1 1 0 1 1 1 0 1 1 0 1 0 1 0 0 1 1 1 0 0 1 0 1 0 1 0 1 0 0 0 1 0 0 1 0 1 0 1 0 1 0 1 1 1 0 1 1 1 1 0 1 0 0 1 0 0 1 0 0 0 0 1 0 0 1 0 0 0 0 1 0 1 0 0 0 1
0 0 1 1 1 0 0 0 0 1 0 0 1 1 1 1 1 1 1 0 1 0 1 0 1 1 0 1 0 0 1 1 0 1 1 1 0 1 1 1 0 0 0 0 1 0 0 0 0 0 1 0 1 0 0 1 0 1 0 0 0 0 1 0 0 0 0 0 1 1 0 0 0 0 0 1 1 0 1 0 0 0 0 0 0 0 0 1 1 1 0 0 0 1 0 1 1 0 1 1
0 1 1 1 1 0 1 0 0 0 0 1 1 1 1 0 0 1 0 0 0 0 1 0 0 1 0 0 0 1 1 1 1 0 1 0 1 1 1 1 0 1 0 1 0 1 0 1 1 0 1 1 0 1 1 1 0 0 1 1 0 0 1 0 1 1 1 0 1 1 0 1 1 1 1 0 0 0 1 1 1 0 1 1 1 0 0 1 1 1 0 0 0 1 0 0 1 1 0 0
0 0 1 1 1 0 0 0 0 0 1 0 1 1 1 0 0 0 1 0 1 1 1 1 1 1 0 0 1 1 0 0 0 0 0 0 0 0 1 1 1 1 0 1 1 1 1 0 0 0 1 1 1 1 0 0 0 1 0 0 1 1 1 1 1 1 0 0 0 1 1 0 1 0 1 1 1 1 0 1 1 1 1 0 1 1 1 0 1 0 1 0 1 0 0 1 0 0 0 0
0 0 1 0 1 1 0 0 0 0 0 0 1 1 0 0 1 0 1 0 1 1 0 1 1 0 1 0 0 0 1 1 0 1 0 1 1 0 0 0 0 1 0 0 0 0 1 1 1 1 1 1 1 1 0 1 0 0 1 0 1 1 0 1 0 1 0 1 0 0 1 1 0 1 1 1 1 0 1 0 0 1 0 1 0 1 1 0 0 0 1 1 0 1 1 1 1 1 1 1
1 1 1 1 1 0 0 0 1 1 1 0 0 1 1 1 1 0 1 1 0 1 0 1 0 1 0 1 1 1 0 0 0 1 1 0 0 0 1 1 1 1 0 1 1 1 0 1 0 1 1 1 1 0 0 0 0 1 0 0 0 1 1 1 0 0 1 0 0 0 0 0 1 1 0 0 1 0 1 0 0 1 1 0 1 0 0 1 0 1 0 1 0 0 1 1 0 0 0 0
0 0 0 0 0 1 0 1 0 1 0 1 1 0 1 1 1 1 1 0 1 0 0 1 1 1 1 0 1 1 1 1 0 1 0 1 1 0 0 1 1 1 0 0 0 1 1 0 0 1 1 0 1 1 0 0 1 0 0 1 1 0 1 0 1 1 0 1 1 0 1 0 0 1 1 0 0 1 1 0 0 0 1 1 1 0 1 1 0 1 0 0 1 0 0 1 0 1 0 0
0 0 1 1 0 1 0 0 1 1 0 0 0 0 1 1 1 1 0 0 0 1 0 1 1 1 0 0 1 0 1 0 1 1 0 0 0 0 0 0 1 0 1 1 0 0 1 0 1 0 1 1 0 0 1 0 1 1 1 1 0 0 0 1 1 0 0 1 0 0 0 0 0 1 0 0 1 0 0 0 1 1 0 0 1 1 0 1 0 0 0 1 1 1 0 0 1 0 1 0
0 1 0 1 0 1 0 1 0 1 1 0 1 0 0 1 0 1 0 0 1 0 1 0 1 0 0 1 1 1 1 1 0 0 0 1 0 0 1 1 0 1 1 1 0 1 1 1 1 1 0 1 1 1 1 1 1 0 1 0 1 1 0 0 0 0 0 0 0 0 1 0 1 1 1 0 0 0 0 1 0 0 1 1 0 1 0 1 1 1 1 0 0 0 1 1 1 0 1 1
0 1 0 0 0 1 0 1 0 0 1 0 1 1 0 1 0 0 0 1 1 0 1 0 1 0 1 0 1 0 0 1 1 1 0 0 1 1 0 1 1 0 1 0 1 1 1 1 1 1 1 1 1 1 0 0 0 1 0 0 1 0 1 0 0 0 0 0 1 1 1 1 0 1 0 1 0 1 1 0 0 1 1 0 1 1 0 1 0 0 0 1 1 0 0 0 0 0 0 1
1 1 0 0 0 1 1 0 1 1 1 1 0 0 0 0 0 1 1 1 0 1 0 1 0 1 1 1 0 1 0 0 1 0 1 0 1 0 1 0 1 1 1 0 0 0 0 1 1 0 0 1 0 0 0 1 1 1 1 1 1 1 1 1 0 0 0 1 0 0 1 0 0 0 0 0 1 0 0 1 1 0 1 1 0 0 0 0 1 0 0 1 1 0 0 0 0 0 1 0
1 0 1 1 1 0 0 0 0 0 1 0 0 0 0 1 0 0 1 0 0 1 1 0 0 1 1 0 0 0 1 1 0 0 0 1 0 1 1 0 0 1 1 1 1 0 0 1 1 1 0 0 0 0 1 0 1 1 0 0 0 0 1 0 1 0 1 1 0 0 0 1 0 0 0 1 0 0 1 1 0 0 1 1 0 0 1 1 0 1 0 0 1 1 1 1 0 0 0 0
1 1 0 0 0 1 1 1 0 0 0 1 0 0 1 0 1 0 0 1 1 1 0 0 0 0 1 1 0 0 0 1 1 0 0 0 1 0 1 0 0 1 0 1 0 0 0 0 0 0 0 1 0 1 1 0 1 1 1 1 0 0 1 0 1 0 1 0 1 1 1 1 0 0 0 0 0 0 0 0 1 1 1 1 1 0 1 0 0 0 1 1 0 0 1 1 1 1 1 1
0 0 1 1 1 1 0 1 1 0 0 1 1 1 1 0 0 1 0 1 0 0 0 0 0 0 1 0 1 0 0 1 1 1 0 0 0 0 0 0 1 1 1 1 0 0 0 0 1 0 1 0 0 0 1 0 0 1 1 1 1 1 0 1 1 1 1 0 1 0 0 1 0 0 1 1 1 0 1 0 1 1 0 1 0 1 1 1 0 1 1 0 1 1 0 1 1 1 1 0
0 0 1 1 1 0 1 0 0 1 0 0 0 1 0 0 1 0 1 0 1 0 0 0 1 1 1 1 1 1 1 0 0 0 0 0 0 0 0 1 1 0 1 1 1 1 1 1 1 0 1 0 0 0 0 1 0 1 1 1 1 1 1 1 0 1 0 0 0 1 1 1 1 1 0 0 1 1 0 0 1 0 0 1 0 1 0 0 0 1 1 0 1 1 1 0 0 1 0 1
1 0 0 0 1 1 1 0 0 0 1 0 1 1 0 0 1 0 1 0 0 1 0 1 0 1 0 0 0 1 0 1 1 0 0 1 0 1 0 0 1 0 1 1 0 1 1 0 1 1 0 1 0 0 0 0 1 1 0 1 1 1 1 0 1 0 0 1 1 1 1 1 0 1 0 1 0 0 1 0 0 1 1 0 1 1 1 1 0 0 1 0 1 1 1 0 0 1 1 1
1 1 0 1 1 1 0 0 1 0 0 1 0 1 0 0 0 1 0 0 1 0 1 0 1 0 0 1 0 0 1 1 1 0 1 0 0 1 1 1 0 1 0 1 0 1 0 1 1 0 1 1 1 0 1 1 0 0 0 0 0 0 1 1 0 0 0 0 1 0 1 0 0 0 1 0 1 0 0 1 0 1 0 1 1 0 0 0 1 1 1 0 1 0 1 0 0 0 0 1
0 1 1 1 0 0 0 0 1 1 1 1 0 0 0 1 1 1 0 1 0 1 0 0 1 0 0 1 0 1 1 0 1 1 0 0 1 1 0 0 1 1 1 1 0 0 0 1 0 0 1 0 0 1 1 1 1 0 1 0 0 0 1 1 0 0 0 1 1 1 0 1 0 0 1 1 0 0 1 1 0 1 0 1 0 1 0 0 0 0 1 0 1 1 1 0 0 0 0 1
1 1 1 1 1 1 1 1 1 1 1 1 0 0 1 0 0 1 1 1 0 0 1 1 0 1 0 0 1 0 0 0 1 0 0 1 1 1 0 1 1 1 1 1 1 0 1 0 0 1 0 1 0 1 0 0 1 1 1 0 0 1 0 0 0 0 0 0 0 1 0 1 0 1 0 0 1 0 0 1 1 1 0 1 1 1 0 0 1 0 1 1 1 1 0 1 0 0 0 1
1 0 1 0 0 1 0 0 1 1 0 0 1 1 0 0 1 0 0 0 0 1 0 1 1 0 1 0 1 1 1 0 0 1 0 0 0 0 0 1 0 0 0 1 1 1 0 1 0 1 1 0 0 0 1 0 1 0 1 1 1 1 1 0 1 1 0 1 1 1 0 1 0 0 1 0 1 1 1 1 1 0 1 0 1 0 1 0 0 1 1 0 0 1 1 1 1 0 1 1
1 0 0 1 1 1 1 1 0 0 1 1 0 0 1 1 1 1 0 1 1 1 1 0 0 1 0 0 0 1 0 0 1 1 0 1 0 1 0 0 0 1 1 0 1 0 0 1 1 1 0 0 0 1 1 0 0 1 1 0 1 1 0 1 1 1 1 1 1 1 1 1 1 0 1 1 1 0 0 1 0 1 0 0 1 1 1 1 1 1 1 1 1 0 1 0 0 0 1 1
0 1 1 0 0 1 1 1 0 0 1 1 1 0 0 1 0 1 1 0 0 1 1 0 1 0 1 1 1 1 1 1 1 0 0 0 0 0 0 1 0 1 0 1 1 1 1 1 1 1 1 1 1 1 0 0 0 1 1 0 1 0 0 0 0 1 1 1 1 1 0 1 1 0 0 1 1 0 0 1 0 0 0 0 0 0 0 0 0 0 1 1 1 0 1 0 0 1 1 0
0 1 0 0 0 0 1 0 0 1 0 1 1 0 0 0 1 0 0 1 1 0 1 1 0 1 1 0 0 1 0 0 0 0 1 0 1 1 0 1 1 1 0 1 1 0 0 1 1 0 0 1 0 0 0 1 0 1 0 1 1 0 0 0 1 1 1 0 0 1 0 1 1 1 1 0 0 0 1 0 1 0 1 1 0 1 0 0 1 1 1 1 0 0 1 0 0 1 0 0
0 1 0 0 0 1 1 1 0 1 1 0 1 0 1 1 1 1 1 1 1 1 1 1 1 1 0 0 0 0 0 0 1 1 1 0 0 1 1 1 1 1 0 0 1 1 0 1 1 0 1 1 1 0 1 1 0 0 0 0 1 0 1 1 1 0 0 0 0 1 0 1 1 1 0 1 1 0 1 0 0 0 1 1 0 0 0 1 0 0 1 1 0 0 0 0 0 0 1 0
0 0 0 1 0 0 1 1 1 1 1 0 0 1 0 0 1 0 0 1 1 1 0 0 1 1 0 1 1 0 0 1 0 1 1 0 1 1 0 0 0 1 0 0 1 1 1 1 0 1 0 1 1 0 1 0 1 0 0 0 0 1 0 1 0 0 0 0 1 0 0 0 1 0 0 1 1 1 0 1 0 0 1 0 0 1 1 1 0 0 1 0 0 0 0 0 1 1 1 0
0 0 0 0 0 1 1 0 1 1 0 1 1 1 1 1 0 1 1 1 1 0 1 0 1 1 0 1 0 1 0 0 1 1 0 0 1 0 0 0 0 0 0 0 0 1 1 1 1 0 1 1 0 1 0 1 0 1 1 0 1 0 0 0 1 0 0 0 1 0 0 0 0 0 0 0 1 1 1 1 0 0 1 1 1 1 1 1 0 0 0 0 1 1 1 0 1 1 1 0
0 1 1 1 1 1 1 1 1 1 0 0 1 0 1 1 1 1 0 0 0 0 0 1 0 1 0 0 0 0 1 1 1 1 1 0 1 0 0 0 1 0 1 0 0 1 1 0 0 0 1 1 1 0 0 0 1 0 0 1 0 1 0 0 1 1 0 1 1 1 0 0 1 1 0 1 0 1 1 0 0 1 1 0 1 1 1 0 0 0 1 1 0 1 1 1 0 0 1 1
1 1 0 1 0 0 0 0 0 1 0 0 1 1 1 0 0 0 0 1 0 0 1 0 1 0 1 0 1 1 0 1 0 1 1 1 1 0 0 0 0 0 1 0 1 1 1 1 1 1 1 1 0 1 0 1 0 1 0 1 0 0 0 1 0 1 0 0 0 0 1 1 1 1 1 1 1 0 0 0 1 1 0 0 0 0 1 0 1 1 0 1 0 1 1 1 0 1 1 1
1 0 0 0 0 1 1 1 1 0 0 1 1 0 0 0 1 0 0 1 0 1 0 1 0 1 1 1 1 1 1 0 0 1 0 1 0 1 1 1 1 1 1 0 0 1 1 0 1 1 0 0 0 1 0 1 1 0 0 1 0 0 1 1 1 0 1 1 1 1 1 0 0 1 0 1 1 0 0 1 0 1 0 0 0 1 0 0 0 1 1 1 1 0 1 0 1 0 0 0
1 1 1 1 1 1 1 0 0 1 0 1 1 1 1 0 0 1 1 0 1 1 1 0 1 0 0 1 0 1 1 1 1 1 1 0 1 1 1 0 1 0 1 1 1 1 0 1 0 1 0 0 1 0 1 1 1 1 0 1 1 0 1 1 0 1 0 1 1 1 1 0 1 0 0 0 1 0 0 0 0 1 1 1 1 1 0 0 0 0 1 1 0 0 1 1 0 0 1 0
0 0 1 0 0 0 0 0 1 0 1 0 1 0 1 0 1 1 0 1 0 0 0 1 0 1 1 0 0 1 1 0 1 0 1 1 0 1 1 0 1 0 0 1 0 0 0 1 1 0 0 1 1 1 0 0 1 1 1 0 0 0 1 0 0 0 1 0 0 1 0 1 1 1 1 0 1 1 0 1 1 1 0 1 0 0 0 1 0 0 0 1 0 1 0 1 1 0 1 0
0 0 1 1 0 0 0 0 1 0 0 1 1 1 1 1 1 1 0 0 0 1 1 1 1 1 1 0 0 1 0 1 1 0 1 1 0 0 0 1 0 0 0 0 1 1 1 1 1 0 0 0 0 1 0 0 1 1 0 1 0 1 1 1 0 1 1 0 0 0 0 1 1 1 1 0 0 0 1 1 1 0 1 0 1 1 0 1 1 1 0 0 0 1 0 0 0 1 1 0
1 1 0 1 1 1 1 0 1 0 0 1 0 0 0 1 0 0 0 1 0 1 1 1 0 1 1 1 1 1 1 1 1 0 1 1 0 0 0 0 0 0 0 1 1 1 1 0 1 0 1 0 1 1 1 0 0 1 0 1 0 0 1 1 1 1 1 0 1 1 1 0 1 1 0 1 0 1 1 1 0 1 0 1 0 1 0 0 0 1 1 0 0 1 0 1 0 1 1 1
1 1 0 0 1 0 0 0 1 1 0 0 0 0 1 1 0 0 1 1 0 0 1 1 1 0 1 0 0 0 0 1 1 0 1 1 1 1 1 1 0 0 1 0 0 0 1 1 1 0 1 0 0 0 1 1 1 1 1 1 0 0 0 1 1 0 0 1 0 0 0 0 1 0 0 0 1 1 1 0 0 0 0 1 1 0 0 1 1 0 0 0 0 1 0 1 1 0 0 0
0 0 1 0 0 1 0 1 1 0 1 0 0 1 1 0 1 1 1 0 0 0 0 0 1 0 1 1 0 1 0 0 0 0 0 0 0 1 1 0 0 0 1 1 0 0 0 0 1 0 1 0 1 0 1 0 0 1 0 0 0 0 1 0 0 0 1 0 0 0 0 0 0 1 1 1 0 1 0 1 1 0 1 1 0 0 1 1 1 0 1 1 1 1 1 1 0 0 0 1
1 1 0 0 0 0 0 0 0 1 1 1 1 1 1 1 1 0 0 1 0 0 1 1 1 0 1 0 0 0 0 0 0 0 0 1 1 0 0 1 0 1 1 1 1 0 0 1 1 1 0 0 1 1 0 0 1 0 1 0 1 1 0 0 1 0 0 0 0 0 1 1 1 0 0 0 1 1 1 1 0 0 1 1 0 1 1 1 0 1 0 0 0 0 1 1 1 1 0 0
1 0 0 0 0 1 0 0 0 0 0 0 0 1 0 0 1 0 0 0 1 1 0 0 1 0 0 1 0 1 0 0 1 0 0 1 1 1 0 1 1 0 1 0 1 1 0 0 1 0 1 1 1 1 1 1 0 1 1 1 1 1 1 1 1 1 0 0 0 0 0 1 0 1 0 1 0 1 0 0 1 0 0 1 1 0 0 1 0 0 0 0 1 1 0 1 1 0 0 1
1 0 0 1 1 1 0 1 0 1 0 1 1 0 1 1 1 1 1 1 1 1 0 1 1 0 0 1 0 0 0 1 1 1 0 1 0 1 1 1 1 1 0 1 1 1 0 1 0 0 1 1 0 1 1 0 0 0 1 0 1 0 1 1 1 0 1 1 1 1 1 0 0 0 0 1 0 0 1 1 1 0 1 0 0 1 1 0 1 0 1 0 1 0 0 1 1 0 1 0
1 0 1 1 0 0 0 0 1 1 1 1 0 1 0 0 1 1 0 0 0 1 1 0 0 0 1 1 0 0 1 1 0 1 1 1 0 1 1 1 0 0 1 1 1 0 1 0 1 0 1 1 1 0 1 0 0 0 1 1 1 1 0 1 1 1 1 1 1 1 0 0 0 0 1 0 1 0 0 0 0 0 0 0 0 0 0 0 0 0 0 0 0 1 0 0 1 1 0 1
1 1 0 0 0 1 0 1 0 1 0 0 0 1 0 1 1 1 0 0 0 0 0 0 1 1 0 0 0 0 1 1 0 1 1 0 0 1 1 0 0 1 1 0 1 1 1 0 1 1 1 0 1 0 1 1 0 1 1 1 1 0 0 1 0 0 1 1 1 1 0 0 1 1 0 0 1 1 0 1 1 1 0 1 1 1 0 1 0 0 0 0 0 0 1 1 1 1 0 1
0 0 0 1 0 0 0 0 0 0 1 0 0 0 1 1 0 1 1 1 1 0 0 1 1 0 1 1 0 1 1 0 0 0 1 0 0 1 1 0 1 1 1 1 1 0 1 0 0 0 1 0 1 0 0 0 1 1 1 1 1 1 1 0 1 1 1 1 0 0 0 0 1 0 1 1 1 0 0 1 0 0 1 1 1 0 1 0 1 0 1 1 0 1 1 0 0 1 0 1
0 1 0 0 1 0 0 0 1 0 1 1 1 0 0 1 1 1 0 1 1 0 0 0 1 1 0 1 1 1 0 0 1 1 0 1 1 0 1 0 0 0 0 1 1 1 1 0 0 1 1 1 1 1 1 1 0 1 0 1 1 0 0 0 1 0 1 1 1 0 1 0 0 0 0 0 0 0 1 1 0 0 1 1 1 0 1 0 1 0 0 0 1 1 1 1 1 1 0 1
1 0 0 1 1 0 0 1 1 0 0 1 1 1 1 0 1 0 1 0 0 0 1 1 0 0 0 1 1 1 0 0 1 0 1 1 0 1 0 0 0 0 0 1 0 0 1 1 1 0 0 0 1 0 1 1 0 1 1 0 0 1 1 0 0 0 0 0 0 0 1 0 1 0 0 0 1 0 0 0 1 1 1 0 0 0 1 0 0 1 1 0 1 1 0 0 0 0 1 0
1 1 1 0 0 1 1 0 1 0 1 1 0 1 1 0 1 0 0 0 1 1 0 0 1 0 1 0 0 0 1 1 1 0 1 1 0 0 1 0 1 1 0 1 0 0 1 0 0 0 0 0 1 0 0 1 0 0 0 1 1 1 0 1 1 0 1 1 0 0 1 0 1 1 1 1 0 1 1 0 1 0 0 0 0 1 0 0 0 1 1 0 1 1 0 1 1 0 1 1
0 0 0 0 0 1 1 1 1 0 1 1 0 1 0 1 1 0 1 0 1 0 1 1 1 0 1 0 0 0 1 1 1 0 1 0 1 1 0 0 1 1 0 0 0 0 1 1 1 1 1 0 1 0 1 1 1 0 0 0 0 1 0 1 1 0 0 0 1 0 1 0 1 0 0 0 1 0 1 1 1 0 1 1 0 1 0 1 0 0 0 0 1 0 0 0 0 1 1 1
1 0 0 0 0 1 0 0 0 0 1 1 0 0 0 0 0 1 0 1 1 1 1 1 0 0 1 1 1 0 0 1 1 0 1 1 1 0 0 1 0 1 0 0 1 0 1 0 0 0 0 1 0 0 0 1 1 1 0 1 1 0 0 0 1 1 0 1 0 1 0 1 0 0 0 0 1 1 1 1 0 1 0 0 1 1 1 0 1 1 0 0 1 1 0 0 1 1 0 0
0 0 1 0 0 0 0 1 1 0 0 0 0 1 0 1 0 1 0 1 1 0 0 1 0 1 1 0 0 1 0 0 0 0 0 0 0 1 1 0 1 1 0 0 1 1 0 1 1 1 1 1 1 1 0 0 0 1 1 0 0 0 0 0 1 1 1 0 0 1 0 1 0 1 1 1 1 1 1 1 0 1 1 0 1 0 1 1 0 1 1 0 0 0 0 0 0 0 0 0
1 0 0 1 0 0 1 0 1 0 0 0 1 1 0 1 1 0 0 0 1 0 0 0 1 1 0 0 1 0 0 1 0 0 1 1 0 1 1 1 0 1 1 0 0 0 0 1 1 0 1 0 1 0 1 0 0 0 0 1 1 0 0 0 1 0 1 0 1 1 0 0 0 1 0 0 0 1 1 1 1 1 1 0 1 1 0 1 0 1 1 0 1 1 1 0 1 1 1 0
1 0 1 0 1 0 1 0 0 1 0 1 1 1 1 0 0 0 0 1 0 0 1 0 0 0 1 0 1 1 0 1 1 0 1 1 0 0 1 1 1 1 0 1 1 0 1 0 1 1 1 0 1 0 1 0 1 1 0 0 0 1 1 0 1 0 0 0 0 1 1 0 1 0 1 1 0 0 1 0 1 0 0 1 1 0 0 0 0 0 1 0 1 0 0 1 0 1 0 1
1 1 1 1 1 1 1 1 0 1 0 1 0 1 0 1 0 0 1 1 1 1 0 1 0 0 1 0 0 0 0 1 1 1 1 0 1 0 0 1 1 1 0 1 0 0 1 1 1 0 1 1 1 1 0 1 1 0 1 0 0 0 0 0 1 0 0 0 0 1 0 1 1 0 1 1 1 0 0 1 0 0 1 1 0 1 1 1 0 0 1 1 0 1 1 0 1 1 0 0
0 1 1 0 1 1 0 1 0 1 1 0 1 0 1 1 0 0 0 1 1 0 1 0 0 1 1 0 1 1 0 0 1 1 0 1 0 1 1 0 1 1 0 1 1 0 1 0 1 0 0 1 1 1 0 1 1 1 1 1 0 0 0 0 1 0 0 1 0 1 1 0 1 1 0 1 0 0 1 1 1 0 1 0 1 1 1 1 1 0 0 0 0 0 1 0 0 1 1 1
1 1 1 1 0 0 0 0 1 0 1 1 0 1 1 0 0 1 0 1 1 0 1 1 1 0 1 0 0 1 1 0 0 1 0 0 1 0 0 1 1 0 1 0 1 1 1 0 0 1 1 0 0 0 1 1 1 0 0 0 0 0 1 0 0 1 1 0 0 1 0 0 0 1 1 0 1 1 0 0 1 1 1 0 1 1 1 1 0 1 1 1 0 0 1 1 1 0 1 0
1 0 0 1 1 1 1 0 1 1 0 0 1 1 0 1 0 0 0 0 0 0 0 0 1 0 0 1 1 1 0 1 1 0 0 1 0 1 1 1 0 1 0 1 0 0 1 0 1 0 0 1 1 0 0 1 1 0 1 1 0 0 1 1 1 1 1 0 1 0 1 1 0 0 0 0 1 1 0 1 0 0 0 0 1 0 0 0 1 0 1 0 0 1 0 0 1 1 1 0
0 0 0 1 0 1 0 1 0 1 1 1 1 1 1 1 0 1 1 1 0 0 1 1 0 1 0 0 1 1 0 0 1 0 1 0 1 1 0 1 1 0 0 1 0 1 1 1 0 1 0 1 1 0 1 1 1 0 0 1 0 1 1 0 0 1 1 1 1 0 1 1 1 0 0 1 1 0 1 1 0 0 1 0 1 0 1 0 1 1 0 0 0 1 1 1 1 0 0 1
0 1 1 1 0 1 1 0 0 0 1 1 0 1 0 1 1 1 0 1 1 0 1 1 1 1 1 1 1 1 0 0 0 0 0 0 1 0 1 0 0 1 0 1 0 1 0 0 1 0 1 0 1 0 0 0 0 0 1 0 0 0 1 1 1 1 1 1 1 1 0 1 1 0 1 1 0 0 1 1 0 0 1 0 0 0 1 0 1 0 1 1 1 0 0 1 0 1 1 1
0 0 1 1 1 1 0 1 1 1 1 1 0 0 0 1 0 1 0 1 0 1 1 0 1 1 1 1 0 0 1 0 1 0 1 1 0 0 0 0 0 1 1 1 0 0 0 1 1 0 0 1 1 1 0 0 1 1 1 1 1 1 0 1 1 1 0 0 1 0 0 0 1 1 0 0 1 1 0 0 0 0 0 0 1 0 0 0 1 0 1 0 0 0 1 1 0 0 1 1
0 1 1 1 1 0 0 1 0 1 1 0 0 1 0 0 0 1 1 1 1 1 0 1 1 0 1 0 0 0 1 1 1 1 1 1 0 0 1 0 1 1 0 0 1 1 1 1 1 1 0 0 1 0 1 0 0 0 1 0 0 1 1 1 0 0 0 1 1 0 0 0 0 1 0 1 1 1 0 1 1 1 0 1 1 0 1 1 0 0 0 0 0 1 1 0 0 1 0 0
0 0 0 1 1 0 1 1 1 0 0 1 0 0 1 0 0 1 1 1 0 1 1 0 1 0 0 1 0 0 1 1 0 0 1 1 0 1 1 0 0 0 0 0 1 1 1 0 0 1 1 0 1 0 1 0 1 1 0 0 0 0 0 1 1 1 1 1 0 1 1 1 0 1 0 1 0 0 0 0 0 0 1 0 0 1 1 1 0 0 1 0 1 1 0 0 1 1 0 1
0 0 0 1 0 1 1 0 1 0 0 1 0 0 1 0 0 1 0 1 1 1 0 1 0 0 1 1 1 1 1 1 1 1 1 1 1 1 0 0 1 0 0 1 1 1 1 1 1 1 0 0 1 1 0 1 0 0 1 0 1 0 0 1 0 0 1 0 0 0 0 0 0 1 0 0 0 0 0 1 0 0 0 1 0 0 1 1 0 0 0 0 0 1 1 1 0 1 0 0
1 0 1 1 0 1 0 1 0 1 1 0 1 0 0 0 1 1 0 0 1 0 1 1 1 1 1 0 1 0 1 0 0 0 1 1 1 0 0 0 0 0 1 1 0 0 0 1 0 1 1 1 0 1 1 1 0 0 1 1 0 0 0 0 0 0 0 1 1 0 0 1 1 1 1 1 0 1 1 0 0 0 0 0 1 1 0 1 0 0 1 0 1 1 0 0 1 0 0 0
1 0 1 0 1 1 1 0 0 1 1 1 1 0 1 0 0 1 0 0 0 0 0 0 1 1 0 1 1 1 1 0 1 0 1 1 0 0 1 1 0 1 0 1 0 1 1 1 0 0 0 0 1 0 0 1 1 0 1 1 1 0 1 0 0 1 1 0 0 1 0 0 1 0 1 1 1 0 0 1 1 0 1 0 1 0 0 1 1 1 1 0 1 1 0 0 0 1 1 0
1 0 1 0 0 0 1 0 0 0 0 0 0 0 0 1 1 1 0 1 1 1 1 1 0 0 1 1 1 0 1 1 1 0 0 0 1 1 0 1 0 0 1 1 1 1 1 0 0 0 0 1 0 1 0 1 1 0 0 1 1 1 1 0 0 1 0 0 0 1 1 0 1 0 1 0 1 1 1 0 0 1 0 1 0 0 1 1 1 0 0 0 1 1 0 1 1 0 1 0
1 0 0 0 1 1 1 1 1 0 0 1 1 0 1 0 0 1 1 0 1 1 1 1 1 0 1 1 1 0 1 1 0 1 1 0 1 1 0 1 0 1 0 1 0 0 0 1 1 0 0 1 0 0 0 1 1 0 0 1 0 1 1 1 1 0 0 1 1 1 0 0 1 1 1 0 1 0 1 0 0 0 1 0 1 0 0 1 1 1 1 0 1 1 0 1 0 0 0 0
1 1 0 0 0 1 0 1 1 0 0 1 1 0 1 0 1 0 0 1 0 0 0 1 1 0 0 0 0 0 0 0 0 1 1 0 1 1 0 1 0 1 1 1 0 1 0 1 1 0 0 1 0 1 0 1 0 1 0 1 0 0 0 1 1 0 0 0 1 0 0 0 0 1 0 0 0 0 1 1 1 0 0 0 0 1 0 0 1 1 0 1 1 0 0 0 1 1 0 1
1 1 0 1 0 0 1 1 0 0 0 1 0 0 0 1 1 0 0 0 0 1 1 0 0 1 0 0 0 0 0 0 0 1 0 1 0 0 0 1 1 1 0 0 0 1 0 0 0 0 0 1 1 0 1 0 1 0 1 1 1 0 1 0 0 1 0 0 1 1 0 0 0 0 0 1 0 1 1 0 1 0 1 0 0 0 0 1 0 0 1 1 0 0 1 0 0 1 0 1
0 0 0 0 1 1 1 1 0 0 1 0 0 0 0 1 0 0 1 0 1 0 0 0 0 1 1 1 0 0 1 1 1 0 1 1 0 0 1 1 1 0 1 0 0 1 1 0 0 1 1 0 1 0 0 1 0 0 1 1 1 1 1 1 1 0 1 1 0 1 0 1 0 0 1 1 0 0 0 1 0 1 1 0 1 1 0 0 1 0 0 0 0 0 1 1 0 0 0 1
1 0 0 1 1 1 1 0 0 1 0 0 0 0 0 0 1 1 0 0 0 0 1 1 0 1 1 1 1 0 0 1 1 0 0 1 1 0 1 0 0 0 1 0 1 1 1 1 0 0 0 1 1 1 1 0 0 0 0 1 1 1 1 0 0 0 0 1 0 1 1 1 0 0 1 1 0 1 1 0 1 1 1 0 0 1 0 0 1 1 1 0 0 1 0 1 0 1 0 0
0 0 1 0 0 0 1 1 0 1 0 0 0 0 0 0 0 0 1 1 0 1 1 0 0 0 0 0 0 1 0 0 0 0 1 1 0 0 0 0 0 0 0 1 0 1 1 0 0 0 0 0 0 0 1 0 1 1 1 1 0 0 0 1 0 0 0 0 1 0 0 1 0 1 0 1 1 0 0 0 1 1 1 0 0 1 1 0 0 1 1 0 1 1 1 1 0 0 0 1
0 1 0 0 1 0 1 1 1 0 0 0 0 0 0 1 1 0 0 1 0 0 1 1 1 0 0 0 1 1 0 1 0 1 0 1 1 0 1 0 0 0 0 1 0 0 0 0 1 1 1 0 1 0 0 0 0 1 1 1 1 0 1 0 1 1 0 0 0 1 1 0 0 0 1 1 0 1 0 1 0 0 1 1 1 1 1 0 0 0 1 0 0 1 1 1 1 0 1 1
0 0 0 0 0 0 1 1 0 1 1 0 1 1 0 0 0 1 1 0 0 0 0 0 0 1 0 1 0 1 1 0 1 0 0 0 0 0 1 1 0 0 1 1 0 1 0 1 0 1 0 1 1 0 1 0 1 0 1 0 0 1 1 1 1 1 1 1 0 1 0 1 1 1 0 0 0 1 0 1 0 1 1 1 0 0 1 0 0 0 0 0 0 0 0 0 1 0 0 1
0 1 0 1 0 0 1 0 0 0 0 0 0 0 0 0 0 0 0 1 0 1 0 1 0 1 0 1 1 0 1 1 1 0 1 0 1 1 0 1 1 1 1 1 0 1 0 1 0 0 0 1 1 1 0 1 1 1 1 1 1 1 1 1 0 0 0 1 0 1 1 1 0 0 0 1 1 1 0 1 1 0 1 0 0 1 1 0 1 1 0 1 0 0 1 1 0 0 1 0
1 1 1 0 1 0 1 0 0 1 0 1 0 1 1 0 0 0 0 0 0 1 0 0 0 1 0 1 0 0 0 0 0 0 0 1 0 1 0 1 0 1 0 0 1 1 0 0 0 1 0 1 0 1 1 0 1 0 1 0 1 1 1 0 0 0 0 0 0 1 1 0 0 0 1 0 1 1 1 1 1 0 0 0 0 0 1 1 1 1 0 0 0 1 0 0 0 0 1 0
1 0 1 0 1 0 1 0 0 1 1 1 1 1 0 1 1 1 0 0 0 0 0 1 0 0 1 0 1 1 1 0 1 0 1 1 1 0 0 1 1 0 0 1 0 1 0 1 1 0 0 0 1 1 0 0 1 1 1 1 1 1 1 1 0 0 1 0 1 0 0 1 1 1 1 1 0 0 0 1 1 0 0 0 1 0 0 1 0 1 1 0 1 1 1 1 1 0 1 1
1 0 0 0 0 1 0 1 1 0 1 1 1 1 1 1 0 1 1 1 0 1 0 0 1 1 1 1 0 1 1 0 0 0 1 1 0 1 1 1 0 0 0 1 0 0 1 0 1 1 1 1 0 0 1 0 0 1 0 1 1 0 0 0 1 0 1 0 0 0 1 1 1 1 1 0 1 0 0 0 1 0 1 0 0 0 0 0 0 0 0 0 0 0 1 1 1 1 0 0
0 1 1 0 0 1 0 0 0 1 0 0 0 1 0 0 0 1 1 1 0 1 1 0 1 0 1 1 0 1 1 1 0 0 1 1 0 0 1 0 1 0 1 0 0 0 0 1 0 0 1 1 1 0 0 1 0 1 1 0 1 0 0 0 0 0 1 1 1 1 0 1 1 0 0 1 1 1 1 0 0 0 1 0 1 1 1 1 0 1 0 0 1 1 0 1 1 1 0 0
1 0 0 1 0 1 0 1 1 1 0 1 0 0 0 1 1 0 0 0 1 1 0 0 0 1 1 0 0 1 1 1 0 1 1 0 1 0 1 0 1 0 0 0 1 0 1 0 0 0 0 0 1 0 0 1 1 0 0 0 1 1 0 0 0 0 1 0 1 0 1 1 1 0 0 0 0 1 0 1 0 1 1 0 1 0 1 0 0 1 1 0 1 0 1 1 1 1 0 0
1 1 1 0 1 0 1 0 0 0 0 1 0 0 1 1 0 0 1 0 1 0 1 1 0 0 0 0 0 1 1 1 0 0 0 0 0 0 0 1 1 0 1 0 1 0 1 0 1 0 1 1 0 0 1 0 0 1 1 0 0 0 0 1 0 0 0 1 0 0 0 1 1 0 1 0 0 1 1 0 0 1 0 0 0 0 0 0 0 0 0 0 1 0 1 0 0 0 1 1
0 0 1 0 0 0 0 1 0 1 0 0 1 0 1 1 1 0 1 1 1 1 0 1 1 0 1 0 1 1 1 0 0 0 0 1 0 0 0 1 1 1 0 0 1 0 1 0 1 1 0 1 1 0 1 0 1 0 1 0 1 0 1 0 1 0 0 1 1 0 0 0 0 0 0 1 1 1 0 1 1 1 0 1 0 1 1 1 1 1 1 0 1 1 0 1 0 0 0 1
0 0 0 0 1 0 1 1 1 1 0 1 1 1 1 1 0 1 1 1 1 1 1 0 1 0 0 1 1 1 0 0 1 1 1 0 1 1 0 1 1 1 1 0 0 0 0 1 1 1 1 1 0 0 0 0 0 0 0 1 1 1 0 1 0 1 1 0 0 1 0 1 0 0 1 1 1 0 1 1 0 0 0 1 1 1 1 1 0 1 0 0 0 1 1 0 1 1 1 0
1 1 0 1 0 0 1 0 0 1 1 1 1 0 1 0 0 1 1 1 0 1 1 1 1 0 0 0 0 1 0 1 0 1 0 0 0 1 1 1 1 1 0 0 0 0 0 0 0 0 1 0 0 1 1 1 0 1 1 1 0 0 0 0 0 0 1 0 1 0 0 0 1 0 1 1 0 1 0 0 0 1 1 1 0 0 1 1 0 0 0 0 0 1 1 1 0 0 0 0
0 0 0 0 0 1 0 1 0 1 0 0 0 1 0 0 0 0 1 0 0 1 0 0 0 1 1 0 1 0 1 0 0 0 1 1 1 0 1 1 1 1 0 1 1 1 1 1 0 1 1 0 0 1 1 1 0 1 0 0 1 1 1 1 1 0 1 1 0 0 1 0 0 1 0 1 1 1 1 1 1 0 1 0 0 0 0 1 1 0 0 1 0 0 0 1 0 0 1 1
0 0 0 0 0 0 1 0 1 1 1 1 0 1 0 0 0 0 1 0 1 1 0 0 0 1 0 1 0 1 0 0 1 0 1 1 1 1 1 0 1 1 1 1 1 1 1 0 1 1 1 0 0 0 0 1 1 1 0 1 0 1 0 1 0 1 0 0 0 1 1 1 0 0 1 1 1 0 0 1 1 1 0 0 1 1 1 0 0 1 1 0 0 1 1 0 1 1 1 0
1 1 0 0 1 1 1 1 1 0 1 1 1 0 1 1 1 0 1 1 0 0 0 0 0 0 1 0 0 0 1 0 0 1 1 0 1 0 0 0 1 0 1 1 1 0 0 0 1 0 1 0 1 1 0 0 1 1 1 1 0 1 0 1 0 0 1 0 1 1 0 1 0 0 1 0 1 0 1 0 1 1 0 1 1 1 1 1 1 0 0 0 0 0 0 0 1 1 0 0
1 0 1 1 0 0 1 1 0 0 1 0 0 1 0 0 1 0 1 0 1 0 1 1 0 1 1 0 1 0 0 0 0 0 1 1 0 1 0 0 0 0 1 1 0 1 1 0 0 0 0 0 1 0 1 0 0 1 1 0 1 1 0 0 1 1 1 1 1 0 1 0 0 1 0 0 0 1 1 0 1 0 0 1 1 1 1 0 1 0 1 1 1 1 0 1 1 0 1 0
1 0 0 0 1 1 0 0 0 1 0 1 1 0 1 1 1 1 1 0 1 1 0 0 1 1 0 0 0 0 0 0 1 1 1 1 0 1 0 1 0 0 1 1 0 1 0 1 1 0 1 0 0 0 0 1 0 0 1 0 0 0 0 1 0 0 1 0 0 0 1 1 1 0 0 1 0 1 1 1 1 0 0 1 1 1 1 0 1 1 0 1 1 0 1 1 1 0 0 0
0 0 0 0 1 0 0 0 0 1 0 1 0 1 1 0 0 0 0 0 0 1 1 1 0 0 1 1 1 0 0 0 1 0 1 0 1 1 1 0 1 1 1 0 0 1 0 1 1 0 1 1 1 0 0 0 0 1 1 0 1 1 1 0 0 1 1 0 1 1 0 1 0 1 0 0 0 1 0 1 0 1 0 1 0 0 0 1 1 1 0 1 1 1 0 1 1 0 1 1
0 1 1 0 0 0 1 0 0 0 1 1 1 1 0 0 0 1 1 1 1 0 0 0 1 1 1 0 1 1 1 1 1 1 1 0 0 1 1 1 0 0 1 0 0 0 0 0 1 1 1 1 1 0 1 1 0 1 1 1 0 0 1 0 0 1 0 0 0 1 0 1 1 1 0 0 1 1 1 0 0 1 0 0 1 0 1 0 0 1 1 1 0 1 0 1 1 1 1 1
0 0 1 0 0 0 1 1 1 0 0 0 0 1 1 0 1 1 0 0 0 0 1 0 1 0 0 1 0 1 1 1 0 0 0 1 0 1 0 0 1 1 0 1 0 0 1 0 1 1 0 1 0 1 1 1 0 0 0 1 1 1 1 1 0 0 0 1 1 1 0 0 0 0 0 1 1 0 1 0 1 1 0 1 0 1 1 1 0 1 0 0 0 1 0 0 1 1 0 0
0 0 1 0 0 1 1 1 0 1 1 1 0 0 1 0 1 1 0 1 0 1 0 0 0 1 1 1 1 1 0 1 0 0 1 1 1 0 1 0 0 1 0 0 0 0 1 0 0 1 1 0 1 0 1 1 0 0 0 0 1 1 0 1 1 1 1 1 0 1 0 1 0 1 1 0 0 0 1 1 1 0 1 0 1 1 0 1 1 1 1 1 0 1 1 1 1 1 1 1
0 0 0 0 1 1 1 0 0 1 0 0 0 1 0 0 1 1 0 0 1 1 1 1 0 1 0 0 1 0 0 1 0 0 1 1 1 0 0 1 1 1 1 1 0 0 1 0 0 1 1 1 0 0 0 0 1 0 1 1 0 0 0 1 1 1 0 0 0 1 1 0 1 0 0 1 0 0 0 1 0 1 1 1 1 1 1 0 0 1 0 0 1 0 1 1 0 0 1 0
1 1 1 0 1 1 0 0 0 1 0 1 0 0 1 0 0 1 1 1 1 1 1 1 1 0 1 1 0 1 1 1 0 1 0 1 0 0 0 1 0 1 1 1 1 0 0 0 1 0 0 0 1 0 0 1 1 0 1 1 1 1 0 0 0 0 1 0 0 0 0 1 1 0 1 1 0 1 1 0 0 0 1 1 0 0 1 1 0 1 0 0 0 1 1 1 1 1 1 1
0 1 0 0 0 1 1 0 1 1 0 0 0 1 0 1 1 0 0 0 1 1 1 0 0 1 0 1 1 0 1 1 0 1 0 0 0 1 1 0 0 1 0 0 1 1 1 0 0 0 0 0 0 0 0 1 1 1 0 1 0 1 1 0 1 1 1 1 1 1 0 0 0 0 0 0 0 0 0 1 0 1 0 0 1 1 1 1 0 0 0 1 0 1 0 0 0 1 0 0
0 0 0 1 1 0 1 1 1 1 0 1 1 1 0 0 1 1 1 1 0 0 0 1 1 0 1 1 1 1 0 0 1 0 0 1 0 1 0 1 1 0 1 1 1 0 1 1 1 0 0 1 1 0 1 1 0 0 1 0 1 1 1 1 0 0 1 1 1 1 0 1 0 1 1 1 1 0 1 0 0 1 1 0 0 1 1 0 0 1 0 0 0 0 1 1 0 1 0 1
0 1 1 1 0 0 1 1 0 1 1 1 0 0 1 0 0 1 0 1 0 0 0 1 0 1 0 0 1 0 0 0 0 1 0 1 0 1 0 1 0 1 1 1 1 1 1 0 1 1 1 0 0 1 1 1 1 0 0 0 1 1 0 1 1 1 1 0 0 0 1 0 0 0 1 1 0 1 1 1 1 1 1 1 0 1 1 0 1 0 1 1 0 1 1 0 0 1 1 0
0 1 0 0 0 1 0 0 0 1 0 0 0 0 0 1 1 1 1 0 0 0 1 1 1 1 0 0 0 0 1 0 0 1 0 0 0 1 1 0 0 0 1 1 0 0 1 0 0 1 1 0 0 0 1 0 0 0 1 1 1 1 1 1 1 0 1 1 0 0 0 1 0 1 0 0 0 1 0 1 0 0 1 0 0 1 0 1 0 0 0 0 1 1 0 0 1 1 1 1
1 0 1 0 1 0 1 1 1 1 1 1 1 0 1 1 0 1 0 1 0 0 0 1 1 0 0 0 1 0 1 0 1 0 1 1 1 0 1 1 1 0 0 1 0 0 1 0 0 0 1 1 0 0 0 1 0 1 0 1 1 0 1 1 1 1 1 0 0 1 0 1 1 0 0 1 0 0 1 0 0 1 0 1 1 0 1 0 0 0 0 1 1 1 0 0 1 1 1 1
0 1 1 1 0 0 1 0 0 0 0 1 0 1 0 1 1 0 0 0 0 1 1 0 0 1 1 0 0 0 1 1 0 1 0 0 0 1 1 0 0 0 0 1 0 0 1 0 0 1 1 1 1 0 1 1 1 0 1 1 1 0 1 0 1 1 1 0 1 1 1 1 1 1 0 0 1 1 1 0 0 1 0 0 0 1 0 1 1 1 0 0 0 1 0 0 1 0 1 1
0 1 0 0 0 0 0 0 0 1 0 1 1 0 1 1 1 1 1 1 0 0 1 0 0 1 0 1 1 1 1 0 0 0 1 1 0 1 0 1 1 0 0 0 1 0 0 0 0 1 1 1 1 0 1 0 0 1 1 1 1 0 0 1 1 0 1 1 1 0 1 1 1 0 1 1 1 0 0 1 0 0 1 1 0 0 1 1 0 0 1 0 0 1 0 1 0 1 1 1
0 0 1 0 0 0 0 1 0 1 1 0 0 1 1 1 0 0 1 1 0 1 1 1 0 1 0 0 1 1 0 0 0 1 0 0 1 0 0 0 1 0 0 1 0 1 1 1 1 1 1 0 0 0 0 1 1 1 1 1 0 0 0 1 1 0 0 0 0 1 0 0 0 0 0 1 1 1 1 1 0 0 0 0 0 1 1 0 1 0 0 1 0 0 1 0 0 1 0 1
0 0 1 0 1 1 0 0 0 0 0 0 1 1 1 1 1 0 1 0 0 0 0 1 1 0 0 0 0 1 0 1 0 0 0 0 0 0 0 1 0 1 1 1 1 1 0 0 1 0 1 0 0 0 1 1 0 0 0 0 0 1 1 1 0 0 0 1 1 1 0 0 1 1 0 0 0 0 0 1 1 0 1 0 0 0 1 1 1 0 1 0 0 1 1 1 1 1 0 1
1 1 0 1 1 1 1 0 0 1 1 0 1 0 0 1 1 1 0 1 0 1 1 0 0 0 1 0 0 0 1 0 0 1 0 1 0 1 1 0 0 0 1 1 0 1 0 1 0 1 0 1 1 1 0 1 1 0 1 0 1 0 1 0 1 0 0 0 1 0 0 0 0 1 0 1 1 0 1 1 0 1 1 1 1 0 1 1 0 1 1 1 1 0 1 0 1 1 1 0
1 1 0 0 0 1 1 1 1 0 1 1 0 0 0 0 0 0 0 1 0 1 0 1 0 0 1 0 1 1 0 0 1 0 0 0 1 0 0 0 1 1 1 1 0 1 1 1 1 1 0 1 0 1 1 0 1 0 1 1 1 1 0 1 1 1 1 1 0 0 1 1 1 1 1 0 0 1 0 1 1 1 1 1 1 1 1 0 0 0 1 1 1 0 1 0 0 1 0 0
1 0 0 0 0 1 0 1 1 1 1 0 0 0 0 1 1 0 1 1 1 1 0 1 1 0 1 1 1 0 0 0 0 1 0 1 0 0 0 0 1 0 1 0 1 0 1 0 0 1 0 0 1 0 0 0 1 1 0 0 1 1 0 1 0 0 0 1 0 0 1 0 0 0 0 1 1 1 0 0 0 1 0 0 0 1 1 0 0 0 1 1 1 0 1 1 0 0 1 1
1 1 0 0 0 1 1 1 1 1 0 1 0 0 0 1 1 1 0 1 0 0 0 0 0 0 1 1 0 0 1 1 1 1 1 1 1 1 0 0 0 0 1 0 0 0 0 1 1 1 0 0 0 0 1 1 1 0 1 1 0 0 0 0 0 0 1 1 1 0 0 1 0 1 0 0 0 0 1 0 0 0 0 1 0 0 0 1 0 1 0 1 0 1 1 0 1 1 1 1
1 1 0 1 0 0 1 1 1 1 1 1 0 0 1 1 0 1 0 1 0 0 1 0 0 1 0 1 1 1 0 0 1 0 1 0 0 1 1 1 1 0 1 1 1 1 0 0 0 0 0 0 0 0 1 0 1 1 0 1 0 0 1 0 1 0 1 0 1 1 0 0 1 0 0 0 0 1 0 1 1 0 1 0 1 0 0 1 1 1 0 0 1 0 0 0 0 0 0 0
0 0 0 0 0 1 1 1 0 0 0 1 1 0 0 0 0 1 0 0 1 0 1 0 1 0 1 0 0 0 1 1 1 0 0 1 1 1 0 0 0 0 1 0 0 0 1 0 1 0 0 0 0 1 1 1 1 0 1 1 1 0 0 0 1 1 0 1 1 1 1 1 0 0 1 1 0 1 0 1 1 0 0 1 0 1 1 0 1 0 1 0 1 1 0 0 1 1 1 1
1 1 1 1 1 0 1 0 1 0 1 0 0 1 0 0 0 0 0 1 0 1 1 0 0 0 0 1 0 0 0 0 1 0 1 0 0 1 1 0 0 0 1 1 1 0 0 1 1 0 0 1 0 0 1 1 0 1 1 0 0 1 0 1 0 0 1 0 0 1 0 1 1 0 0 1 1 0 0 1 1 1 0 0 0 1 0 0 1 0 1 1 0 1 1 0 1 0 1 1
1 1 0 0 1 0 1 1 0 0 1 1 1 1 0 0 0 0 1 1 1 0 1 0 0 0 1 1 0 1 0 1 0 0 1 1 1 1 1 1 0 1 0 0 1 1 0 1 0 1 0 0 1 1 0 1 0 0 0 0 1 1 1 0 0 1 1 0 1 1 1 1 1 0 1 1 0 1 1 1 0 0 1 1 0 0 1 0 1 1 1 0 0 0 1 1 0 1 0 1
1 0 1 0 1 0 1 0 1 0 0 1 0 1 1 0 1 0 1 1 0 1 0 1 0 1 1 0 0 0 0 0 1 1 1 0 1 1 0 0 1 0 0 0 1 0 0 0 0 0 1 0 0 0 0 0 0 1 0 1 0 0 1 1 1 1 1 1 1 1 0 1 0 0 0 1 1 1 1 0 1 1 0 0 1 0 1 0 0 0 0 1 1 1 0 0 0 1 0 0
1 0 1 1 1 0 1 0 1 1 0 1 0 0 1 0 1 1 1 0 0 1 0 1 0 1 0 1 0 1 1 0 0 0 1 1 0 0 1 0 0 1 0 1 0 0 0 0 0 0 0 0 0 0 1 1 1 0 1 1 0 1 0 1 1 1 1 1 0 0 0 0 1 0 1 0 1 0 0 1 1 0 0 1 0 0 1 0 1 1 1 0 0 1 1 1 1 1 1 0
0 0 1 1 1 0 0 1 0 0 0 0 1 1 1 1 1 0 0 0 1 0 1 0 1 0 0 0 1 0 1 1 0 1 0 1 0 1 0 1 0 0 0 1 1 1 1 0 0 1 1 0 1 1 1 0 0 0 0 0 0 0 0 0 1 1 1 0 1 1 0 1 1 1 1 1 0 1 1 0 0 1 0 0 1 1 1 1 0 1 1 0 0 1 1 1 1 1 0 1
0 1 0 0 0 1 1 1 1 1 0 1 1 1 1 0 1 1 0 1 1 0 0 1 1 0 0 1 1 1 0 0 1 1 1 0 1 0 0 1 1 0 0 0 0 1 1 0 0 0 1 1 1 1 0 1 0 0 1 1 1 1 0 1 0 1 0 0 1 1 1 0 1 1 1 0 1 1 0 0 1 1 0 0 1 1 0 0 1 0 1 1 0 0 0 0 1 1 1 1
0 0 1 1 1 0 0 0 1 1 1 0 1 1 0 1 0 1 1 0 0 0 1 1 1 1 0 0 1 1 1 0 0 1 1 1 0 1 0 1 1 0 1 0 1 1 1 1 1 1 1 0 1 0 0 1 0 0 0 0 1 1 0 1 0 1 0 1 0 0 0 0 1 1 1 1 1 1 1 1 0 0 0 0 0 1 0 1 1 1 0 0 1 1 0 0 0 0 0 0
1 1 0 0 0 0 1 0 0 1 1 0 0 0 0 1 1 0 1 0 1 1 1 1 1 1 0 1 0 1 1 0 0 0 1 1 1 1 1 1 0 0 0 0 1 1 1 1 0 1 0 1 1 1 0 1 1 0 0 0 0 0 1 0 0 0 0 1 0 1 1 0 1 1 0 0 0 1 0 1 0 0 1 0 1 0 0 0 1 0 0 1 0 0 1 0 0 0 0 1
1 1 0 0 0 1 0 1 1 0 1 1 1 0 1 1 0 1 0 1 0 1 1 1 0 0 0 0 0 0 0 1 1 1 1 1 1 1 1 0 0 1 0 0 0 0 0 0 0 1 0 1 1 1 1 0 1 0 0 0 0 0 0 0 1 0 1 1 1 0 0 0 0 0 1 1 0 0 1 1 0 1 1 0 1 0 1 1 1 0 0 1 0 0 0 1 1 0 1 0
0 1 1 1 0 0 0 1 1 1 0 1 0 0 1 1 0 1 0 1 1 0 1 0 1 0 1 1 1 0 1 0 0 1 1 0 1 0 1 1 0 1 0 0 1 0 0 1 0 0 1 0 1 1 1 1 0 0 1 0 0 0 0 1 0 1 1 0 0 0 0 0 1 0 1 0 1 1 0 1 1 0 0 1 0 0 0 0 1 1 0 1 0 0 0 1 1 0 0 0
0 0 1 0 0 0 1 1 0 1 1 0 1 0 1 1 1 0 1 1 0 1 0 1 0 1 1 0 1 1 0 0 0 1 0 1 1 0 0 0 1 0 1 0 1 0 1 0 0 1 0 0 0 1 0 0 1 1 1 1 1 1 0 0 1 1 1 1 0 1 0 1 1 1 0 1 0 1 1 0 1 0 1 0 0 1 1 1 0 0 0 1 0 1 0 1 1 1 1 0
1 0 0 0 1 1 1 1 0 0 0 0 1 1 1 0 0 0 1 0 1 0 1 1 0 1 1 0 1 0 0 1 0 0 1 1 0 0 1 1 0 0 0 0 1 1 1 0 1 1 0 1 1 0 0 0 0 1 0 1 1 1 0 0 1 1 1 0 0 0 1 0 1 1 0 0 1 1 0 0 1 0 1 0 1 0 1 1 1 1 0 1 0 0 0 1 1 1 1 0
0 0 0 0 0 0 0 0 0 0 0 0 1 1 0 1 1 0 0 0 1 1 0 0 1 0 1 1 0 1 1 1 0 1 1 0 0 0 1 0 0 0 0 0 0 1 0 1 1 0 1 0 1 0 1 1 0 0 0 1 1 0 1 1 1 1 1 1 1 0 1 0 1 0 1 1 0 1 1 0 0 0 1 0 0 0 1 1 0 1 0 0 0 0 1 0 1 1 1 0
52 68
24 21
58 45
69 84
74 34
