100 2 5
510 173
947 737
61 607
844 465
555 563
542 266
83 481
510 348
884 366
952 561
193 832
935 551
898 445
283 798
45 293
865 712
851 931
837 648
294 649
315 822
506 126
606 464
488 209
754 949
348 949
406 104
514 282
751 240
352 249
218 111
697 116
460 395
42 304
438 498
818 747
193 535
79 159
940 351
961 977
94 680
799 160
665 452
119 411
641 584
621 265
253 546
261 592
452 705
994 604
287 616
183 809
751 422
364 656
632 441
929 596
966 893
372 231
594 149
252 375
116 574
496 195
780 926
110 294
95 88
142 148
288 842
534 594
66 581
720 814
532 608
546 601
374 277
893 793
817 350
503 437
161 697
774 427
578 231
500 58
813 569
159 305
211 326
972 505
254 237
171 295
100 8
993 279
234 273
176 192
897 640
299 221
953 300
386 401
699 397
488 576
108 327
892 181
34 994
414 525
186 893
49 21
37 48
46 33
26 41
2 39
29 35
12 5
47 35
16 23
43 34
43 26
44 11
13 31
20 46
39 35
17 46
31 5
17 13
33 27
10 37
33 12
35 0
45 4
33 42
25 22
46 42
48 19
28 3
21 16
19 6
15 37
41 21
43 48
23 14
7 26
3 10
41 13
40 48
31 38
15 26
15 43
26 16
17 49
27 29
42 28
15 31
29 42
29 47
4 38
34 10
47 10
5 3
4 41
13 9
5 10
25 35
18 28
35 1
8 25
5 3
23 44
20 43
30 44
4 45
50 30
20 23
0 15
21 22
41 43
11 20
7 22
16 46
18 36
34 24
21 10
0 4
28 14
10 42
14 35
7 14
28 50
43 3
36 14
23 13
16 26
47 12
24 11
8 19
21 43
7 20
20 22
16 45
47 26
12 10
15 32
9 0
38 40
37 2
42 42
37 44
0 2
2 2
0 2
2 0
2 0
1 0
2 0
1 0
1 1
0 1
1 1
1 1
0 1
0 1
0 2
2 1
2 1
2 1
2 1
2 2
1 2
1 0
0 1
2 0
1 0
2 0
1 1
2 0
2 2
2 0
0 2
1 1
1 1
2 0
2 2
1 2
2 2
2 2
2 1
2 1
1 2
1 2
1 1
2 2
1 0
0 2
2 1
0 2
2 2
1 2
2 1
1 0
0 0
0 1
1 0
2 1
0 1
0 2
2 0
0 2
0 0
2 2
2 1
2 0
2 2
0 1
0 0
1 1
0 0
0 1
0 1
1 2
1 0
1 0
0 1
2 1
0 1
2 2
2 2
1 1
1 2
1 0
2 2
2 0
1 2
1 2
0 0
2 1
0 2
0 1
2 2
1 0
1 1
1 2
2 2
0 1
1 2
2 2
2 2
1 1
94 1
7 2
83 1
48 2
53 2
