100 100 5
200 362 770 47 373 913 939 314 18 960 444 116 688 812 25 9 242 865 957 581 823 410 237 151 521 513 550 192 460 731 447 946 35 746 209 920 534 386 305 403 344 339 383 741 439 486 762 219 340 246 504 567 485 923 341 549 347 900 869 996 998 55 361 912 809 529 967 915 1000 658 590 413 119 353 662 925 483 613 172 477 797 726 180 404 957 251 201 151 471 6 960 713 320 705 607 714 189 119 454 101
97 729 905 148 231 405 56 908 628 858 820 884 401 906 836 378 937 626 357 491 827 340 627 153 174 467 444 948 693 474 553 903 780 507 187 629 713 973 84 37 388 735 475 713 883 69 947 940 602 347 721 540 485 497 873 188 694 517 247 656 619 676 885 567 654 785 238 732 747 433 223 405 159 24 956 239 620 496 989 748 787 555 330 215 951 512 85 790 670 333 913 491 818 532 209 128 508 857 105 758
598 344 387 353 921 264 397 328 940 716 49 381 643 422 124 265 699 609 745 416 867 143 421 647 546 280 578 615 637 610 93 901 700 812 684 765 575 409 54 119 265 431 894 198 996 328 153 673 888 385 764 259 148 623 769 588 131 779 409 454 415 563 979 889 377 271 717 7 6 427 109 829 672 999 90 531 796 689 957 891 510 3 287 719 45 875 533 843 982 322 653 101 110 612 909 333 174 531 853 953
199 491 768 322 216 582 143 6 816 16 453 132 764 263 699 586 935 52 90 292 967 80 816 106 3 842 622 119 372 730 367 75 914 505 628 718 944 375 232 376 418 784 115 494 991 629 982 160 383 840 243 289 200 519 54 733 894 430 377 612 139 261 248 741 171 636 762 372 793 896 163 749 524 111 987 829 834 1000 628 21 645 482 498 603 640 464 380 76 457 301 976 465 397 371 223 457 278 238 608 160
330 466 177 750 281 633 105 557 797 791 300 856 261 869 335 311 843 363 572 760 169 313 449 741 939 596 328 744 44 715 448 141 213 65 423 665 281 873 242 814 41 947 694 503 2 264 656 678 613 903 339 888 46 541 239 3 748 78 434 230 779 774 119 554 524 702 385 504 894 380 115 793 153 258 391 292 831 777 21 168 774 86 36 511 845 287 166 928 19 621 332 767 518 528 591 568 521 941 467 431
495 692 686 678 366 942 744 300 644 506 55 499 237 200 52 139 234 910 934 479 121 586 446 131 525 61 768 545 777 724 34 740 322 400 83 262 368 989 155 168 828 971 387 610 122 309 70 896 177 77 532 634 925 8 404 766 890 732 205 385 733 133 606 514 388 4 305 782 940 589 719 914 800 324 551 285 65 685 268 955 201 474 727 821 782 378 471 762 566 375 891 38 775 665 110 130 923 1000 372 921
521 226 160 693 567 379 287 954 838 326 355 627 904 856 676 261 82 670 469 646 844 649 945 74 47 433 685 922 188 731 372 88 16 902 53 964 740 683 226 814 486 537 837 690 679 17 712 344 7 912 748 890 131 307 743 8 336 288 643 910 681 300 402 97 85 546 873 310 326 107 77 301 548 456 975 11 258 455 61 916 412 367 53 947 946 439 76 909 309 780 586 482 123 409 554 451 476 617 407 652
267 212 55 924 727 633 3 783 936 820 15 589 999 145 110 805 582 86 617 655 898 88 576 582 12 348 60 943 154 94 530 731 687 537 906 13 388 671 607 466 640 13 441 717 633 907 868 269 662 165 533 104 624 477 177 267 209 278 544 171 910 677 246 373 138 210 842 137 682 913 62 91 951 151 87 53 117 990 406 723 527 14 422 577 342 864 610 395 734 123 166 172 272 605 243 951 715 341 483 169
534 77 478 807 106 250 912 536 674 525 351 40 12 144 414 204 629 674 604 486 947 752 387 602 799 679 182 255 659 540 342 96 720 324 753 358 99 639 328 121 525 398 510 625 164 954 756 788 848 632 981 442 618 244 187 756 788 734 387 226 733 198 481 311 783 51 730 154 888 380 992 422 572 507 148 804 291 443 332 212 367 492 140 403 690 9 402 122 388 444 569 879 823 604 41 233 112 367 913 637
484 714 256 81 690 306 303 422 9 817 766 459 215 954 242 469 651 118 887 654 278 188 639 950 751 692 727 940 340 644 681 675 48 553 631 607 947 648 327 720 459 115 409 751 885 62 728 587 291 510 218 890 733 828 107 710 788 152 980 587 981 394 769 48 838 605 200 166 80 439 710 485 833 859 892 706 642 935 938 508 331 319 577 217 763 889 621 546 62 102 548 182 565 145 963 814 465 738 187 216
882 121 697 286 598 833 579 876 384 87 113 869 114 57 887 807 560 123 307 160 446 899 790 899 787 365 19 654 46 802 67 803 356 32 62 209 776 237 274 191 289 803 694 85 523 763 872 695 610 974 549 317 159 212 695 71 698 98 212 973 218 114 618 967 612 630 722 852 418 104 684 933 583 447 608 961 611 35 582 869 570 840 102 420 371 716 352 664 222 218 283 652 667 532 411 529 35 323 17 201
261 381 456 937 795 589 214 40 940 622 473 968 266 300 365 67 822 279 430 330 359 663 997 588 228 352 740 439 453 348 940 241 129 592 799 755 898 913 694 35 307 451 111 973 7 450 597 7 797 976 261 20 609 578 737 962 966 386 962 49 262 905 829 511 776 705 425 129 703 561 293 363 440 342 779 996 492 606 820 504 960 170 174 899 579 567 300 722 4 605 132 967 814 636 882 784 988 311 177 477
798 513 794 567 549 181 211 357 623 993 708 999 529 711 324 811 9 311 240 466 407 484 449 759 90 435 313 301 992 241 874 632 519 108 220 962 842 816 860 890 284 199 303 481 498 5 306 288 306 821 613 829 103 287 128 163 657 289 707 181 712 151 727 344 620 57 347 447 316 354 545 352 71 406 629 8 755 417 42 982 249 61 127 240 989 131 693 1 534 146 95 114 156 196 580 947 554 908 408 20
898 475 96 579 819 510 44 884 219 312 337 808 455 538 479 160 633 408 634 931 753 673 123 448 757 887 918 649 966 612 355 755 697 105 448 961 822 483 487 599 169 708 187 807 429 654 386 739 163 902 529 534 24 861 540 144 452 318 287 688 856 753 442 998 67 414 394 26 358 652 776 36 118 670 560 556 609 707 119 46 994 682 485 683 467 71 22 342 112 279 148 856 495 593 225 609 181 830 266 748
886 890 187 171 252 586 221 210 10 224 544 1000 876 987 988 362 86 759 732 380 507 961 694 407 710 848 901 779 587 192 76 274 711 59 494 886 276 717 543 499 652 187 751 42 516 499 595 744 522 661 203 814 314 921 409 691 972 9 995 438 991 689 234 427 889 165 698 458 366 310 930 241 905 80 592 552 483 894 811 714 968 977 26 949 728 96 85 82 692 456 903 764 580 216 928 746 570 187 53 487
211 545 835 802 70 31 191 580 500 372 895 280 935 290 267 191 148 921 339 390 507 811 976 749 271 780 275 907 925 143 870 690 869 551 792 857 178 432 746 500 686 303 15 560 321 147 223 630 647 590 545 565 650 309 777 579 316 805 482 359 461 953 685 62 285 909 349 125 731 383 1000 72 539 709 346 927 431 187 412 716 988 899 707 577 108 383 169 848 86 467 441 751 130 118 992 978 767 778 170 526
808 196 524 446 301 7 631 426 663 385 323 800 514 355 588 275 183 546 789 86 298 54 69 554 968 768 343 560 834 113 829 800 530 234 831 391 524 221 426 409 916 530 291 53 393 881 471 679 178 588 479 933 561 734 773 562 590 26 279 52 637 992 927 288 357 486 531 764 803 52 272 793 931 247 601 691 222 340 905 245 841 16 335 105 431 936 907 501 150 999 990 565 809 847 49 512 396 66 479 926
741 888 370 649 505 10 625 708 444 666 772 38 970 54 327 228 30 212 495 408 280 803 421 641 837 763 308 671 384 103 561 649 423 982 707 375 523 425 302 348 382 134 168 214 382 24 166 721 53 640 939 565 74 223 425 888 575 812 367 992 329 344 617 119 247 214 470 185 204 805 941 273 397 530 795 236 528 115 811 64 805 606 212 905 376 64 472 214 985 559 152 562 520 89 455 565 419 386 455 387
801 449 656 128 791 853 521 559 505 938 144 345 567 983 373 309 986 220 486 662 473 449 56 491 77 4 916 147 41 552 122 848 845 658 533 715 480 57 506 253 381 324 947 661 682 577 123 913 647 163 692 169 2 214 48 270 387 592 773 179 627 835 804 560 193 92 90 421 811 501 956 718 218 680 8 579 505 538 542 911 119 966 985 992 143 632 438 916 975 452 601 660 906 259 581 191 611 875 852 708
486 229 279 950 610 235 335 390 711 967 632 224 813 265 904 414 881 653 837 638 866 415 193 982 931 116 748 539 714 479 831 301 466 541 960 705 602 464 72 377 615 122 960 36 317 45 209 521 898 34 808 467 331 565 388 701 986 343 434 924 921 687 209 823 766 274 834 215 971 420 911 295 885 286 621 327 265 410 141 624 583 385 364 646 856 299 596 830 896 672 343 706 68 152 896 388 539 743 439 760
294 529 216 868 303 818 816 125 805 319 304 200 827 486 164 111 757 85 322 277 116 46 846 339 221 792 317 674 395 14 560 443 421 948 83 520 811 115 639 851 643 840 304 861 974 77 156 160 780 934 56 159 969 813 372 772 267 878 954 784 922 844 878 152 487 530 444 346 698 941 165 255 822 320 622 947 124 510 429 178 120 431 453 518 884 773 564 706 67 293 431 301 148 751 941 707 114 208 991 795
522 603 558 706 247 766 178 957 752 539 934 953 624 511 983 552 459 730 985 230 688 808 284 607 936 125 800 884 121 672 240 102 889 654 400 340 387 639 728 73 653 479 154 515 345 322 66 769 737 342 227 190 733 216 843 440 449 436 775 702 374 449 389 490 228 151 87 810 439 46 113 169 755 169 392 849 573 281 255 986 809 822 743 423 167 444 761 707 629 788 785 653 683 88 635 371 902 474 370 521
79 311 9 760 911 219 934 376 731 337 810 724 239 109 848 94 720 918 585 552 617 683 54 484 77 431 271 280 475 535 858 611 32 653 807 248 257 581 909 771 331 66 91 134 960 358 94 740 994 885 148 935 675 613 309 448 388 563 189 434 831 855 261 17 607 349 855 139 846 15 285 53 566 706 418 266 330 603 789 134 738 18 215 157 587 274 118 35 31 668 422 588 998 16 592 155 813 446 759 210
25 398 774 456 288 437 319 659 673 511 647 258 38 718 462 885 650 393 732 263 653 886 771 289 379 236 321 997 361 229 179 528 699 441 764 990 304 483 721 734 393 434 564 266 660 458 286 194 234 982 228 457 367 96 897 539 205 644 680 994 785 821 375 890 231 291 959 792 657 8 170 570 832 390 703 371 773 505 681 6 490 229 303 666 831 324 418 556 54 665 610 902 132 337 80 561 189 395 709 790
989 70 287 52 801 501 926 355 450 839 871 414 426 170 502 486 329 393 953 223 445 219 872 399 339 498 573 18 211 455 867 23 323 62 232 204 826 941 703 542 926 479 119 952 437 862 805 106 581 271 659 788 1000 221 583 1000 874 889 83 61 142 933 587 289 109 409 250 55 151 235 496 73 759 412 77 597 601 229 366 459 310 240 231 133 516 825 633 357 855 579 927 535 29 544 80 398 238 489 743 402
527 566 89 808 753 145 247 103 386 837 156 117 584 402 561 58 158 591 582 599 4 376 417 20 448 586 30 991 402 334 906 261 945 487 553 431 206 20 29 795 604 465 239 689 424 844 778 39 149 699 592 546 863 476 25 496 312 829 614 867 339 416 219 551 809 889 658 497 160 494 115 495 34 898 352 414 894 18 586 710 170 73 221 361 376 536 447 276 572 359 980 161 976 606 858 719 560 355 221 466
365 238 623 404 426 315 582 626 921 237 757 476 166 736 219 911 800 995 907 714 991 831 379 463 530 808 716 557 565 216 431 497 411 842 830 1 607 787 552 113 325 305 260 651 408 915 924 649 66 151 67 966 731 270 773 479 835 999 663 483 632 338 996 487 639 611 707 982 254 734 966 765 641 745 703 266 204 464 957 410 981 634 288 153 880 402 294 825 109 886 332 337 726 371 122 431 220 378 906 188
298 920 125 897 469 254 538 29 480 113 689 928 609 863 776 673 823 998 820 1 608 837 154 589 622 769 483 205 106 726 591 433 488 383 593 528 419 288 453 715 701 391 731 905 886 145 571 79 480 332 582 793 128 155 691 245 782 580 74 610 641 970 400 585 291 526 263 405 637 273 415 717 14 843 454 587 153 540 760 954 649 229 409 878 991 972 306 499 876 641 760 869 753 450 258 887 637 412 777 722
62 869 366 22 687 802 105 484 219 238 432 815 152 28 187 659 960 418 530 237 538 758 339 915 200 698 729 530 388 993 707 256 17 819 707 13 251 377 218 63 561 849 784 817 505 112 68 886 442 396 538 170 366 354 218 309 658 263 599 549 512 991 324 345 991 217 707 988 792 654 847 129 695 873 127 410 301 814 9 283 99 728 516 116 843 985 154 247 429 330 38 217 2 833 455 416 213 156 504 218
319 591 757 4 991 576 522 392 764 718 916 560 215 477 82 378 722 645 415 365 662 334 592 834 713 2 617 511 799 891 480 878 250 482 375 139 282 944 343 71 697 533 651 181 99 386 479 915 556 18 151 758 894 789 852 984 858 921 671 134 159 219 19 678 113 4 593 623 137 634 465 973 7 46 943 796 675 554 224 921 841 954 822 874 492 200 243 202 808 727 897 797 665 681 39 626 198 921 694 75
355 321 512 691 318 684 341 742 170 81 277 406 140 107 232 521 82 151 411 330 537 949 830 401 315 209 109 112 400 582 170 96 460 855 833 810 230 787 480 704 848 242 313 115 696 785 443 261 937 737 232 866 78 209 239 591 607 930 128 294 415 591 213 681 26 216 338 141 280 696 111 210 711 230 194 134 28 963 136 915 889 313 891 354 232 487 668 126 816 134 391 245 306 52 167 831 161 140 631 320
893 219 988 547 175 644 938 661 789 25 768 421 906 971 602 532 727 461 893 46 724 284 264 117 495 62 179 660 965 305 310 215 341 366 538 241 968 780 91 467 785 663 949 261 463 378 856 467 694 356 376 592 999 763 572 825 357 4 815 733 933 909 262 167 3 452 357 230 156 996 226 314 432 854 491 10 340 466 910 338 224 11 111 780 613 56 321 727 802 341 541 781 849 503 802 888 625 57 195 373
977 753 849 534 880 297 301 124 431 782 482 203 653 411 355 101 333 832 344 371 156 753 733 90 285 498 717 379 835 112 95 646 89 843 932 868 810 109 994 786 938 223 111 154 185 761 80 267 877 374 840 818 304 78 416 645 114 484 446 359 41 940 39 450 19 824 418 615 157 787 495 642 14 544 683 73 849 140 409 294 642 595 681 932 961 358 14 15 143 308 32 377 449 666 405 486 339 293 424 324
518 442 131 391 888 787 524 718 432 792 331 675 241 312 946 853 250 235 786 11 111 209 925 830 642 903 921 844 667 946 300 472 689 486 439 936 23 190 539 866 250 654 721 49 260 916 894 491 712 335 768 339 606 9 448 842 18 25 540 569 978 155 74 904 474 432 915 786 641 484 125 525 748 315 310 910 54 535 418 135 605 239 809 630 233 31 528 627 684 871 772 557 668 786 345 189 717 438 901 210
447 353 530 126 557 125 147 139 770 709 97 616 631 491 403 682 119 21 306 315 129 129 416 116 396 131 553 510 791 910 859 76 941 206 122 999 651 127 945 498 901 467 680 917 359 92 193 818 257 962 793 194 956 317 869 75 905 213 593 657 845 247 380 507 584 219 452 833 431 958 847 479 759 128 706 787 612 791 737 191 976 454 546 362 933 560 84 670 763 459 107 820 3 520 269 47 501 199 957 340
222 740 52 294 70 420 868 482 82 385 608 492 452 283 417 895 107 651 63 883 616 932 530 912 357 692 844 883 863 194 882 249 944 853 487 893 128 250 944 226 506 669 358 399 603 859 647 286 9 72 412 351 65 515 496 488 71 298 885 116 105 46 512 175 98 341 29 130 995 932 953 138 675 595 434 535 736 597 486 993 834 144 44 215 518 806 198 524 798 105 344 360 966 849 387 369 847 449 837 626
353 125 986 936 197 784 635 723 330 580 352 699 46 826 565 11 117 194 581 937 783 297 948 647 808 266 848 791 168 448 903 922 22 781 506 650 659 70 829 785 679 386 958 177 389 722 34 440 278 73 798 367 910 735 267 432 914 259 231 29 360 149 463 268 136 931 826 126 232 1 163 2 449 359 484 287 471 524 460 663 395 432 767 314 542 979 731 150 282 690 537 209 53 764 425 738 304 933 697 615
122 926 560 635 128 343 226 985 654 355 238 754 292 872 160 490 17 506 502 146 770 808 587 659 733 175 925 80 548 288 383 308 631 582 272 484 573 839 533 879 827 365 249 596 946 799 1000 318 158 759 910 842 514 17 661 582 89 455 776 427 78 524 372 789 629 152 869 671 386 3 978 494 922 877 909 958 464 355 329 366 739 827 213 120 125 888 207 269 707 855 799 274 723 602 449 780 990 718 796 247
391 65 585 450 493 867 410 674 14 887 364 927 624 152 485 894 70 302 406 674 402 443 925 816 308 20 792 702 248 372 422 229 708 401 629 809 739 496 956 113 447 327 690 721 555 838 85 458 483 380 977 726 742 96 491 299 309 13 424 609 766 955 836 659 280 495 474 323 928 865 106 28 149 213 318 102 311 481 512 151 312 166 778 765 870 672 422 530 531 527 465 865 342 42 33 25 998 516 977 530
424 975 670 401 98 868 23 975 374 55 276 233 644 218 291 488 318 378 223 246 927 586 103 928 944 905 583 589 850 808 845 242 30 4 74 149 451 2 198 26 859 891 628 797 549 840 16 395 96 26 736 565 993 371 629 704 703 844 259 956 709 782 570 919 442 453 97 323 749 706 241 321 305 281 425 235 420 868 896 24 889 679 603 255 467 281 939 774 201 848 136 112 370 755 766 986 234 25 720 173
180 370 930 285 454 109 775 61 518 793 236 867 601 588 405 314 867 952 23 411 177 781 891 229 282 26 15 359 862 636 508 62 609 391 772 701 881 603 603 723 584 32 640 98 271 205 337 434 759 172 679 693 490 263 963 712 371 517 121 909 923 991 81 106 318 838 255 789 94 255 975 776 415 850 758 316 349 856 452 541 501 72 229 345 165 541 497 671 287 570 294 330 855 635 953 6 715 884 784 237
420 50 396 811 67 49 259 2 944 663 6 618 550 404 664 124 168 553 115 575 676 776 164 215 944 36 810 787 160 847 174 670 926 266 630 735 561 263 820 967 824 745 208 863 290 908 464 371 111 510 102 311 921 607 424 715 840 256 439 604 245 32 144 799 77 861 11 107 59 517 470 923 630 722 848 370 704 657 547 817 930 865 718 425 538 296 985 340 627 754 547 725 527 293 13 347 72 860 673 802
445 783 265 388 319 359 403 45 716 272 262 869 188 990 770 875 257 438 994 710 329 22 264 266 710 845 651 910 432 364 522 365 270 527 120 869 303 852 854 867 623 549 659 486 30 316 691 458 50 86 373 922 683 375 528 747 369 881 326 739 460 607 245 925 139 149 505 578 964 500 512 500 297 386 710 663 942 404 234 774 638 752 125 65 608 538 814 294 242 353 669 526 291 368 71 292 503 619 911 503
988 715 96 820 402 10 517 928 465 901 302 233 587 624 323 345 886 71 351 751 221 436 85 694 936 265 158 624 203 878 188 467 751 841 751 581 623 219 66 600 228 938 201 922 795 769 301 676 477 93 381 543 539 445 759 380 145 518 199 292 812 809 849 57 411 852 890 317 339 801 703 506 471 253 513 97 151 972 507 976 386 717 556 581 303 230 785 708 355 982 272 403 970 519 424 763 803 254 60 65
885 933 799 312 904 692 50 734 816 211 657 506 649 318 714 716 694 700 700 164 762 527 865 720 365 808 305 938 776 141 154 721 139 631 402 431 935 982 232 121 26 655 577 170 329 323 391 567 429 331 152 149 236 44 581 856 209 837 576 742 729 40 335 422 205 451 612 709 1000 777 908 662 608 99 943 783 328 968 410 465 679 909 348 582 597 700 873 448 512 44 207 517 501 927 706 913 666 213 200 316
502 138 631 605 494 228 198 594 204 597 292 202 555 89 557 523 440 822 70 871 619 283 829 451 88 185 319 643 623 110 229 223 710 428 110 445 102 443 412 263 980 605 657 643 902 396 500 379 761 164 631 552 920 819 3 843 42 740 841 39 613 935 177 258 750 904 552 10 491 488 623 400 106 335 792 805 460 927 826 864 554 315 564 460 556 13 296 488 50 694 725 483 491 872 459 506 800 977 135 69
934 660 87 272 575 511 164 421 11 302 563 784 149 562 424 574 364 316 953 1 756 150 304 322 959 938 557 159 244 436 210 794 643 368 611 548 695 98 980 617 784 538 160 964 282 171 79 63 930 23 65 566 408 797 647 222 174 918 761 277 357 325 476 637 548 131 387 892 81 142 717 154 970 80 177 425 464 494 919 322 17 68 464 138 453 576 969 499 479 294 646 855 133 322 964 669 367 303 327 369
19 122 867 871 844 772 232 379 995 760 163 415 19 488 135 300 883 103 686 312 681 657 490 912 549 183 442 355 736 512 320 122 331 113 222 704 816 984 533 757 198 178 674 660 407 553 779 906 962 576 886 409 976 203 575 613 180 183 894 439 141 457 829 544 851 693 924 767 739 565 77 509 657 601 550 35 486 779 103 38 864 462 825 681 995 423 920 122 806 563 115 401 286 703 800 400 677 696 771 664
400 773 253 768 661 993 205 568 989 597 196 54 506 333 607 926 738 564 178 999 246 783 72 753 359 111 221 983 507 980 869 56 503 485 133 211 715 77 483 348 66 659 448 638 149 215 173 231 478 401 735 31 541 382 273 772 497 734 961 159 52 767 404 575 566 924 276 763 196 838 187 719 491 920 112 687 545 498 66 259 77 24 597 316 364 347 345 474 64 446 582 691 44 218 215 947 467 908 978 158
762 225 36 249 333 812 966 644 174 526 945 387 65 143 961 667 658 143 701 678 964 72 920 71 448 876 389 330 852 700 504 788 13 381 784 202 522 168 260 259 850 443 865 860 287 434 629 60 785 73 566 339 754 526 728 150 466 539 589 139 86 963 514 935 359 334 143 388 483 818 854 641 589 742 907 113 282 980 875 270 427 210 190 382 629 405 870 13 304 14 941 311 105 985 745 521 64 264 760 694
855 679 31 841 435 980 395 829 829 505 93 745 882 359 436 992 672 358 925 265 158 416 801 370 466 859 575 919 889 930 385 934 930 954 494 394 36 887 822 8 325 20 373 384 929 824 728 349 770 63 525 59 966 701 110 866 983 557 870 286 977 680 594 134 302 563 38 229 671 520 990 645 935 815 99 740 72 781 935 797 247 325 725 65 132 577 796 73 281 156 169 851 939 256 293 954 619 370 520 215
423 671 655 3 470 361 214 503 392 705 271 560 94 63 177 134 649 323 742 461 994 354 530 610 910 422 859 438 832 876 430 53 381 92 654 955 81 629 15 700 281 520 645 552 153 727 371 461 701 865 533 163 238 2 213 323 871 230 947 917 718 372 574 548 603 264 817 300 565 654 362 714 305 647 971 214 444 956 818 576 700 132 599 21 420 559 806 368 206 814 548 810 41 513 271 812 914 177 121 592
316 584 780 668 399 981 445 742 495 597 913 566 141 328 705 385 418 733 543 140 30 320 622 104 403 800 14 780 5 818 103 175 819 46 425 532 169 558 545 827 326 737 488 732 374 310 516 847 294 71 500 684 220 405 549 429 989 710 146 683 117 228 217 328 702 187 646 339 320 18 400 974 470 283 486 58 345 974 769 896 134 686 87 743 118 554 73 886 452 125 732 757 969 665 164 370 115 159 748 928
980 454 548 256 675 531 680 51 621 464 138 848 494 472 158 606 328 710 113 669 967 724 650 406 433 172 33 54 347 520 702 748 938 429 778 215 365 13 196 270 394 347 402 39 945 891 523 845 550 867 692 210 54 635 920 368 775 518 975 336 143 76 150 432 358 974 498 903 727 296 793 809 935 742 423 405 15 803 400 302 668 483 983 889 61 443 304 66 618 596 145 838 271 978 997 231 9 477 245 608
842 595 252 189 323 168 592 35 756 141 650 579 252 518 449 788 216 376 285 728 32 322 984 51 333 179 233 995 856 673 965 900 729 223 250 801 707 439 183 866 103 494 864 457 199 493 82 968 593 96 103 229 612 772 123 356 916 429 649 425 207 494 782 944 728 570 302 841 493 43 94 206 471 108 317 315 763 183 13 418 572 207 300 698 535 116 714 80 703 346 977 400 326 666 107 588 200 801 879 814
629 499 638 558 437 864 954 347 747 10 937 31 946 727 488 955 689 718 722 961 246 431 389 163 901 441 639 350 856 66 508 732 582 453 542 643 209 330 378 228 746 81 149 787 446 148 101 535 54 904 175 261 990 793 175 403 937 876 137 587 795 712 572 295 64 582 657 685 341 594 155 937 536 988 637 461 645 727 994 770 960 897 275 319 549 547 391 307 253 134 456 533 765 476 720 586 50 461 719 710
224 449 230 293 848 729 760 512 915 939 517 583 126 695 149 902 53 391 382 568 790 648 201 285 988 832 369 821 458 336 308 970 423 236 403 46 700 87 301 548 533 162 618 114 311 745 802 770 737 32 331 736 786 780 388 431 687 793 722 329 270 391 808 791 379 573 111 796 356 509 65 929 188 461 560 276 133 650 251 719 402 308 517 517 359 532 263 277 727 19 325 771 757 355 864 607 995 229 136 332
497 292 180 246 947 816 320 35 843 152 347 898 324 221 426 948 64 120 782 218 125 569 503 971 641 746 251 464 134 657 328 410 299 521 371 886 289 489 962 53 488 585 747 253 8 654 992 534 4 593 930 928 948 199 811 786 260 263 44 343 411 50 394 198 388 326 734 61 142 732 954 549 800 423 134 701 309 151 993 635 937 614 725 439 631 30 628 854 580 926 735 867 450 10 829 953 638 639 931 554
628 331 187 515 89 986 956 901 254 886 780 426 585 885 177 268 406 666 803 80 317 540 348 728 399 280 484 671 490 261 234 451 409 101 645 413 215 623 311 988 410 690 536 702 119 200 330 803 419 695 141 876 960 553 821 247 243 665 750 341 83 280 211 372 284 906 768 472 297 743 342 745 818 173 406 217 103 351 318 823 741 524 715 975 774 362 931 165 332 169 720 825 510 350 923 623 435 942 747 985
886 115 884 783 585 627 120 936 553 987 53 962 949 779 63 833 57 867 594 781 472 52 315 466 30 629 972 868 770 827 630 807 266 539 118 555 343 293 496 372 731 482 97 236 293 860 847 817 473 614 82 308 759 582 220 539 24 966 213 881 908 282 562 458 703 359 970 632 603 855 292 119 703 954 270 190 375 104 381 409 368 973 636 443 708 517 550 119 592 486 812 192 785 874 374 714 222 708 943 95
562 937 944 918 519 771 373 711 822 321 197 516 257 740 411 241 81 306 929 773 909 680 774 379 744 349 565 705 252 38 924 538 648 125 493 346 695 985 888 84 454 60 18 54 36 235 887 936 741 666 948 607 812 125 30 292 53 765 437 815 929 159 2 366 164 474 886 892 190 465 345 326 816 571 424 907 705 783 898 814 699 308 37 146 430 158 234 885 827 269 883 659 594 976 988 567 608 781 982 469
273 614 545 595 429 949 258 95 208 79 284 324 140 360 476 947 113 258 156 405 580 902 101 233 624 46 949 781 425 845 86 498 810 632 9 103 395 837 501 93 116 897 400 807 930 773 607 825 8 417 74 478 748 494 268 963 948 399 418 110 501 998 403 841 468 492 736 540 399 956 390 167 392 713 882 953 77 795 343 664 114 373 607 615 733 353 281 935 462 243 850 515 29 616 842 442 409 832 530 934
641 66 362 576 913 964 811 234 796 445 216 780 421 645 971 32 265 124 631 974 853 353 420 138 347 440 260 514 457 341 34 439 512 814 962 632 599 494 63 654 110 853 896 841 3 641 793 332 537 487 149 366 627 517 596 877 724 506 585 763 971 351 241 595 51 615 432 501 439 547 259 933 775 400 359 436 399 81 356 564 213 664 892 169 402 948 863 536 413 953 798 106 920 351 935 527 884 151 226 923
614 385 812 950 47 377 372 519 614 181 939 781 829 89 873 805 478 478 995 879 680 820 899 345 851 809 833 600 77 649 95 736 811 497 126 719 474 964 41 400 546 72 191 927 389 911 696 41 576 143 293 768 42 668 884 630 367 465 241 848 761 504 801 76 11 961 506 496 300 732 776 263 320 195 776 701 459 336 920 810 696 707 19 673 783 394 536 990 259 924 743 608 937 920 624 980 490 302 409 524
55 787 242 576 476 477 596 827 379 636 278 655 322 160 417 471 581 449 464 447 96 118 93 525 268 605 77 21 554 43 596 877 754 819 339 60 565 847 411 221 522 320 757 97 995 235 229 912 257 4 639 169 518 560 110 167 258 158 637 724 588 391 216 849 855 17 977 329 767 550 297 481 723 548 622 875 655 405 239 506 627 132 563 941 335 299 640 939 237 622 448 600 755 579 82 62 972 198 212 991
787 770 880 298 221 919 489 87 838 595 644 966 162 359 55 299 905 560 915 616 397 132 836 397 117 137 935 609 321 171 55 423 924 85 408 481 193 625 350 411 146 89 344 308 513 545 831 464 912 210 305 145 748 613 177 301 842 938 880 661 554 109 814 607 391 163 318 790 503 833 874 339 901 175 576 542 281 191 14 116 934 962 767 169 676 652 385 824 342 803 283 454 531 513 19 980 411 848 620 249
143 164 600 280 591 702 332 854 87 474 271 601 532 167 463 47 560 218 625 830 260 206 356 338 988 376 443 103 4 105 313 966 681 879 637 740 37 985 483 337 789 527 505 878 469 712 977 33 686 400 250 49 731 994 13 409 724 964 853 830 497 244 148 217 339 143 867 167 533 702 198 463 428 933 538 56 902 811 817 586 571 358 832 983 727 650 284 746 808 367 441 619 793 272 671 568 845 946 914 129
767 288 837 868 191 503 54 427 697 116 531 502 445 1 473 644 691 209 397 475 267 109 432 385 518 572 59 293 275 425 470 441 153 865 195 687 194 153 662 957 349 350 609 220 881 650 680 287 428 733 942 670 149 198 610 662 196 681 38 302 931 775 883 855 622 539 379 370 338 705 163 314 507 159 535 874 402 785 481 507 615 375 166 991 575 219 333 4 14 161 849 200 782 982 997 822 361 63 936 452
524 37 876 113 181 18 636 306 3 544 91 413 125 569 768 579 136 174 691 6 31 540 415 532 655 213 816 156 889 268 56 231 230 131 97 397 765 892 971 635 422 573 895 361 834 523 738 926 292 526 582 1000 121 501 222 654 614 625 445 874 172 741 905 768 295 372 902 977 128 96 224 214 639 860 770 391 339 198 291 874 70 223 359 132 897 337 606 927 452 427 515 858 158 988 216 622 886 571 944 177
254 245 653 152 150 368 429 366 680 621 837 773 591 820 997 841 430 431 403 322 156 643 518 451 858 798 430 575 809 824 836 695 806 432 101 595 412 764 30 614 294 644 290 661 35 570 730 23 494 790 361 148 625 237 669 114 809 946 21 331 765 788 258 989 650 807 117 334 572 312 246 502 232 60 93 161 186 159 778 720 600 62 235 135 955 567 703 409 524 624 52 343 5 644 593 522 557 203 307 881
592 475 622 677 567 295 265 843 731 494 99 271 452 341 19 409 798 763 976 900 963 489 981 367 786 60 65 569 554 391 515 565 743 488 857 856 4 882 803 207 340 159 472 269 26 366 645 707 312 691 456 763 651 352 391 178 70 654 657 235 514 781 943 181 574 671 342 998 387 135 109 465 421 474 128 318 929 758 725 62 772 669 160 677 340 623 493 428 22 137 199 426 826 498 237 260 89 261 54 454
401 780 693 883 57 53 373 661 190 454 711 450 196 58 355 33 238 623 340 168 79 66 942 513 159 560 666 844 291 792 911 558 93 285 143 545 964 962 464 445 786 668 265 956 869 166 994 92 995 715 148 434 863 802 722 217 757 15 595 103 769 640 676 244 874 713 294 121 458 274 729 871 991 294 11 5 420 70 262 700 751 201 529 601 714 306 902 346 776 348 751 986 366 175 469 781 711 413 317 464
235 361 101 128 330 608 680 423 233 426 770 583 138 991 761 305 803 789 32 272 535 86 104 821 662 875 485 882 429 386 162 908 882 291 760 98 798 446 578 767 94 65 692 855 596 317 800 328 130 403 326 908 287 354 604 385 134 993 719 151 199 140 427 172 269 885 292 52 773 851 293 936 271 653 265 95 713 706 716 109 434 147 501 947 129 403 868 957 291 38 660 247 548 432 583 238 585 344 701 471
781 86 743 596 554 701 397 589 217 600 113 598 700 33 81 866 447 6 112 471 317 807 242 894 675 844 510 498 726 22 678 690 50 853 484 893 650 164 81 254 453 949 489 278 848 856 883 600 556 786 131 158 157 874 475 750 255 485 869 773 953 385 684 807 910 675 269 983 518 235 144 14 693 789 352 397 881 818 962 857 894 777 625 473 764 55 760 363 927 987 497 48 679 837 378 426 919 749 714 500
593 228 844 323 321 118 155 730 681 657 753 872 951 35 704 884 707 176 517 454 543 96 607 169 682 896 427 975 969 73 912 854 927 575 569 768 192 204 778 616 805 964 799 303 644 845 747 470 723 57 149 253 635 23 392 810 106 696 631 505 547 561 914 202 464 521 207 577 997 46 619 516 423 551 118 61 228 511 761 359 484 105 790 742 532 556 889 819 709 701 713 314 816 259 170 917 702 489 293 860
156 443 892 698 853 118 619 148 364 882 202 714 864 959 684 301 898 482 564 645 403 35 323 75 515 976 605 486 226 288 396 576 158 915 129 8 708 869 543 906 46 836 568 53 938 292 728 213 319 253 677 80 284 267 359 843 193 795 734 87 833 472 607 169 808 611 621 922 853 603 979 516 287 770 803 984 30 412 345 969 971 381 703 319 482 679 42 429 972 563 799 300 192 754 641 786 410 684 311 180
767 779 182 291 770 384 471 235 367 648 477 785 863 900 653 698 677 894 357 229 786 881 364 618 774 900 603 290 199 104 972 612 337 128 357 409 606 414 85 237 478 792 223 551 159 997 868 770 645 564 956 576 621 236 990 467 300 495 432 433 558 198 73 710 586 295 767 183 184 461 638 244 380 766 845 282 117 948 672 65 82 497 319 318 32 721 781 639 469 947 233 495 633 795 383 61 38 572 114 766
210 500 734 499 78 820 963 113 344 523 181 382 839 275 30 714 689 113 276 902 207 937 365 850 965 995 499 752 768 225 164 728 650 922 927 749 391 807 744 161 233 570 59 891 876 469 298 275 196 809 484 709 39 689 343 366 101 351 729 675 86 800 864 962 289 322 678 522 568 206 892 676 395 703 129 822 2 32 260 529 694 495 453 708 421 84 273 451 917 928 353 588 465 112 361 822 135 773 628 777
806 100 190 70 341 295 404 188 473 126 951 368 293 245 615 656 609 42 275 50 775 352 362 927 921 699 856 714 543 901 366 435 125 590 534 819 214 212 262 943 639 405 310 510 563 665 886 226 139 343 296 141 21 140 682 802 691 245 695 503 806 106 858 440 986 774 831 151 203 201 691 898 269 229 193 953 750 732 913 880 871 3 736 160 685 257 837 50 794 309 751 642 531 983 566 829 920 779 881 244
318 65 135 750 604 534 299 787 578 444 767 331 623 969 364 207 556 431 158 200 670 188 610 69 794 58 940 759 212 132 711 67 528 226 582 8 756 644 425 865 654 122 434 404 520 714 770 235 699 977 326 36 590 995 281 631 177 404 950 288 559 96 46 936 278 24 62 555 429 443 989 226 983 874 917 539 389 614 843 115 582 804 561 723 140 960 376 351 692 134 802 870 378 292 757 83 195 858 197 26
902 767 855 32 540 867 701 751 961 86 351 615 482 49 71 73 976 189 740 134 713 954 573 429 174 940 408 188 671 602 936 882 33 352 476 755 144 578 388 461 542 847 121 264 86 251 530 273 142 711 635 451 385 402 959 909 416 568 955 14 810 257 265 379 301 187 418 765 287 51 180 286 651 90 540 546 146 722 490 657 911 321 395 175 581 531 196 577 966 982 885 427 971 616 548 203 476 560 566 964
321 903 310 185 973 773 307 540 112 162 26 852 950 325 662 570 654 703 98 478 531 951 412 533 295 8 154 828 126 2 267 672 287 834 153 526 746 712 513 513 925 815 663 450 883 295 29 161 492 244 100 84 708 674 360 735 570 198 203 563 532 648 495 306 646 718 486 296 12 937 217 605 709 86 790 813 610 681 756 413 505 778 489 749 481 493 34 863 657 666 80 997 968 666 710 243 517 852 33 182
34 37 923 189 458 342 132 274 194 214 428 418 352 325 619 795 104 775 465 3 602 535 252 702 411 97 694 828 757 642 752 727 636 483 812 6 85 687 221 690 132 174 946 955 533 521 852 601 509 108 777 241 907 475 58 635 282 419 118 366 814 923 590 621 986 536 994 670 659 143 674 758 108 332 641 64 726 992 338 205 535 326 848 217 393 489 91 146 934 112 278 893 309 935 572 665 827 679 82 681
821 329 313 945 645 592 941 914 298 386 885 530 851 262 88 299 447 536 598 552 649 378 360 74 40 512 427 557 207 674 819 992 724 410 707 966 785 817 205 152 634 540 593 963 8 75 799 2 468 713 665 691 722 708 515 345 894 823 222 309 789 269 528 523 142 41 368 70 617 384 753 86 935 322 194 589 294 805 913 337 162 176 572 206 565 209 912 579 402 217 344 702 964 930 294 729 341 558 654 703
484 120 36 462 588 985 152 234 694 420 136 404 982 386 312 823 204 10 299 475 507 525 622 158 626 839 111 69 660 188 80 887 282 961 572 383 728 113 284 938 24 456 656 12 891 805 959 248 469 259 978 333 337 767 938 633 669 933 189 635 136 935 863 287 616 996 35 335 925 736 415 383 589 353 36 349 846 448 726 5 414 268 741 616 1 390 612 979 675 461 17 789 137 850 907 874 987 160 140 763
631 71 21 41 873 34 360 158 785 495 953 488 241 111 244 450 884 619 773 189 255 946 528 946 707 680 278 560 392 812 849 349 437 727 715 852 967 733 32 426 786 896 537 968 993 601 163 201 802 881 192 872 847 822 673 425 819 849 371 173 450 748 812 201 66 222 761 884 358 334 542 617 663 955 107 391 928 948 76 521 535 880 157 594 123 382 285 939 317 369 928 15 134 835 790 993 471 378 148 473
47 844 667 605 321 170 328 338 284 510 592 206 217 597 666 128 663 955 51 817 436 733 575 178 928 919 4 722 517 418 956 697 342 359 67 508 266 28 130 237 489 595 571 771 737 146 734 926 849 268 289 697 843 961 590 786 64 893 879 332 834 513 478 942 424 297 964 669 44 734 636 175 381 648 758 566 662 906 720 112 595 432 809 827 482 459 37 618 43 182 151 176 488 445 976 708 851 59 109 554
398 310 555 916 973 481 319 811 674 892 745 89 541 330 169 261 261 536 722 762 293 210 169 658 121 90 740 244 627 880 352 605 447 586 477 141 422 210 53 11 104 910 376 983 197 954 198 593 895 500 61 488 209 333 773 995 253 442 216 262 94 879 239 787 728 121 17 44 554 426 329 781 596 945 989 673 324 371 856 303 190 193 799 500 299 671 593 172 939 364 517 440 688 822 85 356 756 358 492 255
841 308 322 92 317 166 181 870 581 939 375 103 672 710 438 544 15 696 605 40 301 574 979 23 176 973 108 150 44 294 56 792 297 369 752 248 148 836 31 544 672 175 719 168 823 99 252 66 181 488 990 454 711 891 942 662 841 623 555 775 671 606 625 809 580 9 134 521 651 291 410 278 362 67 822 26 47 606 636 252 185 27 564 569 110 633 404 288 733 459 76 212 420 484 788 107 69 141 859 630
871 471 185 226 403 999 941 554 213 274 743 775 305 213 252 888 294 587 395 763 733 686 165 52 811 735 444 87 434 359 849 702 579 883 508 192 323 315 126 652 66 176 520 808 312 730 792 208 870 240 205 360 133 291 437 185 343 433 536 929 715 563 497 548 662 448 259 372 430 62 645 179 369 597 112 121 594 453 890 394 11 676 113 328 871 338 143 335 958 12 159 884 122 796 909 751 693 381 780 99
511 958 82 327 605 799 234 766 874 577 402 277 989 861 765 205 599 530 603 786 415 739 523 137 839 483 19 383 448 822 94 937 960 22 902 230 674 877 761 103 193 679 591 869 983 45 863 520 125 119 665 542 92 529 716 84 870 628 34 123 417 46 865 852 946 596 274 562 957 141 132 93 855 331 237 500 660 976 525 444 856 655 56 805 75 229 674 487 982 825 552 790 375 36 656 484 186 107 515 627
747 986 340 376 77 370 696 616 849 179 141 952 874 956 366 609 108 802 651 581 118 77 302 652 186 840 940 234 413 904 954 469 376 151 914 968 837 553 370 485 320 542 332 692 397 533 126 220 707 628 159 871 884 418 457 95 952 775 5 862 281 533 581 288 70 104 91 843 135 686 843 740 786 380 648 475 521 58 217 770 281 110 980 295 589 453 99 978 47 281 955 755 895 416 519 73 614 781 51 177
448 162 834 325 48 743 29 126 131 52 213 151 337 914 143 937 224 746 834 818 897 712 747 72 752 430 800 372 12 877 278 192 11 498 789 684 97 505 14 707 783 992 761 67 658 370 287 401 416 247 726 589 300 179 223 665 949 443 93 830 134 568 22 205 949 542 203 885 499 252 699 119 270 907 375 47 810 806 818 252 985 329 49 843 245 409 710 843 250 753 512 756 573 398 987 892 587 558 852 311
679 873 809 670 221 455 192 911 683 203 557 458 215 143 366 100 613 903 108 639 645 960 215 701 832 890 216 66 689 51 306 236 814 132 809 572 291 229 164 537 194 188 108 549 724 920 889 644 371 763 750 746 686 54 402 233 279 518 892 359 358 892 998 542 584 241 441 963 974 181 870 898 820 756 153 105 925 362 661 180 129 744 610 685 402 769 573 54 381 208 377 644 145 604 446 805 167 386 443 760
945 983 576 563 596 375 399 53 481 933 799 837 47 623 190 304 505 404 897 473 128 953 631 593 185 90 155 264 834 4 630 919 457 69 707 567 748 522 854 698 988 581 802 57 873 150 727 285 781 273 915 605 103 858 178 134 49 574 194 205 910 668 474 307 304 308 731 321 306 824 849 672 876 989 973 494 1 371 44 473 237 565 878 860 571 299 326 344 87 463 881 996 330 249 755 399 901 602 250 582
634 472 272 266 947 170 903 329 245 878 785 580 23 399 870 139 860 542 803 178 669 500 519 989 354 800 722 737 515 406 378 562 868 514 547 442 261 95 240 725 571 589 552 54 345 940 146 525 650 163 724 687 495 50 420 922 664 145 821 530 201 659 105 627 70 117 763 249 608 597 367 315 690 519 511 548 757 550 62 678 581 855 428 808 746 754 520 269 544 891 632 217 165 174 493 691 492 870 764 312
909 463 787 852 910 549 676 22 806 257 321 532 932 244 815 985 355 841 1 733 513 932 408 506 698 381 171 339 465 289 649 756 459 199 299 328 711 252 4 74 426 983 978 88 34 984 451 350 805 967 783 955 536 413 394 520 794 685 779 556 805 741 759 753 293 781 126 760 890 491 315 776 479 83 76 875 739 159 726 393 761 112 803 751 426 229 324 337 234 478 671 374 639 52 462 224 217 335 199 342
642 356 445 281 377 568 830 161 430 994 459 715 566 654 609 908 158 39 687 899 947 727 83 898 967 386 401 445 638 758 908 360 490 861 620 615 919 175 967 226 655 94 120 723 112 962 691 860 173 675 464 936 317 861 859 48 909 349 705 21 454 74 93 761 919 889 407 956 357 627 903 253 727 198 537 747 695 436 56 822 220 743 157 344 361 766 752 887 372 560 100 898 881 622 923 325 342 102 124 187
956 629 132 376 662 255 201 916 435 28 305 528 601 318 891 137 526 639 163 790 990 324 126 287 339 147 626 906 194 761 597 522 977 114 509 958 897 645 21 95 2 582 446 380 322 737 465 475 225 8 637 410 619 795 980 883 546 179 942 222 244 185 58 205 436 52 407 206 448 311 56 244 277 463 735 191 544 248 156 193 341 463 781 896 198 20 613 266 186 719 408 47 758 197 225 284 461 798 431 64
73 657 593 350 715 887 74 735 902 759 255 549 478 119 71 1000 134 284 474 170 57 54 367 666 821 401 712 897 571 416 577 161 182 6 128 942 967 116 433 989 865 794 718 657 980 913 754 63 773 328 712 862 373 723 88 52 647 334 714 430 164 610 541 993 283 475 94 525 201 110 3 755 826 549 132 920 179 811 393 456 418 162 775 502 395 463 616 612 442 564 599 848 281 250 915 978 984 585 977 671
20 24 10 10 5 12 13 19 17 14 1 10 25 11 12 21 17 8 24 1 17 10 23 22 20 22 23 18 8 14 10 18 24 0 10 7 10 4 21 9 9 17 24 22 2 22 7 12 25 8 8 14 17 8 5 13 18 10 15 3 10 16 4 22 10 8 16 20 3 21 9 11 24 12 1 19 22 10 5 18 15 12 22 14 17 2 5 25 3 2 11 22 16 21 3 10 13 9 18 24
23 17 4 11 7 24 14 17 25 24 12 14 13 7 17 5 15 5 12 16 20 9 14 16 14 14 24 22 9 5 0 0 24 10 5 11 4 24 10 21 23 6 23 4 5 8 25 12 15 5 6 22 3 16 23 4 15 20 7 3 12 24 4 3 13 24 2 11 0 19 9 3 13 17 20 18 10 5 11 4 14 24 19 21 24 17 6 1 19 4 9 15 25 20 14 17 13 18 14 23
1 8 18 16 2 7 1 21 20 12 21 18 14 14 12 24 14 3 12 16 23 17 24 8 12 14 7 12 12 21 2 9 5 6 25 15 4 3 8 17 14 7 4 0 19 3 2 7 8 23 6 21 20 16 6 11 17 0 25 23 8 24 17 21 2 0 18 11 5 5 18 8 9 23 5 25 17 7 22 5 20 18 24 25 12 0 7 17 5 13 2 21 21 19 4 14 17 3 9 7
5 3 1 7 25 18 24 13 15 13 3 19 20 4 20 21 13 0 16 9 16 6 16 14 14 16 11 23 22 1 8 2 23 20 23 4 12 25 25 1 24 8 12 8 7 0 6 8 7 8 2 0 6 4 10 14 9 4 18 6 10 22 24 24 1 11 16 17 19 10 17 0 13 25 10 7 9 17 7 13 2 4 9 1 0 4 6 15 19 6 14 8 19 25 4 20 22 15 18 25
17 19 7 25 25 11 18 12 1 9 25 8 7 20 14 1 7 1 8 1 23 4 2 6 15 13 11 2 9 23 23 20 24 10 2 23 23 2 3 12 18 12 16 25 14 4 21 23 15 0 2 23 1 13 7 21 13 17 7 9 7 16 1 17 23 8 5 6 25 0 11 18 22 8 24 23 6 20 21 16 21 17 4 8 20 7 23 4 14 17 5 15 14 23 19 11 18 12 3 24
20 20 18 4 18 8 4 17 16 0 11 13 11 16 13 0 16 21 21 19 25 11 4 25 18 0 0 0 17 0 20 12 7 24 25 4 9 21 2 20 15 0 5 14 10 8 23 8 7 19 21 15 18 0 7 4 16 24 4 2 23 10 9 0 6 12 11 17 14 15 3 1 13 0 17 21 14 15 24 4 0 18 2 12 14 6 7 21 19 4 22 10 25 21 16 24 9 9 25 24
23 15 18 15 0 1 2 14 8 25 5 2 1 10 9 17 14 24 23 20 3 11 1 18 13 16 5 3 18 11 7 1 8 0 19 19 12 21 15 11 7 7 4 6 7 12 10 20 9 2 6 2 25 8 15 24 14 15 22 25 16 20 6 0 17 21 8 23 17 11 8 17 10 13 15 20 24 7 19 5 11 9 4 2 14 23 15 8 3 14 10 14 9 14 19 9 11 9 19 7
19 21 16 3 17 21 10 25 14 22 15 10 10 11 1 21 20 22 10 25 1 17 17 19 15 14 24 13 17 20 0 15 6 4 16 25 2 19 15 3 1 6 5 10 0 13 6 22 25 21 2 14 15 19 15 9 15 23 10 20 24 12 15 5 16 5 16 24 25 21 3 2 0 1 4 25 11 13 9 19 25 22 13 24 23 0 1 13 18 5 12 24 20 11 9 7 12 9 10 6
11 0 3 16 22 19 16 23 15 24 22 14 7 10 18 0 15 18 2 18 1 21 1 16 4 3 4 23 5 8 5 2 9 24 17 14 13 17 22 19 12 3 1 7 14 12 12 11 2 15 1 18 7 6 10 3 6 14 9 8 24 24 8 19 24 21 12 17 13 5 22 14 6 8 3 6 4 7 7 18 9 3 9 19 13 2 20 12 16 18 15 2 17 23 4 0 21 13 9 19
12 23 19 18 0 22 6 18 5 14 20 16 20 18 2 21 22 7 25 20 11 13 24 4 18 4 2 11 4 16 0 22 3 24 3 8 18 16 24 6 11 0 1 19 9 20 13 1 25 13 9 11 1 10 1 5 7 23 9 21 6 21 12 21 12 21 2 12 7 1 16 13 0 14 20 7 17 10 20 22 2 1 8 11 4 20 1 0 13 16 1 0 25 11 12 15 6 15 21 10
18 6 0 22 5 15 14 0 21 17 5 1 1 25 12 6 21 10 21 2 22 23 20 16 0 16 21 8 14 14 11 16 4 2 13 9 13 14 10 16 11 15 19 4 15 4 22 10 0 24 10 9 21 15 21 10 23 3 9 20 5 20 18 12 20 22 6 24 12 15 10 12 6 11 11 18 23 22 19 18 2 17 3 16 7 9 18 23 3 0 1 6 10 15 5 14 6 6 12 16
10 22 11 14 4 0 15 10 7 11 13 12 15 22 10 1 15 23 20 10 23 6 15 8 3 9 4 10 20 21 20 9 13 13 8 10 4 5 13 7 18 1 22 0 9 12 7 16 2 18 11 8 10 11 19 1 24 21 18 12 22 15 20 4 7 0 14 0 16 22 15 20 11 0 19 8 11 4 13 23 15 0 20 17 9 6 20 4 12 10 1 9 25 4 21 21 7 12 19 1
1 21 2 7 24 9 12 22 17 3 23 9 3 12 5 17 13 8 24 1 16 25 20 4 10 6 12 24 25 3 14 20 24 21 18 8 24 11 19 21 6 2 12 11 24 1 21 18 11 24 1 22 25 25 13 11 5 8 19 2 10 14 14 5 1 16 16 24 19 15 10 12 9 11 10 1 18 20 2 25 18 21 21 11 20 13 21 2 22 6 9 0 2 7 15 21 22 15 17 19
19 4 1 4 4 21 4 21 19 4 3 11 0 12 1 1 0 17 8 4 25 21 6 20 2 2 23 21 14 14 12 16 14 24 18 4 15 15 21 9 15 16 17 15 9 22 6 0 1 22 21 24 20 1 17 22 17 20 12 11 11 10 7 14 0 7 15 19 13 7 14 2 22 18 14 7 16 8 17 6 22 14 13 18 4 15 7 19 0 8 21 14 12 18 13 2 10 3 21 21
25 12 9 8 6 10 16 5 21 22 11 13 7 25 2 8 25 9 16 8 6 0 9 16 3 6 11 4 7 1 1 18 19 0 2 14 21 18 16 15 21 4 10 13 2 17 22 5 1 0 9 7 3 10 16 12 18 11 6 4 16 22 12 10 22 24 13 14 16 2 6 22 14 24 7 4 15 5 2 14 8 15 22 1 0 10 19 14 20 13 0 0 20 25 24 13 18 0 3 4
19 14 2 24 7 19 20 1 4 4 4 5 23 3 7 16 11 9 3 7 20 18 24 23 17 16 4 13 6 3 13 13 20 22 7 23 11 5 23 23 7 2 7 23 23 11 2 10 3 0 25 14 12 15 24 25 6 16 8 13 18 17 0 14 11 0 11 2 11 19 23 10 17 2 7 10 23 8 8 20 14 2 15 15 22 13 14 11 22 2 12 7 12 20 15 8 24 23 18 22
17 10 19 9 3 16 16 5 9 18 13 20 5 0 1 2 6 0 4 0 22 24 22 7 9 11 14 16 9 21 15 19 22 9 8 20 7 19 8 18 17 16 11 7 10 12 23 21 16 6 3 19 21 19 22 7 11 11 6 7 23 16 22 14 15 8 19 19 9 10 19 17 0 0 4 4 6 19 19 8 6 0 8 18 20 17 17 10 10 6 20 14 19 1 3 18 14 15 24 13
16 18 8 23 12 15 16 9 3 9 3 22 17 5 17 21 15 15 12 12 12 16 11 15 24 19 15 20 15 15 14 1 23 5 10 21 24 2 24 18 11 18 6 13 17 1 21 13 21 17 3 25 17 21 25 18 1 19 20 7 20 5 11 19 21 10 24 19 2 25 15 8 15 17 6 2 20 22 17 6 20 24 8 17 14 1 22 12 17 18 17 15 3 20 2 9 19 5 14 17
8 25 20 16 20 17 9 22 14 25 14 4 4 16 21 19 12 20 10 25 11 2 8 15 4 18 11 4 16 14 5 17 4 10 24 9 21 23 2 9 18 0 7 1 20 23 25 23 18 21 22 19 22 10 21 5 10 19 11 7 24 13 4 25 3 17 13 16 21 20 7 0 23 21 13 20 17 15 24 1 8 19 14 13 9 22 17 1 18 4 10 1 13 5 24 15 6 15 10 25
16 14 6 7 9 2 11 22 25 1 1 19 4 15 9 15 15 4 18 24 1 24 12 19 5 25 1 14 8 6 8 15 25 25 11 18 0 12 13 20 14 2 25 5 17 20 14 22 14 16 13 9 15 23 15 16 15 17 4 24 5 17 18 0 13 24 0 6 4 20 1 14 6 3 6 3 19 19 15 17 13 11 6 25 25 2 14 18 14 13 4 3 0 19 19 15 2 3 4 3
13 25 20 0 5 1 17 8 12 6 13 20 15 14 15 3 25 17 17 23 15 25 13 9 17 9 24 6 13 5 2 2 25 2 13 21 2 3 6 16 18 8 17 20 1 22 20 12 17 10 23 5 15 3 9 22 24 14 14 3 25 7 22 20 5 25 5 25 2 24 5 25 23 22 22 23 1 4 2 3 22 25 15 7 7 4 17 12 10 18 11 19 1 18 19 10 1 19 0 19
0 1 10 14 12 25 11 10 20 25 20 4 21 1 20 11 4 3 0 3 20 7 14 16 24 15 3 14 15 3 20 23 5 10 6 6 16 3 24 19 23 11 6 12 24 24 17 19 5 19 5 10 11 20 3 17 13 13 11 4 16 9 0 17 12 9 2 23 16 12 9 25 16 21 10 17 24 14 12 8 25 14 1 17 16 17 20 25 0 6 8 10 22 0 8 9 4 6 12 18
19 19 23 1 2 6 22 18 21 10 13 15 10 3 11 12 18 16 20 6 14 22 4 10 9 9 7 22 15 6 13 6 7 12 10 2 6 16 9 17 24 12 3 25 17 18 6 20 7 22 24 11 18 11 23 3 12 3 17 10 21 6 1 20 25 1 0 1 7 21 1 12 25 10 4 23 15 14 20 10 22 14 8 0 22 3 2 19 4 20 17 15 13 7 1 10 20 19 9 19
10 21 18 4 11 1 25 22 14 23 9 15 24 7 11 20 14 20 21 1 2 13 14 0 6 25 17 17 23 12 23 11 25 19 3 1 14 14 7 4 0 19 15 7 17 16 19 21 18 17 22 6 20 17 5 8 12 4 6 21 2 13 17 9 2 15 7 18 12 0 22 11 20 16 4 1 7 8 5 23 18 4 17 0 19 7 1 6 3 5 0 23 2 16 4 5 1 1 13 16
9 22 3 6 11 9 5 3 8 15 22 1 25 6 15 19 13 16 7 2 22 8 22 9 2 16 22 17 1 24 21 18 1 9 7 1 1 25 4 3 22 5 21 14 4 4 19 20 17 16 16 6 10 16 9 12 4 1 11 6 24 7 8 16 16 23 13 24 15 3 3 18 6 25 23 21 25 4 6 10 20 3 17 24 6 6 10 13 15 3 15 21 3 8 7 20 22 21 13 9
20 15 12 10 23 24 20 2 18 12 14 1 10 2 13 9 7 16 18 22 17 13 23 7 3 13 9 2 21 19 15 22 13 10 17 2 16 4 25 2 9 3 10 12 23 22 10 0 5 7 25 16 24 18 3 19 0 6 12 23 4 18 2 7 18 11 15 0 8 6 20 7 23 12 5 19 25 9 24 15 1 17 7 7 20 9 9 3 15 21 25 16 19 9 14 21 8 14 3 20
1 19 10 22 2 0 1 17 4 0 13 2 13 1 14 19 16 6 17 19 17 5 18 8 6 16 5 22 17 15 6 21 1 7 24 1 20 7 4 20 9 5 10 20 6 18 15 25 22 25 19 25 4 13 8 13 6 13 9 18 11 13 13 25 17 3 8 6 23 16 17 19 20 22 20 5 6 6 15 0 1 20 8 15 0 17 7 11 3 24 21 9 11 24 20 24 2 15 17 19
16 9 4 1 14 3 19 5 24 19 7 13 18 17 18 15 0 10 13 15 25 24 25 12 10 17 16 21 20 18 14 21 25 11 1 19 24 11 2 0 19 10 16 18 6 13 24 8 12 15 3 6 8 14 14 13 16 20 22 2 4 19 24 11 19 14 15 8 7 10 9 17 17 18 17 24 5 25 18 8 6 12 11 16 21 25 3 24 0 3 1 18 0 18 1 12 11 0 16 1
6 9 8 13 18 1 3 3 1 2 18 21 10 10 24 24 4 24 4 24 3 24 16 18 20 16 16 11 9 3 3 13 22 7 1 20 3 24 20 7 16 25 13 2 15 3 11 13 7 15 19 8 8 7 16 11 0 11 18 19 12 3 14 5 1 17 17 23 25 16 14 9 23 14 2 6 15 25 24 18 14 25 13 25 17 22 9 22 24 13 1 14 16 17 16 18 10 24 10 12
12 7 21 6 10 13 0 23 11 9 17 16 19 20 20 21 3 0 2 9 19 7 24 1 17 24 14 15 6 23 22 15 25 17 20 4 4 11 2 1 24 24 14 9 0 1 25 2 7 10 18 14 16 6 24 2 25 17 4 12 5 15 16 9 8 6 2 18 7 22 21 8 4 18 2 22 6 13 6 7 2 4 24 5 24 19 10 19 16 4 9 22 3 20 6 6 16 20 1 0
17 15 15 9 12 10 18 2 22 14 1 14 1 9 12 14 5 21 7 16 10 23 6 14 13 8 5 3 1 6 1 0 3 11 14 23 9 10 9 20 5 2 3 14 18 11 2 3 24 21 2 10 25 11 16 12 11 22 11 16 22 12 10 19 2 15 10 10 5 19 16 11 14 3 16 21 20 20 16 21 1 22 3 8 20 13 17 10 0 5 12 10 10 16 16 6 14 8 2 17
2 5 22 22 18 16 21 10 16 22 8 5 25 25 5 20 11 5 23 0 13 14 11 8 20 6 0 9 12 17 21 10 12 17 4 24 10 16 5 7 21 20 13 14 15 25 5 10 18 19 17 24 22 23 2 18 23 15 24 0 16 11 2 11 4 24 1 18 19 17 19 10 18 7 24 12 6 12 8 20 4 1 7 7 0 7 3 12 10 15 10 15 14 15 1 18 24 12 24 21
8 18 22 20 2 0 21 19 5 2 20 4 0 25 23 12 20 20 2 22 23 24 6 6 13 2 25 9 21 10 25 4 2 19 3 14 1 22 12 23 0 16 15 13 5 12 18 15 19 14 16 19 8 6 12 9 21 2 9 10 1 1 10 19 22 22 13 13 10 1 11 14 16 7 3 25 25 20 15 14 18 24 7 6 25 23 5 6 17 22 0 3 23 16 22 4 17 22 23 10
23 5 7 12 4 2 15 22 25 18 15 13 3 1 5 25 18 20 6 23 18 8 24 17 0 7 6 25 15 14 22 17 22 18 5 6 24 8 22 8 6 8 17 9 18 25 13 15 23 2 18 25 17 11 13 20 5 4 5 15 16 14 12 22 3 21 18 21 5 8 9 9 21 20 20 20 16 17 3 6 8 21 20 2 10 14 25 12 5 1 14 21 16 9 2 22 2 21 11 5
13 13 5 16 19 10 2 7 19 0 14 15 24 25 17 22 15 8 4 12 14 12 11 5 22 23 7 23 19 14 21 23 19 16 0 23 1 19 5 23 11 2 19 14 13 8 12 1 25 13 1 18 14 5 24 25 24 22 7 10 24 2 23 4 16 22 15 12 15 18 21 9 9 25 19 15 25 15 24 17 17 15 5 13 2 1 1 25 14 24 8 14 15 8 8 12 4 24 6 10
8 10 20 22 20 25 16 25 10 13 3 14 25 23 15 13 15 12 0 23 12 7 11 14 5 0 12 4 18 5 22 22 3 21 20 1 5 20 16 8 14 17 20 3 17 19 4 21 10 9 25 25 19 2 2 11 0 24 13 23 18 5 8 25 12 10 7 22 22 9 25 16 7 23 22 24 23 23 16 16 12 7 13 13 6 21 6 5 18 11 17 24 9 21 12 9 7 6 5 2
22 18 13 8 25 6 22 4 3 19 1 22 13 25 4 19 24 20 3 12 0 19 12 19 1 0 3 17 20 12 21 10 16 16 8 19 17 13 11 25 9 4 3 11 18 3 21 24 5 1 6 5 22 7 19 0 6 13 8 2 15 21 6 13 15 12 18 9 7 5 20 24 9 2 4 12 0 1 22 5 0 17 0 6 3 0 7 2 10 12 9 9 23 8 1 9 12 7 24 23
2 6 21 24 1 6 7 13 11 22 0 19 10 7 18 23 14 24 15 2 0 18 17 5 2 11 8 0 18 9 22 18 5 15 17 5 9 16 21 24 22 18 24 0 3 17 7 19 13 10 8 14 16 18 24 2 20 21 20 8 6 11 16 22 16 11 3 20 4 22 25 4 3 15 0 2 1 25 8 3 6 2 0 16 25 15 3 19 12 17 13 12 1 7 12 5 10 25 7 19
16 21 9 14 25 16 11 18 5 10 9 9 8 18 25 8 14 19 16 9 10 6 22 22 3 21 12 14 16 25 9 7 11 22 22 17 17 13 13 20 21 12 12 5 17 7 1 12 6 22 0 1 14 17 3 7 10 12 14 7 14 9 23 23 11 2 14 8 9 1 11 22 8 15 1 2 23 22 2 4 21 6 21 18 20 9 23 17 19 3 10 12 15 20 11 1 20 13 10 2
4 14 15 14 1 1 17 6 21 25 18 18 25 24 21 3 24 18 1 0 16 7 2 2 3 5 3 21 2 10 14 14 15 4 18 5 16 12 13 10 16 22 1 18 16 25 12 3 24 5 9 3 18 7 25 22 21 13 22 3 24 3 19 9 1 10 2 18 16 20 13 20 6 3 3 14 24 13 22 18 17 12 13 5 4 22 4 19 15 0 13 17 12 21 16 10 6 19 14 22
3 12 6 8 15 14 5 2 6 17 14 10 0 14 3 8 3 21 15 19 10 9 5 24 24 4 18 11 16 20 20 0 5 20 23 25 17 19 6 16 15 8 3 10 2 25 12 23 10 2 23 10 22 6 21 17 20 0 17 16 19 21 12 8 19 2 16 16 17 22 10 17 13 4 3 19 7 0 20 18 25 23 9 7 3 4 3 13 14 7 9 0 24 19 16 16 19 16 10 16
9 8 16 7 17 6 15 1 15 3 13 16 3 17 6 0 13 18 19 19 12 11 12 2 18 18 11 24 17 11 7 7 9 19 4 19 24 9 13 10 25 15 24 0 0 19 24 13 10 4 22 0 3 5 19 5 14 2 20 15 16 0 1 17 19 21 9 6 7 11 18 21 8 3 12 23 12 10 1 21 2 8 12 16 12 25 4 1 15 17 25 8 21 12 2 21 15 20 12 25
13 1 17 22 21 16 4 25 12 1 5 14 4 5 3 11 25 12 13 14 17 17 4 25 1 7 22 0 20 12 12 13 8 18 12 23 25 16 7 8 12 24 15 2 3 19 0 11 14 15 11 23 17 12 14 2 25 25 7 9 0 18 4 17 5 23 11 19 15 17 17 7 4 23 20 4 10 14 0 8 11 18 22 25 11 6 24 14 8 7 0 17 3 3 1 9 3 5 20 18
17 25 22 2 10 16 8 19 0 20 25 25 8 20 24 14 7 2 3 16 8 5 22 25 19 24 2 21 23 5 3 14 0 7 20 6 19 19 1 6 8 23 4 23 17 25 17 16 13 17 23 8 1 7 19 23 22 2 15 5 22 4 22 13 24 19 1 25 19 19 0 18 22 9 21 5 18 24 24 17 19 1 3 21 24 13 24 23 7 17 21 24 1 16 3 7 11 7 24 23
21 19 2 10 19 6 14 9 22 25 24 23 20 0 18 1 12 23 5 23 9 4 7 10 10 8 10 5 20 19 23 16 1 16 1 22 13 17 0 0 10 5 25 21 18 8 7 18 6 20 5 1 4 16 23 24 0 3 6 25 17 19 18 1 1 23 9 20 6 9 21 7 15 22 13 16 25 2 20 23 12 17 18 25 9 17 1 6 17 6 0 22 6 22 21 15 2 15 20 9
0 14 14 23 9 15 19 6 8 22 9 1 20 20 6 3 15 16 18 20 24 10 17 4 21 9 23 18 25 9 24 18 19 7 5 11 1 19 3 9 24 22 25 25 7 7 18 6 16 9 6 1 25 5 14 5 25 9 20 12 0 15 13 22 23 9 1 4 10 14 13 16 16 20 2 18 2 19 19 6 20 9 3 18 9 2 15 18 24 19 19 21 13 8 13 18 4 11 14 3
2 24 16 4 2 22 7 24 7 2 18 9 23 19 5 12 11 7 20 13 13 6 3 1 23 1 17 17 7 2 20 16 22 13 0 6 22 24 5 10 9 1 9 13 2 23 19 12 3 7 25 25 4 10 22 3 10 18 8 23 1 8 16 2 10 4 11 19 1 11 10 7 11 16 1 23 20 2 20 9 3 16 11 19 0 0 20 17 2 21 8 22 20 3 11 4 6 21 23 0
16 8 10 14 14 2 16 11 5 19 16 17 4 22 10 5 7 12 13 9 18 14 5 25 16 24 12 22 19 20 1 18 7 21 22 21 5 17 0 15 3 5 21 12 10 22 9 2 2 12 19 17 7 8 20 17 13 24 3 12 15 17 6 23 23 19 1 24 11 1 23 9 15 24 11 21 16 22 4 10 18 21 18 3 21 23 18 10 11 14 17 14 8 5 21 9 13 9 19 8
17 10 19 4 7 15 11 12 13 13 22 2 6 13 17 7 14 0 16 7 11 17 0 5 23 13 23 24 15 21 11 16 15 16 6 5 7 17 15 25 18 4 20 19 9 12 25 1 0 7 21 11 23 22 8 19 14 0 6 14 9 4 13 7 2 5 10 24 1 24 11 22 0 20 24 17 18 14 20 12 8 3 5 4 23 25 3 13 2 6 23 0 16 21 8 5 13 5 12 19
3 1 9 1 9 0 9 11 12 1 22 21 5 2 20 2 24 23 18 12 22 14 15 12 3 25 16 23 16 16 12 25 15 5 12 3 12 5 3 11 16 4 21 8 19 3 18 23 1 9 8 10 7 24 7 16 21 8 5 11 14 18 10 25 16 24 16 2 12 17 9 19 9 20 6 13 8 1 17 14 21 18 4 11 16 8 9 12 1 19 6 24 4 6 9 5 11 21 13 13
21 22 16 6 3 13 9 23 7 7 20 9 19 14 25 9 19 23 25 21 18 7 4 19 16 18 9 16 1 10 3 16 3 6 23 10 20 4 22 1 13 5 7 3 25 25 9 22 21 8 15 0 17 20 5 3 7 19 5 21 24 10 13 9 24 5 3 23 11 17 21 9 3 5 24 25 23 17 18 20 20 14 21 7 10 3 19 8 15 22 25 24 5 14 1 17 0 6 5 16
0 14 3 10 13 12 19 13 15 23 2 14 22 7 25 17 9 19 0 8 2 21 8 23 20 24 6 13 5 13 14 19 24 11 13 1 17 21 20 18 23 16 6 17 1 23 15 19 19 19 22 12 17 5 25 1 9 13 25 4 8 22 25 15 14 9 2 24 4 5 5 8 15 25 25 1 10 4 21 11 18 17 7 8 19 9 6 13 5 14 13 22 13 6 5 22 14 6 5 13
24 12 9 16 21 17 13 24 0 19 3 7 8 3 22 20 18 12 17 21 4 13 24 17 9 7 21 22 10 22 13 18 20 11 18 17 25 2 2 22 19 1 24 13 5 13 0 15 20 6 18 8 4 21 11 15 22 14 23 20 9 4 23 6 25 9 0 15 9 7 7 12 1 3 1 24 11 24 8 4 7 18 0 17 24 8 4 17 15 17 17 24 16 19 5 17 1 15 4 14
12 10 17 23 22 15 23 17 15 21 11 15 4 15 21 12 5 23 6 22 15 24 25 12 13 2 12 3 10 1 15 17 17 8 6 18 4 14 3 15 10 16 13 19 21 14 6 1 19 8 23 16 10 18 15 0 12 19 17 25 24 7 24 13 21 14 12 12 6 2 20 21 20 24 15 21 1 14 18 24 22 18 22 15 17 18 19 16 23 21 6 11 23 2 18 10 7 23 20 24
13 23 18 20 15 18 7 18 20 18 6 11 23 5 0 17 22 19 18 22 13 7 12 18 19 14 25 18 24 21 18 7 10 7 22 8 17 11 19 16 10 10 18 24 21 16 4 13 14 21 20 3 11 4 17 7 17 10 12 23 5 22 4 8 14 1 5 21 23 13 19 15 3 4 0 16 9 8 18 23 15 19 17 0 24 11 13 8 25 23 21 3 21 19 6 2 17 16 20 20
19 2 10 12 10 22 0 15 1 15 12 9 8 20 2 16 4 13 22 20 5 9 17 24 13 15 9 12 1 1 10 18 19 0 25 6 21 4 23 14 24 2 6 12 4 13 7 15 4 4 12 22 17 24 25 21 0 19 9 22 24 9 15 20 18 14 5 25 0 16 0 11 19 4 13 9 13 0 5 6 11 8 3 20 6 11 2 21 10 20 17 19 20 8 6 2 13 5 11 13
8 17 6 7 15 7 18 23 17 1 16 9 20 25 15 2 1 19 25 8 8 17 21 8 3 17 18 20 21 0 0 0 22 9 9 20 6 12 14 7 0 19 14 0 7 17 21 3 20 1 8 2 21 0 15 14 3 23 6 12 25 7 12 20 1 16 20 14 20 2 19 25 1 14 10 8 5 16 8 5 2 13 20 3 5 15 23 8 14 12 21 4 23 18 1 7 5 15 18 8
2 22 22 21 3 9 5 8 13 18 12 8 9 4 17 22 16 20 10 16 14 15 24 7 18 20 7 2 10 8 23 15 2 0 15 1 19 10 4 0 10 13 23 25 7 11 18 7 3 2 22 25 22 10 6 5 15 15 3 10 22 1 22 18 8 25 18 0 24 14 8 12 1 4 17 17 5 18 10 8 19 2 13 12 11 1 18 8 14 7 16 18 17 16 20 12 19 23 21 10
6 1 8 12 16 0 21 25 18 14 6 10 12 22 0 11 19 19 13 2 20 21 6 15 9 11 3 19 16 4 19 24 7 2 23 14 4 17 5 13 18 8 2 17 1 4 1 19 2 13 1 1 9 0 7 9 4 20 22 0 18 21 11 11 22 24 16 24 10 23 3 21 2 13 3 22 17 21 22 20 14 14 15 8 16 4 0 11 1 15 14 19 19 4 24 21 25 1 8 25
1 10 15 13 1 13 0 10 2 17 5 0 8 0 12 11 5 22 16 4 20 12 14 24 15 2 14 16 7 4 24 10 21 0 24 1 15 25 22 23 21 10 9 7 17 18 1 14 12 18 22 22 5 24 0 4 14 10 2 9 25 16 19 10 25 25 0 17 18 23 17 13 17 24 1 2 19 4 18 6 12 2 11 2 15 10 1 4 14 24 22 4 4 4 14 6 3 15 18 8
22 10 11 14 10 5 20 5 24 12 2 20 2 13 24 17 11 5 7 24 9 5 16 2 11 25 10 24 15 16 1 22 23 6 10 22 11 15 4 2 21 15 1 13 3 10 1 23 25 10 15 0 16 24 11 19 25 23 13 18 1 3 18 0 7 17 13 23 2 11 15 19 16 22 24 8 1 6 22 17 17 17 10 23 2 3 13 18 4 8 8 3 23 25 23 16 15 24 11 8
11 13 21 3 8 8 25 9 9 12 0 18 23 12 20 13 0 19 21 13 14 17 21 16 8 18 7 16 24 12 4 24 17 11 8 16 5 19 0 4 9 21 6 20 5 14 17 18 6 8 25 20 9 15 6 24 17 22 11 6 25 5 12 1 4 5 15 20 2 21 10 16 9 0 6 6 20 7 3 16 11 8 24 14 5 10 19 9 22 12 22 7 20 6 21 16 15 4 1 7
19 15 23 25 8 15 9 2 5 4 7 2 15 6 7 8 2 23 7 22 10 10 25 24 6 0 7 4 12 7 7 20 5 0 24 5 6 12 21 13 13 13 2 4 24 12 9 23 10 0 16 14 1 12 10 11 11 13 15 10 2 10 10 4 21 20 18 11 11 12 0 15 19 13 19 20 6 24 7 24 21 18 1 17 21 1 5 5 6 13 4 25 24 14 6 25 21 5 15 4
19 19 15 17 16 23 12 17 20 22 1 2 13 24 4 10 13 7 20 13 8 3 9 20 20 3 22 12 23 20 1 20 5 7 8 14 20 24 3 9 20 16 2 25 18 19 0 25 13 0 11 3 25 22 22 19 21 8 1 14 0 17 20 24 20 9 0 11 19 9 22 2 24 6 22 19 1 21 9 9 9 4 4 25 18 0 1 8 7 12 12 20 14 14 9 13 2 0 25 22
14 7 23 6 3 19 23 13 10 21 7 15 3 5 18 1 19 5 18 20 14 19 15 3 2 18 3 10 7 19 9 5 6 0 16 11 4 8 1 23 2 19 24 9 23 23 8 12 15 13 22 8 18 24 11 4 17 12 8 3 10 10 25 0 15 20 14 6 20 18 20 24 16 12 6 18 16 2 19 15 0 4 1 6 20 23 8 9 21 16 24 6 2 25 11 24 1 25 6 7
9 11 24 2 12 20 11 14 17 16 22 13 22 25 24 12 22 0 23 18 19 18 5 20 15 25 0 8 1 24 17 22 2 18 2 3 5 11 3 12 23 3 2 9 19 11 11 5 4 14 12 1 0 17 14 12 25 5 11 0 18 24 8 1 21 18 7 21 15 1 7 5 4 21 8 1 11 7 8 4 22 15 8 6 17 13 25 3 1 20 13 16 17 23 14 3 19 15 14 21
17 23 24 3 20 15 12 14 11 20 18 22 5 3 5 8 6 9 19 8 13 15 20 2 9 15 10 1 3 0 22 19 24 2 23 23 13 10 7 21 17 4 12 2 12 23 16 16 3 21 6 18 23 14 24 3 25 25 23 14 16 9 21 3 17 22 3 19 13 0 8 21 24 21 7 21 21 2 9 3 22 18 20 23 18 10 21 20 2 14 20 9 24 15 24 24 17 9 12 12
6 18 9 0 24 23 7 22 17 2 24 5 5 1 4 24 4 23 11 6 20 6 14 4 20 18 7 14 17 16 1 23 0 15 20 4 5 9 1 11 16 23 21 20 22 24 18 22 24 20 24 24 1 21 10 19 14 2 0 3 16 12 23 11 24 11 6 11 5 1 11 8 13 8 23 16 8 1 25 3 8 22 12 0 22 13 8 12 20 1 12 3 12 22 18 25 23 24 11 8
0 6 1 22 18 18 7 2 8 0 13 9 6 9 7 5 1 6 16 19 13 7 4 1 24 25 6 19 14 25 6 25 20 7 25 24 16 18 21 11 7 3 7 22 10 20 22 11 15 24 2 24 8 22 23 3 4 9 19 17 10 12 24 14 3 6 0 1 4 8 13 18 10 7 1 23 6 25 11 18 10 21 14 19 25 0 22 22 19 22 15 8 9 5 23 14 24 16 6 22
16 19 19 17 22 10 9 0 15 9 8 21 7 0 17 0 23 21 6 16 7 4 12 20 2 22 16 8 15 5 9 6 15 17 17 19 15 11 2 16 7 5 15 16 1 22 23 17 21 4 8 19 8 11 3 20 19 4 4 3 24 7 13 4 11 9 1 16 25 0 8 0 25 9 3 13 15 6 11 23 23 1 9 17 21 0 21 0 7 21 3 14 14 23 9 21 7 25 23 10
22 25 21 16 13 9 23 9 21 2 4 16 16 17 20 3 8 11 19 0 10 19 9 25 9 21 6 18 11 9 4 22 18 16 20 12 2 3 16 1 1 5 22 7 23 6 4 6 11 18 18 4 8 24 6 10 12 21 10 25 14 4 15 19 9 7 20 12 20 20 10 8 21 20 25 14 16 4 11 1 14 25 18 3 13 24 7 0 8 2 11 25 21 18 2 18 0 15 25 5
8 1 25 12 20 0 5 21 14 20 10 16 25 12 10 18 13 12 10 16 22 21 25 7 12 7 11 23 4 15 18 22 6 16 22 15 7 1 9 1 9 23 8 0 3 25 9 25 24 17 2 15 23 2 6 4 5 10 24 9 15 7 8 12 18 6 4 2 5 21 0 1 1 23 20 21 11 1 9 20 7 24 12 7 14 24 1 6 18 10 24 14 20 11 13 13 7 18 2 4
16 0 21 4 12 8 1 23 5 3 20 0 25 19 24 13 17 0 20 22 20 13 12 20 24 19 2 3 7 10 0 2 16 0 17 14 21 15 17 18 22 2 14 18 18 7 23 3 14 1 23 3 13 9 1 22 9 16 20 5 13 20 5 24 9 12 25 7 21 3 7 24 7 19 20 5 7 23 15 17 20 9 21 21 24 14 11 15 18 3 4 24 25 19 15 19 5 4 9 21
15 2 5 23 1 5 0 14 8 19 10 17 5 0 10 20 11 17 13 20 16 25 9 4 10 10 13 2 13 7 7 22 3 25 10 16 25 11 15 0 21 7 1 20 21 5 10 9 21 2 8 1 18 20 20 22 2 16 2 16 23 14 14 18 5 20 14 8 10 2 19 13 12 0 19 23 20 6 25 4 7 7 4 6 23 9 21 14 17 4 11 4 14 4 24 19 12 15 6 19
24 10 15 4 11 20 24 14 14 18 13 22 6 13 7 23 10 14 16 13 21 24 13 22 7 2 23 22 11 17 3 8 12 2 25 8 17 9 13 20 25 16 22 1 20 23 15 5 2 1 18 22 6 0 10 10 17 0 10 16 22 4 17 13 4 15 12 8 20 12 22 22 6 8 0 24 7 4 25 6 2 4 4 0 24 13 5 6 7 5 21 13 22 19 13 12 13 3 2 19
23 23 14 17 21 2 4 12 3 6 18 0 9 22 2 2 1 21 8 14 5 17 11 13 2 3 11 4 6 12 10 0 25 16 2 4 6 18 2 18 24 16 12 9 15 18 25 14 8 13 7 25 7 9 3 21 15 5 24 25 25 23 5 10 16 18 1 3 12 8 7 6 4 1 7 3 8 25 18 13 9 11 22 7 10 23 3 15 7 6 7 21 18 22 7 7 16 16 5 16
17 25 5 20 17 9 15 23 14 17 22 16 24 2 9 0 25 22 14 23 14 13 3 13 18 6 14 22 9 24 7 23 11 10 17 17 9 14 22 14 11 8 11 3 11 20 14 18 19 8 23 17 18 6 1 17 10 24 3 3 14 18 17 12 7 8 5 15 0 0 21 2 13 23 14 15 16 12 10 13 22 17 6 16 9 8 9 14 17 23 3 17 1 23 10 16 25 19 1 5
22 9 11 24 20 21 15 13 7 6 15 12 6 14 3 19 25 2 19 3 17 24 23 4 13 0 15 25 25 14 5 1 3 24 5 9 10 17 5 16 4 24 21 4 3 1 23 18 19 14 22 7 23 5 17 23 10 2 25 3 17 4 14 19 1 11 24 3 16 7 18 3 6 22 15 13 0 24 0 12 17 10 3 20 21 1 22 21 11 19 24 6 8 22 13 4 20 7 12 22
1 12 22 5 9 21 9 15 14 2 22 17 22 20 19 24 1 12 6 23 25 17 22 11 2 8 23 5 25 9 4 5 23 19 12 9 19 11 11 19 5 21 1 9 1 5 7 1 4 17 0 5 4 21 20 7 2 22 2 11 19 23 5 15 21 16 17 18 0 15 0 14 3 15 16 25 16 22 9 14 7 7 10 13 13 17 7 21 0 20 20 24 21 25 21 5 17 19 9 9
5 11 5 14 7 6 12 13 3 16 0 21 1 10 24 19 20 20 16 25 19 9 14 14 3 16 9 0 14 13 3 18 19 23 13 11 24 6 22 13 8 19 24 15 3 21 16 11 14 7 17 17 10 13 25 15 11 21 18 17 23 9 0 21 5 22 20 16 7 3 23 19 8 12 10 20 9 14 3 17 6 2 15 6 12 25 25 0 21 7 20 15 18 14 17 14 21 16 23 15
22 1 10 23 25 0 7 15 1 10 3 21 0 12 3 24 14 0 0 10 1 21 0 16 3 24 18 10 19 18 22 14 14 2 15 16 12 15 11 16 25 12 6 4 6 18 2 19 9 2 12 25 21 10 4 11 19 18 18 6 23 12 3 14 20 12 5 22 11 1 0 20 0 17 3 22 16 13 9 9 9 10 2 6 8 1 24 5 14 10 20 11 25 7 12 0 12 19 9 24
19 4 9 14 16 17 15 18 14 19 14 11 23 3 0 0 5 9 15 12 15 17 20 18 3 7 9 5 1 20 22 11 16 6 18 5 18 3 18 2 16 23 11 5 23 0 10 1 10 22 4 6 5 7 16 14 17 3 1 2 10 16 24 12 22 1 4 16 18 1 21 22 14 14 5 21 20 16 3 11 18 3 14 1 7 2 14 4 14 22 7 13 7 5 6 17 0 2 4 20
23 22 11 22 9 16 16 3 1 24 2 20 0 13 25 15 7 18 19 18 21 3 10 9 7 9 18 0 21 14 13 8 17 9 19 4 2 9 12 17 21 8 9 21 21 19 2 18 13 1 9 12 21 19 23 5 13 10 0 16 7 19 21 11 6 10 1 7 5 20 7 17 18 13 17 14 13 24 6 0 1 8 16 9 23 17 3 23 1 21 0 16 22 17 19 13 7 8 17 3
2 12 25 3 19 3 20 6 24 24 25 19 24 9 14 13 7 2 3 2 19 13 11 2 24 23 2 8 20 1 9 0 2 9 24 7 4 14 16 18 14 16 16 2 11 4 8 20 16 2 18 1 18 16 9 11 24 13 21 16 8 10 15 18 14 14 3 0 5 19 8 12 12 16 6 12 9 22 18 18 20 17 20 11 17 1 16 23 21 2 5 19 24 5 12 8 25 9 11 11
16 18 14 22 21 23 24 7 8 1 3 5 13 12 9 9 25 16 17 20 16 21 22 20 20 5 16 17 16 25 23 19 18 24 17 24 18 12 5 17 23 15 5 14 11 7 15 7 17 14 8 8 2 2 14 6 3 21 5 12 22 5 16 18 13 9 4 16 16 11 9 4 9 2 22 22 18 5 1 24 6 19 13 11 22 12 3 21 16 16 15 24 12 13 21 11 16 9 7 19
11 1 22 7 18 19 25 4 18 20 11 13 2 12 10 3 23 14 7 23 16 9 19 5 19 4 15 25 23 5 0 19 25 4 20 18 16 9 5 25 20 4 21 17 5 11 13 5 4 14 9 23 1 13 5 14 19 1 12 3 1 16 21 3 2 12 21 4 6 11 12 14 15 13 11 21 9 11 19 15 2 13 22 20 5 14 3 21 4 14 18 14 14 5 1 24 7 18 5 9
21 10 1 10 10 21 12 19 21 6 21 23 6 1 1 9 0 11 0 6 5 3 12 11 21 5 4 20 18 23 18 18 8 24 3 12 9 13 3 13 6 14 17 24 18 13 20 18 21 19 7 3 15 4 22 15 13 2 18 0 4 14 16 17 20 16 16 18 7 19 20 22 10 24 2 5 4 5 9 21 24 14 17 24 15 21 6 25 16 23 22 24 7 17 0 7 10 5 13 21
12 13 8 0 25 22 15 18 20 2 25 6 13 1 23 14 23 24 9 18 3 10 10 20 3 22 15 18 0 9 11 25 12 23 23 9 11 7 1 11 17 24 17 13 2 8 16 10 21 25 7 4 25 25 4 13 13 25 6 25 21 5 1 2 15 19 20 15 7 9 22 13 20 3 1 1 13 10 19 20 16 14 17 10 20 25 5 0 22 0 15 14 19 23 10 25 24 22 2 13
20 9 1 7 7 9 13 2 12 20 8 19 24 21 4 13 15 16 8 7 13 3 19 17 7 1 0 19 12 5 17 2 7 4 7 2 13 16 24 5 1 16 22 13 25 8 9 2 22 17 4 4 15 0 11 6 16 19 17 20 9 8 22 22 24 22 0 24 4 0 4 0 20 15 14 15 3 17 18 21 7 4 15 17 20 21 18 16 24 3 3 22 19 16 7 20 19 4 6 11
18 19 7 25 11 0 4 13 18 1 24 12 8 3 25 17 17 8 14 1 6 9 11 13 5 7 0 14 25 12 9 10 2 2 11 18 21 14 22 7 17 12 19 11 25 12 23 25 12 8 9 17 10 24 4 25 24 10 16 24 7 8 14 20 6 11 3 1 14 2 18 4 8 8 17 7 21 11 13 14 2 12 18 11 16 25 12 18 5 23 19 9 20 23 13 19 22 8 25 25
13 16 12 3 9 20 2 21 13 3 0 11 25 19 17 11 21 7 21 8 1 19 2 1 19 23 11 20 0 12 0 5 5 9 17 15 2 12 16 0 4 8 14 14 24 21 9 15 21 11 20 1 12 5 11 14 9 6 23 2 17 24 20 2 23 6 8 10 22 23 22 20 11 0 5 24 17 0 11 16 12 1 21 17 18 14 9 21 0 17 0 18 19 22 3 25 13 21 2 24
22 17 12 6 19 13 10 16 12 20 23 4 23 3 24 13 9 12 19 3 10 17 4 25 17 21 0 12 18 2 12 24 19 10 13 11 13 12 22 5 7 6 5 13 20 22 7 0 9 3 11 8 15 15 6 6 22 2 22 0 21 13 17 18 23 7 15 11 25 14 21 23 11 25 19 4 7 20 10 5 20 3 23 12 20 14 4 14 15 12 18 20 19 20 5 19 2 12 12 25
19 19 6 2 2 1 9 4 9 14 3 16 21 10 23 22 15 15 0 1 25 5 13 13 25 23 12 13 20 16 15 14 16 11 21 0 22 1 12 4 19 0 20 4 23 3 22 7 4 1 24 8 23 10 4 19 6 14 7 11 3 14 3 17 16 1 21 8 6 6 23 19 16 22 12 2 13 2 1 17 14 21 0 7 8 16 1 22 4 18 8 7 18 5 20 20 9 21 23 23
8 11 11 8 13 11 7 19 9 25 17 24 11 21 5 0 6 10 4 17 25 2 10 16 17 24 24 5 20 1 25 14 20 9 14 17 13 1 25 1 18 24 2 19 23 10 9 11 6 16 19 18 4 7 4 18 4 15 13 7 10 16 12 18 17 0 21 15 23 21 22 8 3 12 17 1 11 8 0 19 4 24 2 5 24 1 17 24 2 15 2 20 0 0 13 7 20 5 1 22
6 8 4 21 9 5 1 7 16 8 16 23 15 8 9 8 22 11 13 18 24 13 25 1 16 22 13 22 11 13 0 25 25 15 3 14 24 8 13 2 11 24 10 4 22 18 19 2 22 13 12 25 16 19 18 5 0 10 9 1 23 9 14 21 3 17 19 13 17 6 0 6 5 6 9 22 23 14 4 2 14 10 5 3 23 17 14 25 9 13 18 3 3 24 7 14 10 17 1 9
5 15 4 21 2 6 15 0 12 1 16 18 15 24 21 22 7 11 11 2 15 2 3 5 10 1 13 5 12 10 22 12 22 15 25 16 25 22 13 7 3 14 5 9 4 25 9 24 12 1 16 7 20 15 10 22 5 13 1 16 15 8 2 5 16 19 23 9 7 14 0 6 24 1 20 4 19 20 13 17 13 9 23 14 1 17 23 15 1 4 19 2 1 3 14 15 1 20 7 6
2 8 0 7 9 7 7 7 4 14 16 6 12 1 11 12 20 3 16 15 14 14 25 7 7 24 1 19 22 12 6 25 4 19 16 20 19 3 16 11 6 25 3 5 19 20 3 22 1 22 20 13 18 3 9 5 1 18 22 12 17 15 18 6 25 21 22 15 0 20 0 20 18 10 25 15 25 1 25 0 6 12 11 14 22 3 10 0 25 1 5 9 0 20 24 20 13 17 6 11
11 19 7 18 21 17 24 19 4 19 16 16 11 15 3 12 24 11 14 5 22 4 12 1 7 22 13 22 3 24 10 21 25 10 19 8 2 25 22 17 23 1 16 9 4 13 7 6 0 6 17 10 2 16 3 17 4 11 8 10 23 21 24 17 9 2 19 5 0 22 5 7 18 19 0 11 13 7 22 24 22 23 15 8 2 22 4 0 0 24 17 15 18 25 24 8 15 12 8 8
0 7 4 24 14 2 18 4 4 25 12 23 5 17 3 21 21 20 14 15 25 3 8 19 1 7 10 0 19 14 8 9 23 9 8 20 19 24 20 4 23 21 4 16 19 23 18 18 3 17 14 21 17 24 1 22 2 6 18 6 17 22 15 15 14 3 13 11 1 14 18 13 10 5 20 19 14 20 22 13 14 14 15 21 22 12 20 7 19 15 0 21 23 1 20 21 21 9 3 16
20 1 6 8 14 7 13 24 8 1 25 5 11 11 25 5 16 2 4 16 20 6 10 19 25 20 10 12 13 13 17 1 24 14 2 13 12 21 9 20 1 21 5 14 8 23 17 12 19 4 5 22 7 5 25 10 8 14 3 9 23 10 16 9 11 12 11 18 16 7 12 0 22 9 16 14 4 7 2 14 16 5 14 3 0 25 4 22 4 20 18 0 0 21 8 23 16 1 20 17
15 19 0 2 16 9 3 1 8 7 7 2 16 17 2 7 15 20 3 11 8 13 7 3 6 12 1 17 13 0 22 18 20 0 0 21 9 6 17 21 4 16 5 9 5 14 3 6 23 16 20 9 17 18 12 23 22 18 6 1 11 24 25 18 13 20 22 14 12 8 6 13 1 20 22 22 15 17 12 0 0 1 19 2 14 18 23 15 23 2 4 25 5 24 11 1 6 14 15 22
6 5 14 13 11 23 20 23 14 13 12 7 10 23 2 22 24 18 6 8 4 16 2 12 1 7 19 10 12 3 24 10 5 21 16 21 5 14 4 3 4 7 8 15 12 16 2 5 21 7 15 6 12 1 19 2 7 17 3 13 9 13 9 5 5 15 23 9 5 13 21 19 17 11 4 5 9 5 20 18 16 23 8 19 3 19 5 21 7 9 0 17 18 15 21 5 21 25 15 9
24 19 23 12 25 4 15 23 6 10 8 22 23 9 23 23 14 24 4 17 21 18 25 1 5 15 21 0 17 5 12 17 23 17 13 22 7 1 11 4 24 24 0 19 8 2 17 14 7 2 7 13 1 22 23 10 2 19 19 9 23 18 12 6 19 11 4 7 21 10 13 9 19 0 13 24 24 0 18 14 9 24 22 16 24 6 3 8 13 7 20 3 13 16 5 7 3 18 11 14
20 3 2 20 7 12 12 16 5 22 20 4 0 11 21 15 25 2 24 1 23 9 8 12 18 14 16 13 25 24 0 7 17 3 6 2 25 24 5 20 9 17 22 17 20 22 21 19 9 14 15 15 13 7 16 2 19 10 14 11 6 4 21 15 25 16 10 7 14 4 18 15 13 8 6 0 17 20 25 8 13 10 24 24 5 20 4 4 9 5 22 5 0 9 22 11 24 16 13 0
14 17 21 3 16 4 3 2 23 9 19 7 18 5 7 0 13 1 11 18 24 14 7 16 23 1 12 9 10 18 18 15 13 15 11 6 11 19 17 0 10 13 8 18 7 16 19 0 21 20 9 11 4 20 25 24 14 19 5 7 17 19 3 8 13 18 8 6 18 18 11 6 9 17 0 11 20 18 2 11 22 9 20 15 11 5 0 0 3 20 12 3 21 7 22 22 0 21 11 4
8 24 3 0 3 14 11 15 6 13 16 16 24 25 15 1 4 6 16 4 18 21 21 13 23 24 0 12 25 23 22 19 17 16 24 20 14 7 23 16 10 2 6 16 3 17 22 9 13 9 19 0 9 13 12 5 10 6 19 5 21 12 9 10 14 1 12 25 12 0 24 9 1 23 20 24 22 21 14 1 20 4 19 19 16 14 16 22 25 20 12 17 16 16 3 17 12 17 5 8
25 24 12 16 20 10 10 16 22 4 11 2 20 12 24 1 8 12 2 7 10 18 12 14 25 6 1 19 9 14 7 23 14 24 14 9 0 20 18 13 19 1 4 4 8 13 24 0 16 1 7 18 5 24 15 25 2 11 20 24 5 14 14 16 24 3 14 22 13 6 1 9 22 13 11 19 8 19 20 8 24 11 4 24 1 21 2 3 9 8 23 0 4 5 16 15 8 2 13 3
3 25 24 10 15 21 12 14 5 20 0 17 3 11 4 14 25 25 9 19 14 9 18 11 4 8 18 25 8 14 18 21 7 25 20 1 9 3 13 9 23 18 25 9 15 15 17 1 15 20 13 2 3 0 5 15 8 11 18 6 23 23 19 6 7 6 18 16 18 6 25 11 14 10 5 24 6 24 6 4 9 11 14 4 21 4 7 10 17 17 10 12 20 23 2 10 5 9 17 17
13 22 5 3 16 17 16 23 11 15 0 6 2 17 15 21 3 1 11 24 24 3 2 16 18 24 7 16 18 3 5 1 12 5 21 3 13 24 1 21 23 9 10 18 12 13 0 1 3 11 10 19 20 4 12 1 9 9 5 15 0 4 14 1 22 20 22 0 5 17 14 20 15 24 9 16 7 5 22 11 19 16 9 6 17 10 16 18 11 10 6 12 1 17 14 16 2 24 1 7
10 17 21 22 18 1 7 5 14 25 2 20 24 4 24 17 12 22 20 16 6 20 10 24 1 3 14 13 1 15 7 5 17 18 11 20 21 11 11 8 0 18 1 9 5 15 11 9 25 21 25 0 4 20 3 6 19 10 9 22 2 21 12 15 5 20 22 18 0 25 12 1 9 2 0 21 16 16 21 21 12 19 0 6 2 15 9 2 21 22 13 9 18 2 9 13 22 10 9 15
7 17 24 0 1 10 17 18 1 25 4 1 1 18 19 24 12 25 14 6 13 8 10 11 6 12 13 24 12 15 20 17 0 11 17 19 9 0 3 2 11 17 21 16 24 3 19 2 25 18 12 1 15 5 10 19 18 23 23 16 3 18 17 17 14 23 6 22 7 9 12 25 22 0 4 22 0 2 16 17 15 17 3 15 11 6 22 9 5 11 17 7 3 2 14 16 8 2 21 12
17 13 22 22 19 10 4 23 17 20 1 15 1 2 14 16 3 1 23 11 18 1 24 17 5 22 1 13 4 24 23 3 18 22 0 6 6 2 13 16 16 16 14 14 0 6 2 25 24 4 10 3 0 6 10 17 20 13 23 11 17 22 1 18 6 13 2 14 4 20 24 1 12 2 7 4 23 25 16 17 14 12 12 23 15 3 6 23 2 11 24 21 8 10 18 20 14 23 0 10
8 2 12 11 19 13 19 25 4 22 10 4 0 9 14 5 10 14 21 15 8 17 19 16 20 21 2 25 21 17 14 18 10 20 18 3 21 19 8 14 8 20 9 14 23 20 19 5 18 7 22 9 21 11 5 16 6 16 9 4 4 21 22 21 8 2 24 19 12 16 7 3 3 1 11 0 11 18 9 11 25 10 17 17 23 15 4 24 22 24 19 3 3 22 25 16 20 24 20 18
20 23 11 21 11 6 4 16 25 11 0 2 3 23 12 24 7 3 6 10 22 22 16 23 17 23 8 11 15 23 18 4 5 9 16 13 1 25 19 7 17 5 3 16 13 3 25 8 20 16 23 0 1 10 20 8 11 11 22 2 17 2 22 1 22 16 14 22 22 14 13 12 9 14 7 7 0 20 2 23 21 1 10 5 6 13 8 2 1 24 7 22 2 14 12 1 18 12 12 15
24 8 8 16 12 17 22 6 2 23 18 20 5 9 15 0 18 14 11 16 2 14 19 11 19 12 1 0 22 4 25 19 22 24 4 14 4 8 1 6 11 13 3 18 20 24 9 11 25 22 17 3 22 2 9 25 16 18 1 18 3 13 16 17 10 25 23 24 3 1 18 11 16 13 19 23 19 0 21 15 13 18 7 23 0 20 25 20 23 21 5 7 15 10 22 19 12 13 3 23
9 12 3 17 19 23 2 1 11 4 0 10 20 10 17 6 7 5 24 0 9 13 18 9 11 3 13 9 12 7 0 3 23 3 0 8 23 24 25 21 7 7 25 22 20 0 3 5 24 18 6 13 22 17 23 13 7 12 5 5 20 12 19 23 18 3 4 21 19 8 24 4 25 18 6 4 25 25 12 11 22 22 25 8 14 5 20 8 0 19 16 5 7 9 9 25 3 8 1 18
17 10 25 23 17 2 6 17 20 1 16 13 3 12 17 5 16 11 0 11 12 8 9 21 1 12 6 0 10 17 9 12 1 7 2 18 12 8 4 3 3 7 3 14 12 19 12 11 22 0 14 16 16 21 1 4 13 21 11 9 17 16 15 2 11 12 21 6 7 13 5 8 11 0 20 6 6 24 15 24 19 13 6 11 0 20 9 13 10 16 20 17 12 13 22 12 6 4 14 12
24 7 20 3 15 19 7 18 20 0 3 4 1 13 1 4 25 16 20 21 3 10 25 21 13 11 22 10 17 1 14 3 14 22 25 24 8 7 1 16 18 19 19 19 23 11 2 13 16 15 24 7 12 20 13 9 20 14 24 23 20 25 14 24 14 4 25 13 3 11 2 7 9 5 15 20 8 8 5 8 0 22 18 22 9 12 4 12 6 25 14 12 8 14 17 3 7 14 24 2
14 25 12 15 24 23 11 9 18 6 4 6 14 17 5 7 13 24 23 19 7 7 3 6 5 9 16 23 16 2 4 17 23 2 1 20 19 8 11 18 11 19 15 3 7 3 17 21 11 25 14 17 11 1 8 24 2 14 4 12 22 25 12 0 6 15 9 14 23 23 23 23 22 11 23 8 22 20 9 15 6 1 18 13 21 4 19 9 14 14 19 8 5 23 4 17 16 13 15 17
25 11 0 18 15 14 2 7 22 6 22 10 3 17 5 17 25 18 17 2 15 25 14 0 14 1 4 12 6 2 19 22 25 6 24 0 4 18 9 19 7 16 14 1 19 21 18 6 1 7 13 16 8 7 11 25 19 13 11 4 24 13 10 10 11 23 17 4 6 8 16 18 23 9 11 5 5 16 12 9 18 1 10 11 13 20 11 24 23 3 24 11 12 3 4 25 11 20 21 18
19 5 24 20 23 13 3 20 8 7 7 1 8 24 10 8 17 11 25 11 15 18 21 8 20 3 10 18 15 10 21 2 14 5 23 5 6 9 6 21 10 19 11 14 8 4 9 15 20 4 14 7 23 14 10 0 7 4 4 18 23 1 19 9 12 10 18 14 19 21 25 13 1 10 3 23 17 3 24 21 17 3 15 21 8 0 13 20 12 6 25 23 4 16 13 24 18 10 22 1
17 21 1 3 7 1 7 10 16 2 7 11 0 4 13 21 0 8 2 24 13 0 21 17 20 12 13 24 13 1 22 24 18 2 2 7 9 1 13 2 16 7 5 11 8 22 11 25 10 12 20 20 20 11 7 7 2 20 0 6 24 13 23 1 1 6 23 6 5 10 19 5 19 23 0 23 20 25 9 21 3 4 8 13 21 1 20 21 18 13 22 4 7 7 25 25 0 17 15 6
24 20 18 5 20 0 25 12 11 24 14 7 0 2 16 11 22 8 15 6 1 0 3 0 11 24 17 22 9 14 17 2 10 25 10 9 24 10 21 9 7 9 18 17 15 19 8 18 6 19 0 21 20 18 14 16 19 9 16 8 12 11 1 22 10 8 13 21 2 13 7 6 15 21 6 8 19 8 18 0 25 18 1 17 18 13 23 16 10 23 11 19 9 16 24 15 21 21 5 5
16 10 0 20 25 9 3 12 12 22 11 14 21 6 3 13 12 6 3 21 8 5 16 19 20 6 2 2 22 19 7 5 25 11 19 20 18 12 6 7 16 16 11 14 9 22 23 7 17 18 23 4 6 2 23 2 3 25 18 23 13 20 4 15 17 0 23 6 12 6 24 4 10 5 19 11 5 12 14 20 9 0 3 1 8 21 12 11 12 11 6 0 18 20 2 24 3 3 17 11
15 16 13 18 2 9 3 24 22 14 0 19 22 2 20 16 10 15 2 6 3 0 10 11 0 25 4 9 13 20 21 7 17 18 1 1 8 19 2 24 6 13 16 7 17 7 24 25 7 11 13 9 11 19 4 16 22 4 23 4 23 5 11 2 20 18 2 21 20 4 4 16 19 20 0 11 23 16 17 23 12 11 1 17 22 16 11 25 1 7 20 7 22 2 14 1 7 12 11 16
23 0 18 14 10 0 7 19 1 10 16 14 6 11 10 16 0 9 1 7 0 11 25 13 8 7 14 0 18 20 12 5 5 10 2 16 24 12 18 21 2 10 2 24 25 9 16 17 1 21 19 20 12 9 9 24 21 23 14 12 22 9 19 22 19 5 0 15 9 15 3 0 13 18 22 20 15 13 13 14 21 11 9 22 1 7 24 9 14 16 11 22 12 11 11 2 25 14 6 3
20 2 8 14 13 2 18 20 1 9 5 13 24 17 19 13 6 18 20 6 23 2 9 5 16 3 7 21 2 11 19 24 6 11 2 0 13 10 18 15 20 20 4 7 6 1 6 10 23 13 10 21 8 0 12 8 13 14 13 22 23 13 4 20 6 2 16 14 9 18 2 7 16 25 12 6 4 7 2 19 0 4 5 19 19 19 4 18 22 15 23 6 12 2 22 2 10 18 15 20
2 23 9 12 19 25 7 1 20 25 2 12 13 18 11 24 14 21 6 22 16 15 8 3 13 2 5 4 19 3 8 13 10 23 0 9 24 7 21 2 16 25 16 1 9 18 24 1 25 20 0 2 11 0 14 24 16 0 15 17 21 14 17 1 13 15 18 23 13 24 18 5 14 13 21 19 10 6 8 10 6 13 17 2 5 0 8 6 4 22 24 24 11 0 25 8 19 23 25 13
8 17 12 2 22 13 1 16 13 0 3 5 13 21 21 17 9 21 16 19 13 23 13 24 17 20 6 8 19 7 11 10 13 23 16 10 4 3 20 12 22 1 11 15 21 9 7 17 7 7 19 13 19 24 3 6 2 6 17 4 21 7 19 17 22 25 24 6 22 15 22 1 10 10 21 0 7 11 3 2 20 6 22 13 16 23 15 15 17 24 18 8 11 21 9 23 9 3 20 25
16 17 20 15 3 17 24 7 18 4 23 19 2 15 17 12 15 13 23 12 2 10 23 11 4 19 22 11 22 24 19 16 5 7 12 18 3 0 19 2 17 20 7 18 25 11 2 3 7 1 12 23 23 1 19 2 13 21 15 15 24 4 0 11 13 12 6 16 14 13 6 9 8 7 16 8 12 0 23 10 13 8 0 3 22 21 4 25 21 3 1 1 7 3 5 14 23 10 16 7
5 3 5 12 2 16 11 22 24 10 16 16 12 8 17 7 5 18 14 7 19 6 18 7 7 2 17 12 0 16 0 15 22 17 15 23 13 15 13 6 6 4 7 5 21 0 15 18 15 21 11 19 14 0 24 25 11 15 16 20 13 3 25 24 19 21 11 20 6 21 2 9 9 18 6 23 10 1 21 7 10 24 14 22 25 14 19 15 13 4 24 7 8 12 18 22 23 16 7 3
18 14 9 16 5 10 14 14 2 24 4 14 15 3 20 11 9 15 7 7 3 8 13 22 6 25 24 25 19 19 22 9 24 0 6 23 17 5 12 3 14 11 3 3 12 17 5 11 21 18 10 16 9 24 25 3 10 16 16 13 13 21 5 22 0 17 21 20 6 3 5 19 21 6 0 10 12 18 1 3 16 21 8 11 16 25 13 0 16 1 25 7 14 7 5 22 23 0 25 24
8 11 9 21 18 21 14 7 8 23 6 13 24 25 15 24 1 12 0 8 3 13 6 12 0 6 14 1 21 14 22 25 23 20 4 1 24 23 18 25 5 9 13 19 10 0 0 21 7 14 21 23 16 10 24 0 3 5 1 12 16 9 22 14 18 0 15 22 15 3 23 3 15 8 6 18 9 25 25 19 3 9 5 0 1 14 9 1 6 8 10 21 19 12 9 9 6 17 20 9
17 0 18 11 11 11 13 0 21 0 18 24 12 16 19 12 1 11 17 6 20 22 25 7 19 0 23 14 5 17 15 16 1 3 19 15 7 14 20 6 7 20 13 22 1 5 4 5 2 25 5 25 11 10 23 10 17 0 14 19 9 7 10 6 23 19 23 17 13 24 21 14 8 24 14 10 13 22 10 6 16 7 25 8 23 25 14 4 2 6 22 20 10 16 14 7 19 2 6 17
18 15 10 0 5 12 24 12 15 10 19 22 17 2 0 24 5 5 9 4 6 20 16 19 7 3 23 14 3 25 5 0 5 2 0 13 13 23 10 14 6 18 5 21 18 19 12 14 22 7 20 1 4 7 21 4 15 0 1 14 8 13 8 15 2 20 10 2 2 1 22 6 15 16 20 1 10 12 4 24 3 21 1 0 25 9 16 19 12 5 23 17 19 1 15 18 18 12 16 6
23 16 1 20 16 13 2 8 16 8 18 11 18 6 1 5 13 25 24 16 21 9 23 22 19 17 24 14 12 11 2 21 25 11 3 7 1 4 21 11 3 15 16 4 19 25 15 16 12 11 24 16 15 20 0 22 16 13 8 6 21 4 6 11 19 14 19 10 23 3 12 11 0 12 25 12 7 12 10 20 24 20 24 0 10 11 19 2 12 10 8 0 4 2 5 7 5 21 3 6
12 6 0 12 13 6 5 17 8 0 11 1 15 24 1 11 18 15 0 3 21 15 3 19 5 1 4 11 21 17 6 23 8 18 12 4 9 6 1 4 22 5 17 4 7 7 7 4 17 16 17 7 12 10 20 20 22 14 14 21 14 13 1 6 3 17 5 23 6 20 2 15 24 4 10 8 21 21 23 21 3 7 9 23 20 14 18 17 25 11 4 18 2 2 10 11 19 8 16 24
3 14 16 18 10 0 23 0 22 2 21 13 24 2 0 1 1 7 2 12 18 24 12 1 17 7 8 3 6 4 5 9 13 1 8 20 23 15 21 16 12 17 15 19 13 1 25 24 16 21 4 5 8 21 1 21 14 11 7 8 1 3 3 22 10 21 14 14 21 0 8 5 21 25 14 22 5 24 24 25 25 1 17 3 6 8 24 14 0 20 0 0 0 24 13 1 7 9 10 6
22 17 4 1 5 3 18 23 7 6 10 13 16 6 7 6 3 2 6 18 17 15 4 17 23 13 23 14 6 1 0 0 15 6 18 20 6 8 2 20 25 25 9 23 21 5 21 19 6 13 20 21 22 9 25 21 15 2 14 24 22 19 17 20 18 19 19 25 17 14 2 23 18 13 7 10 11 1 3 18 14 18 25 20 15 18 5 8 13 17 15 13 24 8 11 16 15 13 20 12
17 13 4 5 22 19 19 15 22 3 11 22 12 22 22 19 25 20 9 14 18 17 12 1 10 4 2 3 21 19 19 12 12 19 15 5 7 23 8 21 8 2 13 12 20 18 24 14 24 25 1 13 2 7 14 19 1 16 12 1 5 21 15 9 25 3 10 19 5 12 13 11 8 11 14 13 18 21 3 7 5 6 23 12 6 9 7 4 6 17 6 22 18 2 17 15 19 8 14 5
20 6 2 3 7 4 6 13 22 9 18 16 24 10 15 24 8 15 21 11 5 23 12 23 4 20 23 13 14 1 9 5 23 25 20 11 14 20 16 18 14 23 12 22 21 23 1 25 16 24 12 10 22 9 5 17 25 0 8 15 17 18 5 16 2 14 14 4 0 4 19 8 14 16 19 18 24 12 8 2 5 12 20 18 23 0 13 16 17 3 14 9 0 24 13 1 12 7 16 11
13 11 6 1 11 21 18 10 20 21 1 7 19 20 24 7 7 22 8 18 6 19 20 1 10 5 8 20 9 23 25 22 14 6 2 7 2 1 11 0 3 7 12 4 2 12 17 1 22 9 22 19 22 22 3 2 9 16 23 22 21 15 11 7 2 13 13 23 19 15 16 4 18 0 8 21 25 25 17 25 11 12 6 12 12 15 7 18 8 0 17 6 23 7 24 3 1 24 9 18
20 25 18 4 4 16 11 22 5 15 2 2 14 20 20 12 2 12 24 15 12 16 2 20 24 23 3 12 25 2 9 5 24 7 23 6 18 2 2 20 18 21 0 0 7 20 21 3 17 11 25 22 10 7 2 21 23 15 10 15 4 19 18 16 24 4 12 2 20 12 17 8 20 18 23 1 12 21 7 11 25 18 24 21 25 13 21 13 16 23 22 16 7 25 4 7 4 4 5 13
5 25 4 10 17 7 15 12 10 11 12 23 21 24 24 19 12 7 14 24 23 8 4 2 13 17 16 23 4 1 16 24 21 4 1 6 9 16 17 7 3 10 17 19 17 20 23 4 4 7 2 0 19 12 24 24 18 4 12 12 6 20 21 3 14 0 2 17 14 6 23 5 21 15 10 17 14 23 9 23 3 6 22 24 23 24 18 24 0 8 21 20 0 9 17 7 23 18 25 2
5 11 7 14 2 5 9 4 15 5 5 20 16 20 10 0 1 16 14 19 15 3 15 3 0 6 19 2 12 22 8 10 8 22 3 23 23 16 19 18 20 8 17 21 14 5 14 22 19 21 5 3 12 18 6 15 2 15 24 24 17 23 0 23 11 21 5 23 1 7 1 18 16 19 24 21 9 9 21 11 2 3 4 6 19 5 17 6 19 20 0 11 2 10 14 5 25 23 23 0
19 20 25 19 3 5 0 18 22 18 10 18 10 13 2 0 3 19 3 9 4 6 20 7 10 12 11 7 11 13 11 19 19 4 18 25 3 3 24 10 14 10 5 19 23 2 11 14 18 15 12 16 18 0 11 25 11 17 7 25 15 0 9 21 22 24 13 7 8 11 3 10 4 6 22 18 3 4 4 3 12 1 20 10 0 8 2 1 5 6 24 7 17 25 11 8 14 17 18 6
24 12 10 1 9 23 1 3 23 6 17 3 24 8 14 8 23 0 8 12 6 13 14 6 18 12 25 25 8 12 19 2 17 25 20 22 2 1 7 11 24 12 8 2 15 15 11 10 18 22 25 9 1 11 25 9 2 10 3 19 13 19 11 7 8 13 10 20 3 9 18 25 15 17 17 17 11 17 25 24 23 3 17 13 25 14 22 25 11 13 0 14 11 1 17 21 2 10 12 24
7 3 17 15 25 14 5 24 10 5 11 20 3 0 3 20 7 15 23 22 5 5 7 9 4 6 11 10 1 12 5 19 7 4 11 0 18 4 9 18 18 22 14 5 21 14 4 1 15 16 2 12 20 23 18 22 11 2 15 17 6 10 19 18 22 7 13 4 15 23 5 12 11 6 7 18 10 14 12 7 11 22 6 1 4 4 25 14 17 6 23 23 9 11 2 6 2 5 23 16
15 10 1 1 25 19 0 22 11 6 12 18 7 21 20 7 12 7 18 9 13 1 25 15 24 11 21 24 8 1 0 12 11 18 11 18 6 7 21 24 20 19 0 14 0 8 15 9 7 15 13 1 12 17 7 10 12 19 3 23 16 18 14 25 9 25 3 3 16 22 0 11 6 17 17 5 19 19 15 22 23 0 17 16 12 14 25 19 8 20 9 6 4 7 12 7 3 9 23 22
8 17 7 19 2 23 9 14 12 25 2 24 18 21 7 7 25 25 0 13 8 16 5 12 14 23 21 11 20 8 8 12 16 16 25 15 11 7 8 4 19 11 9 14 19 11 13 11 1 8 0 23 13 14 13 23 21 22 10 23 23 8 4 17 20 5 0 1 1 8 13 19 3 4 5 13 20 18 5 5 20 1 7 10 16 14 23 6 11 22 15 13 12 14 0 17 22 23 0 5
12 0 7 3 24 16 9 13 20 2 4 6 8 3 18 24 22 6 20 17 11 7 9 4 10 12 6 25 10 19 6 16 23 8 25 6 11 21 0 12 20 8 2 1 10 12 11 25 19 15 1 9 24 10 9 16 2 23 14 11 2 5 17 7 20 12 1 23 24 17 1 1 17 3 0 12 1 0 9 22 16 0 14 4 0 18 14 7 8 19 13 11 15 17 13 14 20 6 7 11
7 19 11 2 17 20 10 16 6 6 4 11 13 9 23 10 10 12 3 12 10 22 7 14 23 15 21 10 1 1 12 2 1 21 5 8 24 11 16 4 0 13 25 13 22 3 24 9 20 12 6 16 14 3 20 2 14 7 25 5 9 25 6 12 3 7 14 17 17 5 20 9 16 2 15 12 9 23 3 22 5 17 18 21 11 16 10 24 5 13 25 4 15 22 15 8 25 23 19 3
15 13 16 7 12 15 13 17 2 14 22 20 12 12 15 16 16 15 16 12 1 18 23 17 5 19 13 16 2 3 4 10 17 11 25 14 4 23 13 12 2 2 19 15 22 24 22 21 14 22 21 25 5 19 18 13 14 15 24 0 24 6 17 3 13 0 14 5 2 18 17 18 15 12 8 4 24 4 6 11 9 25 10 13 2 8 2 0 13 2 18 23 10 10 4 23 8 21 6 5
2 22 10 14 8 4 15 4 4 20 15 18 17 16 8 0 8 2 18 9 10 24 5 13 4 25 22 21 9 7 14 2 23 10 7 12 6 12 3 16 22 2 10 21 15 18 12 3 16 11 13 11 6 12 3 21 21 0 16 13 19 6 7 22 13 2 16 6 0 7 12 10 14 14 24 20 12 17 0 2 5 1 4 22 15 17 13 14 10 11 5 10 11 6 9 22 5 25 0 19
11 21 19 4 7 6 0 22 7 23 6 13 17 9 1 19 8 17 18 3 16 23 5 2 13 24 5 18 16 13 7 25 17 8 6 12 17 15 1 1 6 10 9 15 23 1 4 13 17 14 13 25 24 10 5 1 12 1 19 16 23 1 9 19 3 0 15 17 5 8 5 18 21 14 22 4 10 19 14 6 2 25 0 5 24 19 20 5 22 4 4 13 0 19 11 13 16 20 8 8
0 20 21 5 9 24 25 25 20 6 10 18 0 15 7 6 8 15 25 4 1 24 1 15 19 14 23 22 17 16 1 21 18 16 16 6 18 8 1 13 9 25 21 1 5 16 17 7 24 15 25 8 14 11 17 25 17 10 7 22 1 7 19 10 23 12 15 17 19 23 23 9 16 16 15 19 17 24 1 21 0 0 20 23 21 6 21 25 25 1 18 13 4 6 2 17 0 11 9 5
21 0 5 21 8 11 20 16 7 7 6 8 20 0 10 5 20 1 4 11 20 23 11 7 15 18 9 11 17 4 16 11 13 7 0 22 12 6 8 25 10 16 17 11 9 17 6 11 12 22 4 19 3 18 6 3 1 7 10 20 24 9 0 2 6 4 10 21 12 22 11 14 17 17 21 25 11 2 15 25 10 9 19 11 8 14 20 7 18 18 14 13 11 15 25 22 6 3 17 22
16 11 7 11 6 23 16 2 9 10 15 21 2 17 21 16 5 6 23 2 16 24 7 10 0 24 21 17 13 13 14 25 11 24 15 5 25 9 17 10 6 14 16 4 11 11 1 8 9 15 12 10 2 6 3 17 22 1 16 20 14 23 14 5 22 7 20 18 20 4 20 20 15 10 15 11 12 24 9 25 16 12 5 24 17 17 11 0 7 10 9 1 16 8 10 7 0 20 2 9
17 22 10 5 16 16 9 18 22 5 21 12 3 1 23 12 19 13 19 8 3 7 19 8 23 18 16 0 13 22 23 15 1 8 24 23 23 11 10 15 18 24 4 23 3 0 23 11 21 24 6 23 14 18 20 6 8 9 15 5 0 19 24 19 2 21 10 23 13 11 23 14 25 13 6 14 11 15 9 24 11 21 7 5 12 4 11 24 15 22 4 9 0 12 22 4 8 1 1 15
9 9 24 8 24 19 15 5 12 13 0 19 2 16 23 20 9 25 16 11 18 1 16 9 12 25 3 11 6 11 2 14 1 1 25 14 1 10 25 23 0 2 17 25 4 1 23 13 10 16 18 5 19 5 14 12 17 10 24 3 7 23 23 11 19 16 18 25 24 1 25 18 11 9 6 1 12 25 3 18 16 25 14 16 17 4 22 0 1 25 8 7 14 4 4 3 18 11 1 23
13 22 15 15 1 23 0 16 15 2 18 20 11 8 7 25 10 2 4 9 18 21 19 15 17 20 4 18 1 22 24 23 18 8 18 25 15 1 12 1 23 2 6 25 23 6 18 5 25 21 21 25 21 6 23 4 6 19 11 13 12 19 9 24 4 0 18 21 15 14 7 11 24 2 21 11 1 16 14 2 14 24 14 11 12 18 8 11 13 21 19 16 8 1 0 12 10 15 1 17
10 4 8 7 16 8 5 21 25 6 25 0 23 4 7 9 6 25 16 6 12 1 15 22 5 3 7 13 25 15 0 21 16 25 3 3 10 9 25 24 18 7 25 3 7 4 5 12 9 23 20 25 0 18 2 8 21 16 4 23 6 15 5 20 1 6 3 25 25 13 11 0 24 13 17 15 6 23 9 1 11 22 21 24 16 23 2 13 20 5 10 17 25 12 0 6 9 2 22 22
8 14 0 12 24 6 11 17 25 19 23 1 24 14 10 12 3 19 13 17 19 4 5 19 19 8 19 23 0 11 18 25 7 20 3 13 10 22 12 14 17 17 21 18 6 8 5 15 0 7 11 23 14 20 7 15 3 19 10 1 21 4 5 15 23 2 22 19 5 19 14 16 9 3 1 22 17 5 25 6 19 8 19 12 2 22 3 24 15 24 16 16 6 17 1 13 8 17 14 6
23 13 13 16 18 4 20 18 0 6 3 6 15 7 20 16 6 17 4 10 4 12 15 14 10 1 17 20 20 2 0 12 18 2 21 15 3 9 3 9 16 25 23 18 0 20 21 18 12 4 25 9 7 15 10 22 25 15 15 2 19 12 18 19 16 0 5 12 16 6 15 25 0 21 20 2 13 18 11 8 25 12 13 3 0 9 23 21 23 13 4 6 0 8 14 0 6 19 13 12
23 6 11 9 15 4 9 14 16 23 24 0 24 24 12 11 4 15 14 2 0 18 6 22 13 23 9 3 17 19 25 1 7 4 1 4 9 0 14 11 20 3 1 6 16 22 18 15 0 2 6 0 19 23 23 0 23 20 4 23 2 20 12 17 14 4 24 23 7 1 9 24 18 16 6 22 10 24 15 15 15 9 18 8 6 11 21 0 6 5 16 14 7 23 0 15 12 4 15 23
17 4 2 16 22 5 22 7 17 20 3 17 13 10 4 13 25 3 20 10 8 1 18 8 17 18 0 17 8 22 2 18 13 16 1 12 25 19 1 16 16 20 24 3 3 4 24 19 4 23 11 14 14 9 14 11 20 24 19 19 10 12 3 24 6 22 16 20 2 18 2 2 23 2 21 25 18 25 19 16 5 11 17 1 13 25 19 6 11 4 1 22 18 2 18 18 18 6 14 14
4 19 18 7 16 7 1 10 20 4 15 17 14 19 25 6 8 17 3 5 0 6 20 1 23 17 15 13 17 0 4 19 15 7 22 15 20 22 18 17 6 24 8 22 7 24 24 9 22 21 3 8 14 4 14 20 18 22 9 11 18 0 19 13 17 12 15 10 18 16 0 21 1 13 18 9 6 9 3 6 10 13 8 11 20 3 2 25 18 20 18 16 22 4 13 19 23 25 22 22
4 23 20 21 1 12 12 11 6 17 7 18 3 7 23 21 18 23 20 9 25 16 18 17 12 20 23 18 4 15 4 6 17 17 13 9 0 19 13 22 25 1 5 25 8 14 8 6 16 13 8 7 21 19 1 15 2 22 8 18 9 17 21 3 25 5 4 10 20 21 19 15 15 19 10 20 7 0 20 17 6 8 12 16 5 21 23 20 0 17 24 14 0 9 5 15 19 16 5 12
0 8 13 19 0 11 3 6 7 23 4 0 14 7 24 10 9 25 21 9 9 9 22 16 24 25 0 16 9 3 5 1 21 21 10 1 14 14 16 4 10 18 6 1 17 4 0 4 18 25 3 15 19 7 7 23 4 25 17 21 18 3 22 6 23 11 16 1 17 9 14 23 19 10 24 15 12 5 15 4 15 15 10 1 0 15 11 6 16 6 2 21 1 10 7 20 22 19 0 25
24 20 16 21 17 7 25 11 15 8 10 1 7 21 20 14 0 21 16 1 12 13 14 15 5 18 11 19 11 20 24 19 5 4 8 22 22 4 7 21 0 18 3 10 0 4 14 13 3 10 9 7 25 21 22 11 6 8 4 9 23 18 25 2 5 22 9 13 4 22 11 5 10 7 14 1 19 12 20 3 24 14 19 4 20 17 9 0 11 19 3 5 2 6 11 9 18 1 2 10
12 10 14 0 4 0 13 23 5 25 14 12 16 1 16 10 25 7 11 3 9 8 8 18 19 13 0 19 6 9 4 2 24 5 15 9 14 22 24 6 5 2 18 19 9 17 1 16 17 18 23 16 8 13 15 21 14 18 8 4 10 1 22 12 14 17 22 1 6 18 7 24 0 22 19 22 15 23 24 14 10 7 5 11 0 15 7 23 2 20 8 2 22 25 18 3 5 14 20 10
10 9 4 6 22 7 19 4 23 21 1 25 0 5 5 18 3 21 19 17 18 0 18 18 17 10 12 16 0 11 23 18 21 24 5 3 9 0 24 2 12 14 17 20 3 9 15 1 1 1 10 2 12 3 8 0 7 25 8 18 1 9 17 5 3 5 21 24 9 4 1 15 19 18 8 9 13 22 14 0 16 22 15 14 7 8 11 16 6 2 7 23 19 15 24 15 0 11 5 9
20 23 6 2 16 17 9 19 13 15 23 7 1 1 24 4 2 23 8 9 23 23 6 18 13 16 18 3 22 24 21 15 13 6 20 2 25 22 8 0 6 17 20 18 16 16 13 19 1 24 25 1 11 13 5 23 9 13 12 2 11 0 16 13 13 3 16 16 24 7 7 6 11 8 8 8 5 10 17 25 0 24 21 11 16 9 18 9 9 4 11 0 4 18 7 20 4 23 15 5
0 15 2 9 7 2 25 16 13 16 21 12 24 7 25 11 20 21 23 18 8 15 7 2 10 4 2 3 3 24 12 0 25 21 18 21 7 25 10 8 3 7 3 17 1 9 5 13 24 17 16 24 13 22 18 24 10 18 12 7 3 21 24 8 19 1 17 8 20 4 16 8 2 0 6 19 0 14 3 25 5 5 0 18 20 12 6 5 24 21 6 14 9 11 18 13 13 0 2 22
1 23 20 3 13 13 5 8 15 2 2 8 19 4 5 22 8 18 10 7 5 24 9 17 7 5 22 24 22 7 24 25 14 18 3 3 15 3 5 5 6 0 19 3 10 5 3 14 18 25 24 6 24 0 2 8 4 25 23 1 14 6 22 15 2 19 1 13 14 17 7 19 5 24 8 10 18 9 15 13 20 16 4 22 10 8 6 16 2 2 23 18 10 24 3 25 0 25 18 22
11 22 4 3 16 8 7 18 16 25 20 17 17 16 10 16 3 13 12 2 8 7 3 3 22 23 7 10 17 16 5 12 17 0 22 25 17 13 10 24 23 17 17 17 1 25 13 14 9 17 5 7 13 20 19 3 24 18 13 17 12 3 9 6 14 15 11 13 17 15 6 1 12 20 2 15 16 2 24 4 11 14 20 23 17 7 3 22 5 9 6 6 7 9 18 5 5 24 0 14
14 15 8 11 6 22 17 22 20 16 15 17 10 8 24 2 3 19 12 13 9 11 18 2 17 4 7 3 21 1 12 9 10 3 8 18 0 9 8 17 5 6 22 21 5 6 17 24 12 15 12 5 19 21 0 6 6 21 8 10 9 17 16 8 19 22 24 23 20 23 10 4 17 5 23 1 13 20 19 17 0 19 13 23 18 23 2 12 10 10 8 23 13 23 23 11 6 8 19 9
17 15 23 6 1 24 9 8 23 23 11 1 13 16 17 11 13 15 10 16 7 6 24 0 4 4 17 23 17 16 19 2 1 22 9 20 5 10 2 6 6 8 15 23 3 24 20 19 19 7 10 16 15 3 14 14 12 22 17 2 6 1 8 10 2 22 15 3 5 7 18 2 20 20 3 14 7 15 13 12 3 5 15 9 24 7 10 24 16 19 14 23 5 17 5 11 14 10 7 22
1 11 23 25 16 10 9 10 15 19 22 12 24 14 9 25 23 0 18 2 25 6 0 1 10 7 24 0 1 1 23 25 19 1 22 8 4 12 6 6 5 11 1 13 3 16 8 2 21 25 23 17 0 10 19 22 17 17 15 8 16 19 4 19 16 19 10 21 20 12 16 8 5 4 2 22 1 0 12 3 18 17 19 24 3 12 24 19 9 5 20 20 6 8 19 9 13 5 18 17
4 21 3 12 20 15 8 3 0 9 16 23 24 12 17 22 14 13 5 25 21 11 25 20 17 24 17 23 23 13 5 24 21 25 1 18 4 15 21 5 23 12 3 9 14 22 19 17 1 12 15 16 11 6 1 14 21 14 6 1 8 20 18 19 20 20 13 8 17 22 20 19 10 14 1 1 3 1 19 25 2 25 11 18 24 10 8 3 11 23 23 3 4 8 10 18 19 4 13 13
22 7 6 11 19 24 9 22 19 20 7 9 24 23 0 22 22 15 23 19 7 22 8 7 21 11 13 21 14 15 10 11 14 25 3 22 23 16 16 11 7 0 0 18 10 18 12 4 18 4 16 16 23 18 15 18 20 11 5 6 8 9 3 18 7 24 22 8 21 13 20 17 0 1 11 13 7 2 21 16 2 17 2 19 6 17 17 3 20 24 23 20 0 3 21 2 14 20 1 16
25 18 24 19 4 16 1 4 14 1 3 14 4 11 15 12 2 14 16 9 2 18 4 16 5 11 4 11 7 9 2 20 19 16 7 8 23 17 2 18 20 3 0 3 5 21 10 5 2 9 13 12 1 0 17 23 0 3 22 15 6 24 23 15 17 8 0 2 18 9 16 7 17 6 23 8 24 5 12 18 5 4 9 13 1 7 18 24 24 23 16 6 23 12 8 24 19 20 22 13
6 14 13 23 2 15 21 13 11 18 9 1 25 11 13 14 0 18 4 12 0 1 15 21 23 15 22 21 16 2 10 0 0 9 7 14 11 9 18 8 2 0 8 24 13 8 10 15 8 1 1 23 1 15 21 7 24 24 15 22 9 23 22 1 15 17 10 22 0 5 22 9 22 11 24 7 20 10 19 15 22 16 22 7 5 11 8 8 24 22 6 14 22 6 2 25 24 16 23 7
10 13 8 7 21 25 11 17 7 16 21 7 20 5 19 8 15 6 13 4 25 2 20 17 4 22 14 25 11 11 20 17 11 17 2 22 0 23 1 19 24 17 19 0 7 11 25 3 25 10 4 8 15 4 3 23 8 11 19 19 25 18 25 15 17 14 15 24 15 1 24 3 0 25 10 1 8 5 2 22 17 22 20 1 12 11 22 10 11 23 14 8 0 24 4 21 9 17 19 1
14 2 22 10 12 7 21 15 7 9 24 16 8 15 11 12 24 18 14 17 11 18 15 9 1 5 5 22 10 17 22 16 6 5 23 21 15 5 11 3 3 10 4 19 14 19 12 17 12 6 1 9 14 7 21 24 15 9 10 14 21 8 19 10 15 5 8 22 25 23 3 18 5 10 22 23 1 6 8 12 18 7 17 1 25 10 15 3 20 11 10 14 20 25 22 19 5 25 20 23
16 12 15 22 8 3 2 16 7 16 17 21 1 24 13 0 19 11 24 16 15 7 12 21 24 6 21 13 3 11 12 20 13 2 23 17 25 4 10 21 1 25 21 7 22 3 4 18 3 8 17 25 11 25 21 17 11 4 22 10 4 5 8 1 14 6 12 1 14 1 23 3 21 0 10 14 0 22 17 22 6 18 11 6 24 20 10 10 18 9 12 22 11 20 19 7 13 13 13 0
8 1 11 24 8 18 10 6 0 18 17 17 25 8 7 11 17 1 2 23 10 0 2 22 5 0 22 13 12 9 7 13 13 10 20 7 5 9 12 21 18 22 21 7 15 16 22 12 24 12 9 7 0 3 18 1 4 1 6 5 11 1 11 21 12 18 12 0 4 10 7 3 6 6 0 2 20 21 0 23 16 17 18 12 17 6 3 9 12 9 5 14 5 6 15 22 11 2 2 4
25 21 10 23 6 5 14 17 12 2 12 3 11 17 8 2 24 22 13 12 17 9 9 0 6 0 24 18 21 14 19 19 13 22 9 23 12 24 6 7 3 1 18 3 17 20 10 18 24 16 11 9 22 23 16 15 21 0 5 8 25 14 8 3 3 20 8 14 14 10 18 0 0 14 14 25 5 14 18 10 17 7 5 9 20 21 23 20 8 7 1 3 22 11 0 20 17 8 25 23
19 14 16 5 1 12 5 9 9 9 24 11 9 9 15 23 10 25 0 13 12 19 0 10 4 23 6 10 23 25 4 6 18 21 6 12 0 8 20 3 4 6 11 13 25 5 5 21 25 20 20 18 9 17 14 22 17 15 15 15 4 5 2 2 22 16 24 20 22 13 16 23 1 13 23 25 10 20 20 7 24 0 11 3 17 17 21 10 6 4 10 8 2 16 19 2 6 16 16 16
17 17 4 8 1 9 5 11 14 18 18 13 14 13 20 24 20 16 16 4 11 4 25 2 12 16 3 0 21 12 10 16 1 11 3 25 2 6 22 17 2 2 14 13 14 2 15 25 12 3 11 10 13 18 1 5 8 0 4 16 6 19 15 5 4 11 4 12 14 9 12 24 25 25 12 7 18 5 22 8 11 18 4 25 8 10 14 18 9 25 3 8 0 24 4 14 8 21 14 12
12 1 8 8 5 17 5 13 6 5 5 23 23 24 11 14 15 14 2 3 10 8 11 5 16 3 18 2 18 20 7 22 0 14 12 5 5 9 18 22 21 23 23 6 19 20 13 12 11 7 25 11 3 11 10 18 17 1 25 11 1 4 9 11 11 19 13 17 17 3 22 12 24 14 3 21 8 8 13 19 11 6 15 10 7 23 18 13 1 25 5 23 13 8 24 11 22 21 6 11
21 13 19 17 24 9 9 24 14 19 10 6 17 7 14 0 6 15 13 25 6 7 8 14 21 6 12 10 22 12 13 23 5 1 12 21 6 9 7 7 3 21 24 1 11 23 21 6 1 7 4 5 12 4 21 17 24 24 13 18 0 18 15 23 22 24 6 22 20 5 20 12 8 19 25 1 1 15 13 20 24 3 24 13 8 11 23 21 13 18 3 14 20 16 10 9 3 1 23 6
2 25 2 7 18 8 1 18 9 7 0 13 10 19 9 19 6 16 5 18 15 12 2 22 5 1 10 25 11 4 21 4 12 15 4 17 8 25 6 24 25 21 9 14 23 20 2 17 10 8 14 6 8 0 20 22 0 8 5 6 20 9 18 22 21 1 22 6 17 8 6 2 18 18 15 25 2 21 25 3 18 1 25 15 5 16 21 22 9 25 5 12 8 16 15 17 8 14 17 6
15 2 11 12 21 13 2 23 1 3 1 22 12 15 12 22 25 8 0 19 13 4 24 25 5 13 22 13 6 15 5 11 18 10 8 8 10 11 11 2 21 6 9 23 20 3 19 20 10 9 17 22 23 21 4 20 18 18 4 16 21 15 16 23 15 9 2 4 10 1 18 8 16 22 3 8 7 7 14 5 17 19 0 17 17 0 10 5 12 3 20 1 10 7 25 5 4 18 11 8
21 15 6 11 10 7 18 16 0 3 9 23 21 2 22 4 9 25 5 15 5 6 8 22 19 12 16 4 23 21 17 10 1 21 25 4 19 20 14 25 19 18 8 25 10 15 6 12 8 6 25 10 17 6 0 0 9 15 1 2 22 24 2 17 22 21 1 9 12 18 1 18 18 0 6 24 19 25 16 6 4 18 25 17 20 1 13 5 1 15 6 11 3 0 18 2 21 12 11 3
25 24 7 21 23 14 2 15 8 4 10 10 0 0 2 19 11 13 14 3 14 0 20 6 20 22 16 17 7 5 11 7 11 19 5 8 23 17 10 1 17 19 16 8 9 15 2 12 11 23 3 0 9 17 8 20 8 1 20 7 13 14 2 0 17 7 23 4 14 4 23 7 2 15 4 8 16 10 4 17 5 21 14 4 21 7 24 12 5 15 15 2 6 13 24 12 18 24 25 2
8 9 1 20 17 25 17 6 3 18 2 15 2 4 5 4 3 21 18 16 20 25 25 0 4 12 16 20 4 7 22 23 8 7 15 23 2 8 7 7 10 3 1 4 23 9 5 23 8 24 20 18 18 24 8 18 23 6 22 22 19 20 13 14 6 16 2 18 8 1 21 13 9 5 15 12 3 15 15 25 10 11 3 7 7 4 12 12 20 7 18 7 9 6 20 10 4 3 9 1
17 7 11 21 7 4 0 23 14 19 17 10 23 11 2 10 21 21 22 3 3 1 25 19 24 7 22 22 12 14 14 4 9 19 24 13 23 7 20 0 3 25 0 6 13 13 1 23 24 21 11 21 18 18 0 20 21 18 10 5 3 10 17 6 18 16 16 4 19 13 17 19 10 21 5 19 25 13 12 6 25 19 17 5 12 24 18 2 12 2 21 8 0 12 11 6 6 2 19 14
6 2 24 11 10 19 5 18 25 14 23 12 17 16 2 19 3 10 13 7 10 0 13 20 5 7 2 10 6 3 14 22 1 25 16 16 17 2 19 5 5 1 14 13 23 24 19 19 15 15 2 22 25 25 11 10 23 25 19 12 6 5 19 21 19 19 12 13 14 25 4 1 15 20 23 3 4 25 1 20 25 23 16 12 7 24 13 14 24 22 18 21 16 17 4 20 24 20 6 21
2 17 0 3 3 23 4 14 22 10 18 25 9 4 11 16 25 11 12 7 23 19 3 15 11 16 6 14 15 9 23 14 0 13 20 0 9 1 1 8 17 25 10 15 18 6 9 12 12 22 23 8 9 16 0 0 23 18 24 12 16 13 16 5 22 21 17 1 8 18 10 5 23 8 7 24 11 11 22 11 9 5 10 18 22 9 8 5 17 20 0 13 24 24 11 17 25 2 25 14
2 65
92 74
8 57
65 79
98 23
