100 100 5
560 443 185 853 98 353 34 527 822 989 728 435 812 323 692 318 957 172 214 621 62 220 985 219 453 785 757 260 626 430 449 871 943 749 744 929 282 757 207 490 307 57 300 393 938 381 565 472 351 283 122 52 178 799 450 164 52 813 525 713 596 926 326 105 260 723 289 791 866 883 535 486 740 63 743 813 423 771 661 367 656 819 414 97 908 569 141 651 15 963 14 150 480 305 837 890 756 738 654 853
656 868 61 919 75 24 276 568 734 440 408 362 725 881 514 106 281 848 979 893 245 155 215 798 142 229 95 33 564 460 727 198 490 611 110 647 760 217 878 766 214 75 496 284 589 595 235 952 816 906 27 78 559 748 26 49 718 215 9 314 420 102 352 192 150 272 893 595 694 950 136 187 654 814 82 790 860 598 904 9 492 15 406 812 379 69 358 940 519 366 240 805 463 411 579 512 633 983 564 960
167 801 260 101 451 516 915 712 634 940 908 375 735 979 276 227 257 854 372 631 331 246 687 96 276 976 514 931 419 572 66 268 881 359 364 389 856 760 478 81 941 961 771 818 508 776 413 71 487 788 779 50 594 108 687 739 641 58 820 356 680 445 331 425 481 190 154 280 638 368 314 127 778 287 879 761 880 230 917 318 227 356 995 839 606 56 849 423 881 371 891 17 132 342 190 761 43 856 491 679
562 406 583 644 801 66 952 381 855 113 387 35 520 507 931 849 160 964 352 425 37 585 609 583 196 879 333 845 317 408 869 950 685 483 977 66 379 867 308 877 282 409 835 364 690 113 755 480 962 13 750 275 536 960 46 170 107 26 856 624 2 918 596 474 50 172 521 475 64 967 560 618 53 104 43 81 624 416 664 205 597 839 948 964 503 93 972 425 683 784 573 78 874 299 711 123 546 654 822 351
68 323 344 120 435 71 686 611 196 630 275 356 620 509 806 677 174 945 961 664 697 404 380 377 877 547 472 717 980 367 274 524 138 517 788 548 924 137 672 716 220 406 848 739 985 28 181 688 853 262 557 731 17 773 108 359 746 366 513 347 791 175 373 344 133 153 709 282 700 848 426 370 645 740 725 388 666 394 940 188 513 391 230 304 881 710 947 832 641 631 68 217 629 25 671 668 353 104 829 323
319 120 41 425 229 532 634 322 399 111 96 225 672 748 610 61 910 645 649 235 488 344 225 992 529 869 862 437 670 250 862 239 888 691 227 938 635 937 984 574 734 305 514 708 826 127 582 892 633 730 799 579 340 118 850 266 872 158 134 500 775 564 444 591 666 627 401 60 445 412 632 238 453 957 781 87 511 182 511 799 818 847 961 273 68 901 364 13 406 481 622 474 128 960 774 144 669 705 327 790
839 76 232 670 601 952 727 726 891 74 433 227 698 260 94 375 303 651 178 967 587 669 76 859 398 834 433 943 77 412 829 858 122 671 94 318 382 857 872 935 388 399 113 532 910 521 960 978 707 947 686 348 615 31 734 677 524 264 571 399 730 891 714 231 505 644 150 507 619 474 774 855 498 597 441 511 417 362 357 556 874 725 805 507 35 489 867 58 1 113 829 914 653 730 518 290 439 969 321 56
61 648 58 909 501 14 747 191 299 86 368 650 530 899 637 412 926 485 453 398 530 837 193 109 114 79 673 537 81 806 769 37 652 604 746 905 127 348 661 913 71 617 641 357 579 812 790 958 424 382 273 496 222 195 438 576 465 599 332 536 142 256 139 862 432 357 414 200 614 629 854 787 635 984 537 263 880 601 463 101 775 518 967 574 713 424 291 308 978 235 854 873 499 899 703 668 32 659 998 809
48 728 599 230 157 877 154 386 861 368 209 565 230 339 542 392 698 836 822 262 831 44 573 492 25 813 357 392 123 678 445 233 693 194 805 205 387 598 598 967 869 958 508 474 430 222 704 312 226 636 571 679 693 22 119 496 311 329 643 831 356 957 807 22 765 394 97 871 667 704 8 269 594 241 883 651 424 69 490 887 762 650 643 426 91 666 757 149 61 890 386 258 411 860 97 349 181 210 555 161
161 216 560 179 929 751 884 718 285 72 523 711 412 969 650 136 146 325 729 765 726 450 711 741 184 319 659 501 219 827 912 929 873 938 65 194 143 977 439 406 926 76 292 235 543 177 444 49 452 210 802 931 987 549 138 537 519 776 975 644 17 69 214 409 731 393 370 269 356 320 324 247 544 927 178 343 419 341 148 273 616 699 145 408 692 718 236 416 234 303 198 260 141 420 539 322 803 232 488 936
443 546 561 348 753 120 115 994 320 525 706 668 60 475 972 615 236 509 658 820 495 235 241 373 120 791 309 415 83 948 369 832 394 712 363 382 983 445 949 485 923 773 434 803 888 176 747 298 939 28 898 791 966 229 278 581 313 367 433 450 287 457 274 20 683 818 13 847 563 596 510 33 253 927 387 403 666 583 924 190 763 547 436 855 440 591 681 973 853 179 901 305 888 119 155 365 15 52 184 113
132 561 894 137 570 223 613 755 540 148 952 792 848 37 787 777 416 789 774 363 20 146 26 72 35 144 808 875 611 500 894 139 118 856 578 482 683 681 446 782 931 718 257 698 697 407 293 483 611 18 824 109 686 350 832 674 736 598 157 496 31 119 40 491 447 921 969 296 901 381 509 276 546 563 732 865 493 126 546 789 883 841 224 724 19 263 249 815 577 112 997 843 962 126 413 887 53 135 124 125
216 639 199 220 491 662 572 80 425 783 109 126 57 364 60 658 326 514 641 980 745 237 332 39 498 165 593 51 805 146 838 455 452 544 762 90 574 67 409 396 755 709 362 941 62 780 626 824 1 62 75 480 46 527 667 562 253 864 559 791 869 212 452 448 571 530 927 96 860 965 650 246 992 768 786 683 52 239 964 509 287 942 509 942 191 182 37 85 112 176 36 43 82 422 169 807 22 322 577 547
473 105 352 358 389 244 168 948 994 818 843 251 202 665 302 420 533 858 922 985 391 555 35 848 484 653 950 371 66 776 47 933 378 509 959 712 577 91 59 517 809 779 297 261 307 937 848 243 901 328 100 117 501 614 848 939 215 778 827 107 129 716 939 864 829 386 612 83 824 577 245 704 229 992 866 736 966 875 638 903 654 992 797 15 3 549 355 52 48 729 770 254 754 686 756 318 938 536 930 466
87 851 784 290 139 960 69 282 492 88 972 931 573 373 439 479 938 976 717 749 718 571 847 688 768 206 227 929 417 83 977 864 426 977 207 724 509 768 488 46 5 806 241 259 557 221 409 965 750 480 682 446 286 879 464 424 275 55 629 424 29 412 517 320 655 571 470 533 177 377 23 330 515 157 483 358 106 11 412 437 474 468 782 519 988 422 878 826 976 945 102 288 624 95 436 347 198 669 197 726
780 970 513 262 307 763 875 880 670 793 178 187 305 299 736 12 976 190 90 220 161 924 649 515 140 8 388 854 714 139 949 582 79 401 376 218 292 337 831 430 7 599 918 695 800 468 140 416 8 465 783 932 400 980 35 278 759 359 344 487 598 24 815 353 107 657 474 712 296 633 963 477 343 520 789 4 289 208 5 882 859 833 190 971 652 562 749 753 293 45 708 819 444 656 579 953 787 695 961 786
83 556 695 374 96 586 794 359 429 88 185 989 86 108 166 548 374 527 675 474 549 113 465 788 804 787 290 652 103 480 193 913 817 858 429 712 830 253 293 966 535 255 526 73 321 648 34 810 671 915 975 804 612 295 784 436 992 395 289 23 702 894 556 859 618 919 911 404 325 819 327 781 430 447 287 114 62 477 413 167 53 474 419 729 846 298 457 279 491 860 430 280 217 81 499 539 827 714 539 119
214 559 400 205 1000 13 320 864 902 851 313 869 251 236 961 488 211 344 532 68 168 571 6 17 796 765 162 733 428 23 478 768 831 775 824 364 698 978 102 535 321 311 518 186 666 159 512 915 638 405 52 585 825 767 719 231 323 433 953 104 936 564 817 335 481 363 810 141 16 927 843 767 344 30 675 179 289 74 722 460 308 965 504 739 148 14 807 999 429 259 749 480 844 355 103 337 452 592 437 207
581 889 347 19 794 85 295 449 301 169 788 845 235 634 612 864 428 674 338 541 201 648 104 453 480 537 815 949 302 718 672 798 650 356 666 573 169 290 711 613 809 259 652 166 593 685 583 86 741 348 559 931 238 456 416 154 936 322 375 442 305 445 726 402 437 192 205 695 840 974 283 264 108 544 773 665 619 906 784 408 370 308 913 866 102 34 811 37 605 85 290 338 542 59 631 920 146 194 110 52
311 122 741 581 139 195 994 313 583 162 828 65 937 868 234 76 521 451 819 76 508 973 759 754 283 64 598 436 714 297 924 488 886 499 112 986 255 442 851 924 360 230 491 640 224 358 601 629 885 234 421 998 868 89 811 323 960 573 577 945 496 931 680 74 879 616 712 646 291 184 573 12 259 354 166 890 394 349 851 280 88 555 929 392 174 182 972 283 668 202 263 82 380 459 305 147 111 321 776 968
566 267 217 845 980 895 391 731 210 915 532 565 801 632 235 832 389 211 568 703 550 551 626 475 696 989 253 717 530 793 636 940 946 206 188 569 533 424 465 394 883 721 855 46 572 723 31 331 706 539 416 731 221 410 898 614 661 888 99 60 239 397 87 130 82 695 3 905 911 383 965 901 778 579 207 806 672 66 25 790 2 917 642 39 523 339 9 987 971 663 26 672 701 162 295 30 255 160 830 929
600 440 504 12 363 464 449 74 1 209 862 469 272 610 291 149 93 698 255 734 600 510 974 683 997 824 81 857 900 339 212 49 512 280 237 275 418 628 604 438 812 376 969 560 765 182 826 1000 816 953 373 814 839 427 199 800 93 990 81 639 35 796 470 767 366 380 643 972 120 666 919 51 852 286 954 739 721 692 888 506 664 236 902 283 706 219 673 241 304 375 615 600 427 179 620 763 480 936 696 961
249 928 956 254 190 247 141 506 458 238 575 35 395 852 822 526 936 241 249 963 568 538 139 769 674 642 629 720 479 730 996 861 419 122 471 383 195 195 622 944 105 643 120 919 585 721 97 345 406 709 248 90 432 650 434 779 110 176 890 747 800 798 191 931 941 880 982 788 482 626 930 943 458 610 396 508 251 158 870 158 500 451 318 829 769 426 659 619 124 145 658 913 462 70 277 430 650 6 292 874
987 205 733 222 843 694 481 686 287 786 195 746 201 210 685 441 43 972 83 329 608 240 66 76 928 592 795 916 821 683 919 715 712 694 803 224 677 617 756 955 284 916 248 877 840 62 7 754 829 433 360 934 395 701 497 549 998 390 914 970 974 705 31 262 855 165 535 953 543 267 90 616 40 266 44 588 614 248 260 725 486 944 98 590 209 665 524 74 299 475 690 982 967 172 442 479 811 461 294 364
871 459 94 577 573 807 334 276 637 82 294 967 286 269 648 870 582 361 863 709 675 220 585 958 384 798 143 93 866 481 284 456 192 823 596 356 396 79 764 34 931 884 410 762 553 71 984 611 6 147 27 493 339 143 600 485 726 433 1 227 656 478 424 443 254 608 209 97 11 599 487 608 412 246 593 117 508 311 185 167 12 289 358 657 122 457 250 996 167 54 986 450 528 900 526 51 209 387 821 838
695 588 618 697 62 404 595 131 615 673 943 96 415 70 37 707 459 603 884 77 910 783 591 651 663 552 71 155 828 422 167 785 558 137 609 209 742 401 514 383 878 639 41 885 699 657 936 953 936 54 863 422 787 169 239 861 80 658 870 931 254 12 67 626 770 826 310 319 541 15 574 511 619 963 560 3 334 709 565 710 639 874 683 485 28 381 882 272 104 454 333 797 927 582 218 729 989 793 960 494
518 854 242 278 643 811 444 412 78 209 997 923 370 157 508 362 9 337 341 324 945 807 715 56 664 291 712 656 265 209 501 151 857 399 573 974 294 481 188 204 558 347 306 231 219 257 180 20 428 994 122 750 50 480 531 271 953 604 624 775 162 581 530 962 355 67 480 478 854 866 694 68 212 482 197 551 866 963 338 683 249 377 319 104 83 352 841 257 591 977 142 717 249 255 207 295 816 360 303 504
41 225 654 936 212 163 31 719 201 610 413 97 391 782 564 27 600 189 773 50 840 322 274 2 498 437 356 392 438 786 130 570 172 988 267 246 379 200 953 461 879 379 852 535 114 891 213 666 963 151 757 794 989 259 267 717 42 781 722 811 776 758 795 70 844 57 132 909 189 962 458 637 943 88 105 939 252 237 281 765 845 762 728 14 599 416 601 778 951 229 543 485 983 358 415 985 679 388 182 360
179 478 112 24 161 109 68 343 746 40 174 386 190 606 188 944 199 128 968 706 289 762 361 790 308 997 354 393 320 386 240 541 886 331 632 180 297 331 339 982 269 220 589 578 603 47 480 676 991 324 984 870 184 661 299 453 464 781 212 640 869 515 767 166 340 714 108 18 20 461 986 631 313 922 470 33 607 610 198 339 927 81 930 35 684 821 867 211 625 432 158 703 633 252 218 156 472 949 307 236
777 815 39 613 577 729 264 70 924 325 919 814 5 236 306 990 955 905 253 430 805 657 290 358 643 932 433 316 865 875 904 876 302 804 742 130 523 782 865 398 642 120 33 9 45 130 485 534 304 752 954 546 622 296 356 138 92 566 601 220 290 91 87 256 433 143 63 690 333 426 48 103 616 7 526 934 304 352 70 821 867 797 520 244 129 337 454 835 748 94 710 689 305 512 529 50 37 220 423 309
116 669 910 849 788 977 205 589 77 62 905 473 630 956 766 968 953 269 315 619 595 269 933 491 280 209 215 560 169 133 265 443 557 479 775 371 729 429 215 752 739 226 436 658 559 927 87 54 569 54 112 241 642 983 45 671 788 624 671 357 696 97 957 313 565 44 84 214 320 466 185 803 733 591 393 533 505 532 623 304 784 516 301 711 322 988 610 739 166 995 286 794 769 417 847 156 405 288 302 256
511 144 550 154 692 330 281 251 956 291 873 335 925 63 744 18 122 419 894 927 753 776 962 286 211 57 559 237 336 189 431 542 437 781 220 919 188 130 18 849 143 678 569 73 723 52 881 539 498 146 672 724 496 154 6 780 584 130 40 587 689 137 947 368 231 859 507 685 968 731 929 276 1000 605 934 821 991 997 588 897 507 323 442 72 685 613 11 791 354 918 846 478 1000 220 128 711 313 443 77 678
522 52 319 121 234 299 92 864 68 468 610 55 442 635 928 458 252 184 84 796 51 835 673 282 328 754 421 755 88 196 939 205 874 589 8 23 841 940 325 606 911 918 123 866 136 173 965 435 527 959 88 225 499 63 63 780 7 196 910 812 675 110 519 687 642 950 568 670 548 258 315 570 823 163 824 971 759 309 812 181 301 131 138 192 174 976 876 963 169 13 206 981 867 943 277 321 403 19 89 343
253 533 710 64 598 522 9 481 602 248 369 812 401 296 178 32 8 734 922 502 738 604 306 333 322 742 917 987 756 788 864 950 464 643 84 440 127 92 654 172 743 741 107 63 459 730 958 667 838 781 274 471 700 198 413 960 316 498 215 483 607 337 820 405 997 29 97 96 471 114 893 113 28 332 993 902 591 941 795 21 27 346 124 40 813 196 888 24 253 215 17 503 727 975 972 903 558 819 571 329
270 313 923 175 955 688 198 797 41 158 304 794 677 988 539 840 303 146 369 425 848 841 668 846 701 102 329 315 809 18 524 467 765 572 467 418 194 532 9 710 869 989 764 334 209 967 864 284 167 295 80 84 827 954 598 576 664 59 604 438 937 539 205 618 65 704 487 726 936 567 724 197 295 825 169 185 522 320 484 302 580 798 850 256 8 609 555 338 150 507 793 759 698 273 294 627 635 322 856 695
752 412 620 966 364 855 628 736 779 228 979 967 598 157 61 756 547 918 494 415 997 361 909 388 849 819 965 390 662 55 631 382 746 825 735 947 512 532 768 443 649 911 795 629 880 333 361 822 401 971 693 234 101 614 495 952 559 654 277 673 397 696 68 879 179 709 134 731 412 143 347 27 998 862 636 170 913 772 245 979 333 49 302 612 621 826 860 346 808 596 624 860 150 907 983 255 337 509 863 261
780 684 824 538 844 694 981 958 161 2 880 388 939 86 464 470 868 24 65 965 251 425 188 522 851 760 697 469 37 422 356 712 733 614 434 258 318 932 621 475 943 558 488 582 736 118 489 442 603 190 334 655 497 562 924 774 651 37 253 478 762 978 993 86 632 73 410 881 627 572 536 616 447 665 129 633 722 19 653 323 124 645 767 388 170 326 164 172 109 891 425 829 714 984 148 6 179 898 69 654
868 817 386 652 389 867 347 867 322 261 701 287 781 475 421 366 10 78 168 812 995 36 228 299 75 931 765 812 302 165 476 563 534 387 918 961 816 273 732 274 464 584 553 903 275 812 410 988 698 424 178 392 807 76 424 633 492 952 517 917 543 771 483 530 485 514 221 880 900 548 186 448 594 859 895 5 844 185 17 942 148 841 261 753 842 400 114 94 297 305 970 837 304 909 851 886 855 333 454 504
192 675 939 33 459 698 458 73 797 489 265 979 77 111 504 527 655 445 386 757 38 715 734 990 31 643 18 326 254 634 685 543 539 387 288 77 126 885 379 246 829 233 482 948 654 23 8 865 971 401 486 165 401 603 413 897 826 91 367 120 601 497 37 962 403 110 799 990 180 874 454 189 890 862 578 668 506 99 942 945 436 910 151 537 607 865 305 845 308 845 660 443 430 757 127 433 94 80 418 553
50 35 383 370 782 277 635 306 327 327 680 819 320 473 144 23 790 954 818 333 745 63 344 281 820 673 622 875 537 140 754 415 385 13 590 274 596 397 664 516 122 395 887 791 897 941 771 204 997 474 106 346 306 624 156 784 154 258 644 939 775 467 534 378 823 103 25 111 786 926 503 714 532 287 843 804 226 928 791 918 362 609 911 198 502 341 800 15 597 410 155 70 282 98 869 253 360 707 892 21
43 421 376 681 855 443 792 980 639 299 85 557 781 821 11 751 892 512 490 248 61 735 224 55 105 970 699 717 10 433 695 915 843 689 917 48 108 554 236 380 986 781 777 900 927 414 630 369 760 486 758 339 796 572 426 43 298 214 852 915 484 718 949 34 94 226 651 225 880 441 165 943 337 97 730 93 260 104 765 951 273 990 769 353 554 68 70 931 971 714 248 535 961 960 23 648 771 429 794 366
151 960 251 732 334 81 60 811 777 225 599 572 317 746 885 261 663 201 397 81 85 132 247 930 276 822 416 187 934 676 258 282 420 272 492 963 890 636 698 172 196 729 489 43 813 486 559 605 208 424 232 977 195 888 624 413 384 411 651 963 622 502 544 516 333 787 127 465 292 882 782 109 221 404 174 857 435 590 137 855 669 983 336 457 526 633 903 865 386 81 808 99 44 612 284 427 592 7 876 188
490 877 922 462 550 954 404 469 77 522 913 35 673 820 296 98 568 944 841 380 21 460 973 375 442 209 962 378 969 616 932 894 279 413 974 627 862 323 376 797 46 929 261 752 451 297 815 245 776 799 627 502 744 818 688 506 825 232 120 909 531 181 55 891 329 633 700 44 139 848 710 622 335 799 812 760 586 464 499 479 661 336 702 195 63 731 423 598 569 636 422 186 815 369 202 515 326 915 911 703
292 459 609 649 721 422 247 117 144 946 768 316 145 45 693 133 971 953 498 136 779 911 438 776 296 648 575 457 59 48 461 9 405 215 409 486 693 579 370 627 936 898 819 115 457 397 233 146 324 380 591 415 98 339 109 362 946 829 511 447 311 34 227 344 865 158 727 154 228 226 452 736 798 647 224 227 765 63 764 27 519 184 123 583 572 843 875 293 109 47 511 509 297 713 106 187 457 16 871 507
927 540 102 898 653 231 42 153 220 268 374 16 217 942 488 173 834 275 175 813 990 383 186 912 48 911 667 625 794 741 341 965 626 828 156 686 990 423 113 411 387 337 193 754 136 727 982 676 878 970 214 941 317 330 523 463 521 187 127 531 921 566 863 552 744 254 251 528 63 393 810 674 153 631 93 239 348 753 681 346 762 108 651 270 123 82 910 649 902 750 393 746 983 481 129 374 491 424 568 149
353 522 657 333 60 546 115 147 669 56 738 151 988 341 521 498 407 612 181 218 308 343 997 147 689 901 3 31 817 129 740 253 589 348 2 255 5 786 64 177 552 637 891 612 820 98 481 738 813 46 214 254 967 266 567 537 549 233 30 292 865 575 955 787 804 280 961 542 308 247 463 332 475 777 979 88 914 494 280 174 666 313 765 278 907 264 746 517 536 700 165 694 4 532 757 50 284 125 131 840
462 461 993 908 469 674 855 396 242 841 677 732 668 323 997 314 211 217 887 483 28 938 679 872 494 977 218 997 551 103 246 261 107 824 351 451 141 416 801 542 159 280 464 53 970 659 601 150 827 201 891 787 936 669 452 256 796 820 75 202 966 417 17 650 428 717 106 438 995 276 90 989 595 825 62 858 332 434 962 858 213 712 144 747 607 456 660 731 765 918 585 199 458 622 498 352 77 715 607 897
641 377 131 721 521 688 640 983 253 326 545 355 944 244 985 214 605 837 832 36 681 465 92 249 325 662 129 23 21 949 554 291 510 33 91 68 125 857 416 849 449 785 894 14 767 399 230 614 565 386 857 699 795 871 13 273 191 901 533 544 573 946 147 628 926 975 59 503 857 312 690 111 437 137 9 880 336 649 895 574 465 209 884 503 208 71 280 531 416 305 893 508 329 823 23 634 992 515 498 418
48 635 560 167 865 333 310 869 989 469 476 759 463 530 655 157 530 78 469 138 293 464 746 877 86 239 650 591 209 939 31 970 982 461 618 703 982 531 28 81 323 933 404 628 405 895 877 136 524 683 706 996 116 998 398 728 68 560 226 558 451 750 862 423 942 599 157 840 469 286 169 635 902 432 635 750 150 531 308 88 718 694 690 854 73 228 128 762 30 344 194 338 588 655 264 683 566 531 201 72
825 124 830 179 480 937 333 420 817 131 407 11 21 224 540 687 2 15 718 141 528 892 4 135 69 126 790 759 877 173 35 360 386 556 361 866 996 628 692 415 598 172 185 677 188 509 548 941 526 326 555 451 599 338 996 627 682 274 749 492 553 400 890 576 153 702 5 902 1000 621 384 485 622 652 889 570 369 556 216 973 626 815 125 778 937 855 434 493 462 14 608 342 327 718 808 322 205 205 384 875
380 240 290 28 143 965 493 580 759 156 125 370 190 214 616 564 345 156 383 286 886 909 279 197 835 282 5 776 289 934 662 792 649 774 89 615 489 78 201 366 320 944 881 824 523 991 628 44 107 222 15 464 639 671 640 606 196 817 795 266 710 194 869 33 692 814 752 512 129 200 403 444 951 32 316 610 107 149 796 75 219 929 235 292 845 484 750 18 961 149 933 588 228 196 628 654 305 261 743 71
324 110 64 598 830 131 753 15 498 379 1 760 777 29 897 194 246 451 466 853 305 786 685 612 430 1 281 859 642 55 909 499 444 884 233 144 677 83 594 352 340 999 607 55 152 440 861 475 833 430 371 819 786 143 304 224 169 271 358 34 165 216 711 968 644 604 185 394 916 486 173 681 101 511 856 321 100 428 210 248 106 87 615 827 648 356 452 728 515 212 326 13 199 863 997 66 778 701 593 354
54 91 301 889 196 432 626 394 544 114 937 172 256 51 451 565 642 322 823 148 988 172 83 496 996 827 372 377 114 587 333 197 578 634 175 711 726 641 818 243 904 773 64 878 984 410 823 60 60 65 45 724 406 922 203 685 199 805 241 925 314 966 622 84 50 106 307 972 798 597 850 391 855 200 615 817 605 273 283 632 858 154 422 1000 59 290 728 762 616 602 250 342 754 30 173 542 715 564 126 591
996 785 262 493 8 267 337 445 890 658 116 321 674 301 325 577 209 657 756 235 434 643 181 364 962 558 521 651 202 350 72 176 466 224 734 576 46 462 88 423 986 39 173 129 389 70 542 908 88 879 740 478 235 795 879 771 647 264 671 521 870 727 492 520 896 995 708 880 641 448 902 579 330 459 608 563 708 813 742 934 228 279 829 278 439 69 557 456 992 723 48 615 447 32 108 895 416 735 914 968
563 340 790 462 493 142 453 256 879 134 92 852 872 469 358 306 386 10 606 15 470 282 235 652 847 79 435 779 830 27 606 223 232 145 559 758 762 128 315 692 20 529 317 447 779 997 222 150 457 763 79 149 236 859 25 892 204 684 733 667 674 693 491 969 912 517 140 798 527 196 100 65 202 963 583 194 377 764 166 17 225 484 661 349 640 632 69 253 405 295 849 212 531 611 199 396 870 943 163 475
17 253 685 780 409 395 16 598 260 547 161 750 560 238 669 482 504 823 361 739 63 433 628 513 643 537 758 342 521 452 373 826 134 424 330 483 920 625 309 947 196 167 344 812 105 623 681 111 725 740 951 384 671 233 85 788 49 563 829 33 479 701 239 817 904 256 374 450 293 728 351 508 683 430 111 69 417 717 720 772 591 47 560 662 282 3 358 131 637 855 832 916 849 649 939 398 453 409 560 287
569 161 638 679 331 267 192 756 618 983 653 481 73 447 272 291 368 491 276 784 521 480 769 99 160 648 312 30 80 367 970 489 834 354 652 520 363 619 697 4 620 268 478 238 128 444 114 960 730 630 15 151 809 260 868 897 73 220 499 158 546 989 949 48 975 813 9 208 459 263 574 461 93 92 940 664 544 764 574 880 187 853 870 158 410 38 289 17 739 620 206 126 710 148 272 197 883 936 925 870
894 382 167 202 715 374 383 98 954 612 758 568 974 821 980 270 574 523 790 285 356 638 579 584 344 958 465 83 622 421 243 620 266 854 89 333 112 41 978 551 992 659 379 971 86 793 484 850 999 787 345 260 782 376 866 754 945 15 235 566 639 398 348 709 946 743 309 873 903 79 791 57 161 410 658 873 598 249 54 639 853 131 626 663 557 989 599 692 24 780 698 372 507 837 279 187 855 89 423 671
446 84 313 429 767 991 201 944 795 621 871 847 917 117 832 305 514 655 545 477 952 249 561 297 269 417 245 463 432 605 390 133 150 879 880 747 258 663 94 488 726 327 96 860 940 22 248 943 17 475 47 285 171 587 356 407 999 772 425 794 420 395 965 304 673 417 860 470 910 440 717 986 53 520 946 74 491 184 957 109 18 737 520 180 708 754 498 36 209 894 287 78 788 304 222 539 633 763 621 313
182 40 861 561 419 31 288 789 558 693 978 215 414 280 330 455 129 107 196 309 934 701 272 457 630 501 545 948 838 832 129 502 425 421 445 624 404 462 690 212 548 556 859 831 992 264 539 245 836 533 865 853 778 810 674 465 643 5 739 317 801 389 514 52 446 60 645 768 589 108 268 794 660 447 136 398 187 748 143 1000 958 435 325 604 861 383 54 765 142 836 821 542 764 369 703 1 476 597 324 21
96 966 451 318 666 955 59 817 454 98 713 737 158 652 500 709 932 569 59 644 691 621 929 66 283 774 636 575 271 88 543 758 282 582 615 658 306 323 968 679 256 496 472 821 600 332 203 285 21 222 875 620 924 62 253 466 677 996 100 459 350 793 723 467 992 117 135 564 174 805 8 163 37 288 574 174 711 216 904 572 190 890 212 900 62 857 596 800 361 364 300 181 227 975 8 568 315 861 252 134
594 54 591 643 198 463 999 206 567 342 902 715 946 646 218 363 438 540 116 433 529 900 182 626 676 593 564 351 590 252 21 9 477 231 762 452 417 620 633 352 543 814 755 624 623 664 57 476 355 261 642 640 161 691 262 408 340 877 603 872 559 197 906 393 330 290 630 742 51 912 888 496 644 154 313 415 507 219 172 957 341 872 473 661 680 941 146 176 519 278 244 487 15 571 136 790 761 867 235 339
563 63 31 49 535 673 165 392 560 25 545 665 803 17 782 650 200 269 795 454 38 244 228 221 553 693 991 501 648 411 593 227 996 185 659 724 94 343 836 859 411 840 597 931 994 19 875 433 195 170 720 480 450 236 126 905 561 323 716 568 685 57 712 788 398 572 837 12 316 56 704 779 606 805 427 385 759 287 238 512 852 161 479 483 733 163 729 82 285 506 479 264 63 486 777 966 991 301 85 262
277 542 801 862 139 581 800 338 893 332 686 519 40 131 819 827 200 221 975 905 37 863 468 827 325 414 597 902 219 616 618 799 36 580 483 111 749 333 40 237 954 61 572 310 61 977 444 371 344 638 972 708 312 727 219 284 363 180 265 468 194 862 779 118 948 251 298 885 861 890 615 91 213 281 369 505 595 43 880 396 657 532 233 479 686 105 10 548 385 925 802 1000 749 235 42 969 812 752 129 880
438 91 303 112 995 299 791 886 158 576 356 928 609 10 568 789 959 435 59 287 640 531 338 383 553 461 18 820 530 615 45 583 109 460 134 331 447 663 324 416 472 238 465 345 130 836 781 650 585 113 200 182 609 348 988 610 257 148 738 672 714 124 636 148 848 517 302 656 756 24 329 369 45 204 20 310 927 913 17 859 586 766 437 408 850 344 593 694 363 506 858 77 176 738 75 463 670 353 409 668
309 469 563 700 711 150 903 435 191 624 611 302 765 247 101 49 511 594 74 926 95 344 591 7 523 375 288 199 689 970 104 691 397 248 727 908 627 850 979 587 25 501 789 775 442 797 327 222 32 538 695 174 454 843 564 269 623 603 823 214 818 70 378 96 15 417 688 208 959 914 13 48 254 560 199 687 143 250 55 807 81 206 266 659 230 785 854 965 954 912 249 117 382 99 815 140 352 18 789 786
715 907 7 531 882 314 327 392 774 587 390 497 423 734 967 831 980 816 579 651 951 329 735 446 427 440 367 880 964 310 922 699 340 410 74 254 397 834 876 949 317 567 580 717 904 229 423 643 848 877 809 647 236 939 43 697 8 573 515 796 877 592 246 844 326 642 377 144 424 75 83 493 390 793 261 884 558 243 382 307 250 307 350 150 326 527 175 549 455 487 616 697 696 653 597 699 985 528 543 173
447 120 633 606 545 48 512 348 133 166 70 107 194 126 240 43 267 359 245 153 575 373 600 112 440 977 657 587 383 217 586 473 676 310 475 991 195 594 380 844 285 746 954 484 100 386 386 908 406 919 58 45 61 169 539 767 874 598 120 472 382 793 375 833 374 812 892 767 733 749 317 416 143 237 311 924 37 19 315 118 890 778 250 442 949 471 853 760 421 907 572 802 215 89 773 678 677 190 85 425
521 666 875 593 886 937 809 264 948 380 970 672 338 283 620 155 49 394 897 444 633 570 727 478 179 796 401 526 409 455 593 424 454 651 723 638 164 284 502 876 389 185 285 499 542 908 12 158 910 718 774 148 568 361 1000 813 526 817 927 777 389 280 480 619 243 259 512 683 766 662 939 685 931 613 503 782 306 698 814 414 72 948 876 472 889 630 112 406 743 651 994 103 890 636 124 209 77 323 907 532
874 387 343 824 751 517 182 804 284 760 84 215 19 278 700 387 235 243 647 87 132 314 62 196 764 533 845 692 532 559 859 774 959 718 377 620 723 607 403 249 668 661 425 102 934 852 376 325 409 220 225 915 148 587 620 68 386 799 805 873 966 313 838 143 207 875 335 444 184 548 195 149 828 708 955 540 988 696 569 268 353 63 89 22 660 535 978 614 360 143 802 383 666 772 47 976 406 739 696 247
156 109 296 132 843 558 63 721 28 163 659 373 36 143 61 8 330 989 809 710 263 239 323 614 343 807 78 78 293 687 374 847 56 460 839 314 208 605 93 848 615 434 539 636 501 314 180 890 437 815 982 427 540 615 980 912 382 50 835 866 197 154 196 883 465 814 553 528 165 999 102 350 155 572 738 740 679 330 532 348 322 108 156 949 764 833 732 93 190 833 888 445 725 101 501 988 24 996 632 930
440 874 959 228 898 699 104 262 358 982 585 795 253 937 48 366 669 680 130 540 765 425 524 573 661 832 402 71 473 710 714 51 896 396 757 121 86 456 880 909 776 554 437 19 421 444 452 723 371 983 865 503 326 763 593 327 399 516 502 975 376 722 806 606 503 324 343 162 644 995 152 639 228 531 498 907 644 672 18 433 38 899 487 100 338 4 383 217 988 421 963 586 979 565 301 553 172 341 425 980
845 76 732 267 51 179 279 598 951 115 884 644 496 410 462 843 579 967 363 768 199 816 511 849 838 498 555 563 514 180 285 726 981 988 399 244 993 717 342 145 672 936 294 207 104 837 492 309 483 360 389 44 840 634 313 471 628 750 215 338 151 510 746 817 919 676 353 773 124 428 837 216 569 770 34 875 944 888 12 249 570 384 113 836 837 184 312 77 545 515 652 912 6 434 960 244 112 174 415 252
756 352 105 724 782 687 940 896 79 35 952 728 65 297 64 288 695 243 340 790 338 209 733 728 739 652 793 627 52 176 677 578 692 400 584 815 305 372 735 161 934 986 198 348 349 517 458 670 95 793 55 675 409 765 53 228 891 123 254 897 639 993 497 628 734 788 532 579 187 437 561 343 413 310 608 46 106 473 303 299 850 536 334 241 243 566 234 152 547 715 331 318 610 759 112 985 967 194 974 773
115 487 750 67 347 143 421 802 119 274 250 965 950 332 893 140 613 486 875 35 986 135 651 931 173 589 662 223 162 576 924 358 39 1000 220 983 801 60 761 10 135 570 724 562 232 480 69 35 655 992 175 727 36 619 291 643 713 532 911 18 156 909 327 653 114 736 941 895 152 9 838 352 470 935 988 542 151 553 129 869 868 571 248 112 114 336 237 528 876 906 744 991 900 702 186 367 969 803 649 510
101 322 336 726 692 988 201 277 321 975 392 533 899 217 292 414 850 249 862 434 487 147 948 810 114 112 203 778 924 857 213 78 923 835 508 640 657 745 232 336 602 640 557 754 113 898 912 89 638 424 181 851 444 33 798 366 555 372 456 563 638 176 886 520 210 194 106 52 433 901 299 136 187 198 626 487 874 766 713 184 330 967 204 929 206 378 381 951 773 664 436 611 979 256 679 126 255 786 342 437
280 265 733 698 920 294 403 17 766 537 905 705 149 493 387 418 639 254 577 76 743 470 716 973 121 190 515 774 361 688 651 541 727 34 143 216 363 162 884 698 898 824 575 133 503 693 958 821 447 776 110 309 959 417 697 25 600 220 114 550 399 948 882 720 162 764 56 693 2 163 86 379 475 121 155 802 223 48 319 779 261 984 800 126 501 632 221 611 736 339 726 75 2 114 240 710 733 974 29 336
293 93 126 709 984 164 727 249 383 214 692 182 473 496 734 348 840 960 785 799 288 144 543 55 719 859 26 44 414 200 350 196 30 661 870 320 590 565 213 638 541 285 810 480 919 260 698 958 546 670 387 924 523 639 178 278 843 168 52 260 276 758 202 750 668 506 375 614 821 243 679 724 247 811 392 931 386 777 377 16 195 763 125 748 531 63 393 116 502 996 432 12 838 683 265 671 482 289 229 954
485 178 464 25 859 953 124 718 914 96 486 341 936 350 788 593 947 205 927 879 964 823 87 471 954 714 768 626 378 396 149 28 599 909 462 782 599 412 979 918 709 467 668 794 142 127 752 976 553 775 327 667 661 991 413 900 606 712 61 180 613 497 260 964 459 372 423 43 41 947 114 915 765 499 433 968 781 19 96 263 773 400 186 273 944 862 963 72 368 538 606 274 585 721 431 53 985 694 528 693
532 754 601 727 764 224 494 225 828 887 17 104 266 611 243 438 261 148 813 614 361 40 792 771 994 527 516 697 994 477 15 335 929 950 734 909 957 122 389 588 824 444 733 533 133 634 613 355 971 558 584 125 565 218 298 498 984 860 602 239 988 760 407 203 14 521 353 791 307 550 384 388 673 103 683 485 115 291 156 550 823 477 332 13 133 687 486 373 490 537 594 126 123 575 949 150 243 117 721 649
57 737 805 832 390 287 230 542 871 427 217 454 775 636 623 681 131 58 715 444 911 750 249 727 847 383 504 346 853 679 328 696 499 652 705 417 566 533 795 335 762 897 762 710 149 858 702 296 127 386 199 675 563 586 78 311 21 951 468 722 277 338 957 482 426 429 54 396 739 908 18 510 694 236 189 198 166 186 817 522 905 810 865 696 555 520 840 38 226 83 908 548 258 956 660 11 549 555 162 728
78 946 102 871 650 723 831 144 164 474 882 224 920 1 10 280 993 318 800 683 537 791 765 462 924 174 976 735 321 201 732 277 112 196 634 786 215 216 764 184 370 255 188 444 610 68 297 635 910 982 627 436 947 800 963 486 285 656 332 570 561 435 376 334 910 844 439 138 898 174 526 557 769 120 864 24 916 23 645 593 297 226 868 899 653 339 116 324 970 369 307 492 972 604 783 820 369 928 944 732
32 504 104 1000 90 534 177 458 270 145 517 293 699 444 802 381 817 921 439 796 708 351 664 551 544 414 67 933 561 329 388 984 695 692 42 650 397 865 893 927 828 415 890 302 873 175 799 964 99 940 28 35 454 357 249 453 262 309 724 828 24 541 976 388 152 720 450 729 653 785 191 901 592 857 480 37 407 98 88 395 777 836 302 320 887 412 597 976 662 597 359 588 230 756 772 795 271 315 742 135
553 458 303 697 860 423 123 249 445 754 925 812 605 309 757 928 456 693 310 868 357 232 419 396 279 96 707 961 911 821 693 42 334 870 715 509 959 495 249 727 703 651 511 408 662 823 737 615 612 930 917 616 460 697 29 881 93 50 620 337 183 758 91 997 706 411 728 962 67 985 110 376 619 617 392 497 321 930 363 711 474 944 605 718 856 448 216 493 374 158 756 872 907 927 474 369 656 865 874 60
299 924 943 209 511 618 838 551 714 646 136 925 508 485 781 16 608 558 299 945 662 297 216 595 94 931 658 825 775 77 517 313 882 991 150 824 479 528 907 996 344 75 673 771 103 40 330 399 152 985 143 764 288 425 44 893 696 690 443 876 26 195 374 588 226 222 976 292 336 989 219 657 766 124 153 531 724 121 870 633 295 215 39 276 608 903 173 218 257 167 847 593 421 49 828 885 189 610 441 502
536 73 915 255 563 760 237 64 986 780 244 137 946 672 300 960 303 719 686 88 248 843 606 226 633 407 298 369 731 601 901 711 419 547 128 83 350 803 604 285 818 971 200 894 252 326 96 161 120 233 37 301 957 528 383 618 209 679 925 604 821 656 799 548 284 975 89 187 505 144 551 884 306 11 723 463 260 859 904 492 303 911 904 766 409 50 821 921 967 62 717 483 270 111 191 330 111 751 531 537
17 417 252 851 657 811 855 835 391 603 306 994 574 643 792 686 66 690 152 562 933 100 634 251 838 763 90 949 903 952 446 730 485 861 794 767 398 986 744 715 23 894 692 815 385 808 464 366 241 861 628 862 303 802 427 24 46 776 306 956 915 707 381 419 570 717 286 418 293 142 594 791 392 238 255 951 179 814 442 687 172 137 769 650 648 770 368 456 975 384 843 123 10 597 809 483 49 276 114 371
219 262 904 482 963 262 702 392 627 417 831 218 737 279 477 862 286 642 641 838 87 161 673 353 323 233 287 234 604 311 816 718 738 320 855 447 218 254 912 877 47 481 515 844 74 759 946 740 462 713 315 15 587 468 50 382 962 897 493 645 509 847 843 603 482 50 247 167 285 460 11 630 628 445 177 39 85 814 980 766 865 354 880 353 312 846 930 807 776 852 632 676 333 229 943 217 378 577 738 616
57 13 103 670 528 99 880 536 193 208 503 112 10 34 430 509 406 60 242 74 651 718 409 535 304 931 878 140 582 267 301 685 952 216 415 156 836 831 394 316 637 342 961 491 930 265 76 259 184 309 430 615 404 68 335 195 98 962 450 461 563 625 33 681 50 758 536 249 332 743 871 176 768 221 580 659 475 795 233 389 813 689 436 665 754 268 675 822 854 887 530 819 317 615 960 765 832 94 386 948
497 908 449 999 691 327 326 134 216 393 632 559 663 147 286 186 772 90 280 170 919 594 484 356 438 226 275 833 704 157 464 661 950 51 850 181 66 145 952 342 218 473 104 50 232 356 1000 656 904 960 713 757 19 752 215 208 191 39 43 678 148 521 873 979 537 294 428 128 303 820 515 351 276 747 576 870 224 692 108 477 600 772 337 11 359 869 37 171 55 690 83 851 896 879 488 934 54 516 944 917
298 593 676 342 549 88 901 658 580 835 252 221 14 367 388 405 495 984 663 220 435 983 230 76 940 898 566 194 612 856 407 573 122 845 171 440 730 725 260 799 903 412 586 388 665 581 698 953 838 568 422 436 536 481 1000 221 155 167 979 549 490 663 363 534 46 585 581 337 414 957 328 190 587 18 229 103 949 874 186 344 439 899 865 921 868 192 482 897 391 58 806 791 461 60 88 693 185 167 752 790
905 719 273 983 256 672 609 252 578 864 248 978 449 985 875 283 193 326 574 142 886 19 25 247 568 308 53 835 59 305 773 445 288 85 222 303 469 629 2 942 761 277 104 67 262 199 241 987 627 716 572 567 146 384 556 174 899 870 826 340 722 875 652 184 592 856 117 955 793 141 122 868 1000 156 672 718 279 491 342 462 584 994 76 488 835 867 174 707 599 672 192 524 637 352 712 930 738 32 863 796
724 351 89 823 257 315 744 496 813 699 107 57 573 63 623 771 100 312 326 456 57 72 423 791 751 669 72 63 442 536 326 460 428 401 996 517 360 277 906 30 719 745 20 722 779 547 75 322 51 823 952 816 910 484 615 56 420 975 830 663 989 83 893 136 260 842 658 818 907 482 890 756 157 941 973 686 103 485 2 178 563 538 521 803 647 431 207 539 58 534 282 838 446 385 475 561 756 658 588 819
541 286 75 112 282 238 269 790 717 564 737 220 282 855 967 718 833 690 796 982 449 129 791 480 59 291 957 424 856 33 987 848 106 262 78 213 259 369 357 39 20 755 712 114 310 369 449 952 579 707 617 51 862 984 945 519 845 624 695 625 984 832 297 105 844 593 444 502 248 612 762 27 160 803 57 190 828 307 116 138 715 214 40 703 700 765 74 400 331 442 257 289 504 298 488 217 916 625 87 33
469 122 861 371 858 494 947 314 889 657 160 813 899 868 285 681 371 92 99 130 535 891 797 77 381 15 327 334 17 195 719 670 8 398 786 496 247 604 114 378 133 112 779 924 71 692 976 364 4 176 495 14 774 446 372 1000 896 36 603 39 658 992 51 97 205 768 443 297 234 570 911 667 950 445 261 925 262 818 942 640 894 827 61 502 448 852 880 432 972 928 553 994 516 75 824 857 730 687 401 649
499 153 877 750 132 238 982 738 389 858 291 974 494 536 745 887 374 637 146 688 636 725 496 54 860 339 552 462 110 198 518 41 93 385 186 988 476 572 911 275 945 766 347 115 887 641 978 939 237 300 939 712 543 912 488 318 755 614 560 977 172 548 5 677 144 950 722 423 565 366 710 453 215 364 56 578 884 21 884 670 976 15 943 632 98 46 60 656 423 212 343 778 590 275 87 589 98 153 445 378
89 509 994 633 563 183 206 298 999 71 858 616 233 246 70 41 439 58 43 788 30 659 137 746 253 121 711 546 643 661 973 526 231 919 972 592 97 199 470 390 758 703 630 199 917 964 713 918 8 60 511 906 823 842 449 231 741 938 476 844 412 35 609 573 47 942 2 366 21 364 465 750 699 687 698 890 932 852 614 606 665 479 66 719 980 772 614 273 5 133 410 451 205 252 424 477 246 722 855 717
905 926 479 722 913 743 317 934 710 246 780 491 1000 283 372 368 334 620 466 51 369 17 276 183 992 557 22 572 927 309 801 207 811 934 699 659 30 336 872 611 246 260 578 574 816 778 790 769 836 534 909 263 153 28 696 899 514 896 894 194 910 435 809 820 898 794 800 841 315 495 301 108 993 677 259 439 347 876 475 431 919 167 783 458 159 426 724 418 117 69 260 810 137 892 155 618 397 631 2 597
5 82 258 825 384 231 396 161 158 620 219 862 316 943 272 271 257 500 514 74 780 222 426 394 96 773 733 60 11 256 978 855 452 520 530 261 94 231 343 296 152 347 314 437 860 565 314 636 326 435 529 651 195 131 153 31 861 991 950 706 395 489 188 532 872 957 7 621 20 309 966 69 302 95 428 407 164 133 10 243 338 431 908 186 261 182 200 534 575 169 82 491 565 300 363 223 623 645 122 559
538 118 726 705 580 189 465 487 508 93 105 520 993 298 497 453 733 85 95 391 825 40 843 695 597 77 626 181 805 637 401 189 972 784 844 91 643 723 926 597 588 900 581 14 321 623 837 924 357 662 309 266 670 905 863 265 67 861 881 418 500 385 720 36 768 891 906 849 605 155 808 29 941 585 50 977 157 872 965 602 139 987 95 898 311 112 375 895 267 277 664 714 90 102 998 680 107 86 54 346
1 9 10 1 9 1 10 7 8 4 2 7 0 10 10 2 8 2 1 9 7 8 2 10 1 10 5 6 4 2 5 5 6 3 3 0 7 0 4 2 10 5 1 4 1 6 8 6 7 10 7 5 3 8 9 0 7 7 1 6 9 7 6 3 1 1 8 8 2 4 2 3 7 6 1 3 9 5 0 10 3 2 5 1 4 6 3 6 0 4 6 0 3 1 4 8 6 10 0 0
0 4 0 4 2 4 0 10 3 1 4 3 5 3 1 0 2 2 4 5 5 7 0 4 4 0 5 10 2 10 2 4 7 1 0 0 9 3 1 3 5 2 7 7 1 5 4 3 4 4 6 2 4 8 4 0 10 8 7 0 2 8 3 0 5 1 10 5 4 1 2 6 1 7 7 10 6 2 3 8 9 8 3 9 8 10 1 1 10 9 6 0 6 6 4 9 10 3 1 7
10 8 2 1 4 2 5 3 8 5 2 6 2 4 6 3 10 0 8 4 10 6 8 8 6 8 10 1 5 3 9 1 6 8 9 4 0 6 2 2 4 9 8 9 6 2 0 8 7 2 5 7 10 4 9 3 1 8 5 4 4 0 3 3 2 4 6 5 10 1 6 7 9 0 3 1 0 8 10 7 7 4 10 3 10 7 9 9 0 3 10 10 7 6 9 9 0 5 4 1
2 2 3 1 4 4 8 6 4 5 3 7 10 9 6 8 4 2 6 4 4 5 4 1 1 2 6 10 7 1 5 5 1 3 8 5 4 10 7 2 1 9 9 10 6 6 6 6 1 2 7 5 9 7 1 7 8 3 9 10 9 3 5 10 2 1 10 10 1 1 1 4 8 9 10 3 6 0 3 0 3 1 8 10 10 8 6 7 2 5 10 4 10 8 7 6 9 8 3 2
10 1 5 10 2 9 4 5 8 0 2 7 3 9 2 0 5 7 0 1 3 1 6 1 3 8 5 5 8 6 2 4 10 1 3 10 8 4 7 3 5 0 5 5 3 6 9 4 8 5 6 7 10 3 10 10 4 3 8 3 7 6 8 5 1 10 6 8 1 2 6 4 5 0 3 8 8 9 8 3 2 10 7 1 7 6 7 0 9 8 4 2 6 3 4 8 10 2 4 3
10 0 1 0 10 1 10 5 3 2 6 3 1 9 7 6 4 3 7 6 6 5 10 1 10 9 5 6 5 6 6 10 8 1 7 4 5 0 6 3 8 9 10 8 9 0 7 0 8 0 7 8 1 3 9 7 4 3 7 7 7 1 6 8 7 0 3 4 1 10 1 1 8 6 0 9 8 1 8 9 4 9 3 5 4 1 6 7 5 0 0 10 3 10 9 5 0 10 4 10
5 0 1 7 10 10 1 2 0 5 8 5 4 7 7 1 3 5 4 9 0 2 1 10 0 5 4 1 2 8 0 0 5 7 7 0 9 9 1 4 2 4 7 6 5 3 4 0 8 1 3 3 7 2 4 6 2 3 0 7 1 10 6 8 3 8 2 0 8 8 6 9 8 9 0 0 0 3 5 7 1 10 6 2 1 3 10 9 10 10 9 4 5 5 1 7 9 0 0 4
6 2 6 3 8 10 1 4 1 8 7 1 8 0 5 0 6 1 8 5 6 6 8 5 7 10 8 5 10 2 1 3 6 9 8 3 8 8 10 2 2 3 4 7 7 1 7 6 0 2 8 4 5 5 7 10 5 0 2 1 1 6 3 8 10 3 9 5 3 1 9 3 9 4 3 6 9 7 10 1 7 8 7 7 3 1 4 3 3 5 3 9 7 5 4 9 1 3 8 2
1 0 0 4 1 3 1 0 6 0 6 3 3 0 7 10 10 7 0 5 5 7 6 8 9 0 10 4 4 9 1 2 4 3 4 5 8 0 3 2 3 8 7 10 8 10 9 0 5 5 9 1 0 1 2 7 1 9 7 0 1 3 8 4 1 1 9 9 1 6 7 7 7 2 10 5 9 7 9 1 7 4 4 4 7 2 9 4 10 6 10 6 8 8 3 4 8 3 9 4
9 7 0 8 3 8 5 2 8 6 0 9 10 5 0 2 8 5 7 8 10 0 0 8 5 9 2 3 5 7 1 5 10 1 3 0 6 9 8 6 5 3 3 0 6 7 0 2 7 2 8 7 5 6 2 4 9 5 2 2 4 1 3 6 7 8 10 2 3 5 5 4 7 9 7 4 9 7 3 4 3 2 2 0 2 10 10 4 4 0 7 5 7 3 4 5 10 2 4 4
2 9 3 9 9 6 8 10 10 4 7 7 1 1 8 2 10 7 1 10 3 10 8 6 1 9 5 2 10 4 4 0 3 2 8 2 0 9 1 1 2 5 10 7 6 4 2 4 9 5 5 4 0 6 6 2 8 4 4 5 5 5 2 1 0 3 7 8 3 5 7 1 10 8 6 0 10 6 0 8 3 9 7 0 3 1 2 0 5 5 7 10 10 9 4 0 10 1 10 1
8 8 9 6 10 2 2 5 3 2 4 4 6 3 10 5 1 8 5 10 1 6 4 7 1 9 7 2 5 10 9 8 4 3 3 2 8 5 3 3 8 2 0 1 10 4 4 9 3 10 7 7 4 0 5 5 9 6 4 3 4 3 6 4 5 6 2 5 0 0 3 8 4 9 8 2 10 8 8 8 4 3 3 2 5 5 10 4 10 1 9 4 7 6 10 5 10 8 4 2
10 6 2 4 0 6 10 1 7 2 6 0 8 7 0 5 1 4 4 8 5 9 9 4 6 9 4 8 9 1 10 10 2 8 6 3 4 6 4 9 9 0 3 5 3 2 4 3 0 7 9 5 9 0 7 5 9 1 7 3 7 1 1 5 0 4 1 7 2 1 4 3 4 10 0 0 5 8 3 4 6 5 7 10 0 3 3 7 4 3 8 3 5 6 1 0 6 0 1 6
4 0 0 8 9 3 2 4 1 2 4 7 2 4 6 5 6 7 8 7 0 1 6 9 1 10 1 1 10 4 2 3 5 5 7 8 3 10 0 5 9 0 9 10 10 1 5 7 2 4 10 8 4 0 2 4 9 4 5 5 3 2 4 1 6 10 5 10 5 7 4 5 4 3 3 8 7 2 3 8 4 3 8 8 6 9 6 8 5 10 9 0 8 2 8 3 2 2 10 3
5 1 4 8 6 3 7 10 0 7 4 0 0 9 6 7 8 9 10 6 6 9 0 1 7 8 7 6 4 1 5 10 5 8 1 5 6 0 8 3 2 10 4 9 1 0 1 1 7 8 4 0 2 8 4 6 6 9 3 9 9 2 0 2 8 8 2 7 8 9 5 2 8 2 3 10 10 7 5 0 1 2 9 8 8 6 10 5 10 4 9 5 3 0 0 10 1 3 7 0
6 3 10 0 10 7 0 3 0 1 2 3 5 4 4 9 2 9 9 3 6 8 7 6 3 2 3 2 3 6 6 0 6 9 8 0 0 4 4 3 6 8 8 8 1 1 10 6 6 6 7 1 0 8 4 8 6 4 9 5 8 8 6 10 8 0 10 7 7 3 7 0 2 6 4 1 0 1 4 5 9 1 8 2 9 5 5 7 9 3 1 10 9 9 7 8 7 9 0 3
4 9 7 4 2 0 9 1 0 1 7 8 9 5 2 8 4 4 2 3 9 1 5 3 10 5 7 2 10 7 3 5 8 9 5 9 4 2 5 6 2 9 10 8 7 9 3 4 10 7 1 4 3 3 2 5 9 10 2 0 1 9 3 10 10 2 7 3 2 7 7 4 4 6 10 3 9 4 3 0 2 5 8 2 0 1 8 10 8 8 9 9 9 8 2 3 1 8 2 3
10 4 6 10 8 7 10 10 9 1 0 9 0 4 1 8 10 2 8 7 9 10 9 8 3 0 5 7 5 6 2 0 1 9 8 10 4 1 2 4 10 9 4 2 5 5 4 3 3 0 5 9 2 3 9 1 8 3 6 6 4 0 10 3 1 9 2 5 10 7 5 4 0 0 3 7 9 0 2 8 8 0 8 5 8 3 7 2 9 7 1 2 8 1 7 5 5 0 6 6
7 4 8 3 9 7 9 10 10 5 5 7 8 7 0 7 4 7 6 8 1 10 8 7 9 1 4 2 2 0 5 8 5 0 7 5 4 5 10 4 2 2 2 5 7 10 9 0 1 7 2 8 8 9 3 6 0 9 0 10 10 9 7 8 9 10 7 1 8 2 5 3 8 10 5 4 1 0 10 5 9 8 3 5 2 7 3 8 6 9 2 9 1 6 10 6 3 0 2 2
6 8 9 7 1 6 7 4 10 6 5 4 4 6 2 4 9 7 10 10 1 7 1 9 9 6 7 3 4 7 5 7 10 7 5 6 4 5 0 7 8 3 2 8 9 10 5 3 9 0 2 7 0 0 8 4 10 1 6 5 0 3 4 5 3 7 4 0 8 7 7 7 3 0 1 4 10 9 4 9 5 10 4 3 6 3 3 5 9 3 6 0 3 3 2 9 0 4 2 3
4 2 10 5 1 5 4 2 3 9 3 7 2 0 8 8 3 0 9 5 1 5 0 6 8 6 9 9 2 2 10 5 4 10 6 5 4 6 7 6 6 6 10 9 6 8 7 3 10 4 3 0 5 6 10 6 1 5 8 9 4 4 4 10 0 0 8 7 1 10 1 5 8 5 7 6 5 5 8 10 9 1 9 9 3 7 5 0 6 1 2 10 5 7 2 10 6 1 5 7
0 1 10 10 9 8 2 2 10 9 8 3 3 3 1 9 7 3 9 1 8 10 8 3 6 7 1 4 2 4 4 8 9 10 1 9 9 1 1 9 3 4 8 4 5 1 10 2 0 4 8 10 2 8 10 1 4 7 10 5 4 8 2 0 9 5 3 1 7 9 5 5 0 1 7 2 8 8 8 5 0 10 10 9 6 8 2 8 1 2 0 5 5 5 9 4 0 4 2 3
8 4 4 8 9 8 9 3 2 6 6 3 0 2 2 0 4 9 7 3 4 3 3 8 0 2 1 5 1 8 9 9 0 2 9 9 1 8 8 0 8 7 2 2 3 0 2 8 6 0 9 6 7 6 4 0 1 6 7 3 0 3 10 5 0 10 6 7 7 1 4 2 8 10 10 6 3 3 8 4 6 4 10 6 3 0 10 7 7 8 10 8 4 4 7 6 9 3 6 10
7 3 2 6 3 1 8 3 6 2 9 4 4 0 6 7 7 2 0 10 8 1 7 2 5 8 9 3 4 2 7 6 7 4 0 7 6 2 6 4 3 2 1 3 8 1 2 1 6 9 10 10 7 10 10 7 8 4 5 2 0 5 2 8 9 1 2 8 1 8 3 5 3 7 3 3 7 5 5 7 8 7 4 7 8 7 5 6 4 0 1 0 7 3 1 3 7 6 9 4
4 8 4 10 7 9 5 0 3 8 6 9 6 6 1 2 0 2 9 6 9 9 9 0 9 6 5 2 2 4 1 2 3 6 10 5 7 0 8 5 7 1 4 7 9 4 4 10 1 3 7 10 3 7 7 3 4 9 10 3 0 2 7 8 10 9 9 5 4 8 1 7 2 1 10 4 3 3 2 7 2 6 8 4 8 1 2 10 0 4 4 7 8 0 6 10 8 9 3 9
1 3 2 9 1 2 1 6 9 4 8 3 2 2 5 8 2 0 5 5 7 8 4 9 10 5 7 0 3 6 5 4 6 9 7 7 7 6 10 9 4 6 10 9 8 6 9 10 10 0 3 7 0 1 10 7 7 0 0 6 7 5 2 9 10 3 8 8 2 9 6 7 10 2 2 4 0 3 10 7 2 1 3 2 2 6 0 8 8 8 4 8 3 1 8 6 2 10 7 5
7 10 1 9 4 8 0 7 1 5 9 8 3 8 0 7 0 8 0 2 8 8 5 5 2 1 9 9 6 9 8 10 5 5 10 10 8 8 7 6 10 10 1 4 5 7 3 2 4 0 9 7 10 5 4 7 7 2 7 9 5 10 0 9 3 4 0 0 5 7 8 2 1 7 1 3 8 3 1 0 3 1 6 0 3 2 10 5 5 3 8 2 6 10 6 3 5 9 2 6
8 8 3 5 7 3 7 10 5 8 9 1 0 9 5 4 2 4 9 9 3 0 10 10 6 1 5 4 7 1 8 7 1 7 0 6 5 3 2 4 8 8 5 10 0 2 5 6 9 5 6 9 0 3 8 6 7 3 8 1 3 6 7 3 7 6 8 10 3 8 8 10 8 5 8 6 9 0 2 0 9 0 8 4 1 2 0 1 1 9 7 10 9 5 6 9 8 6 4 7
9 3 6 5 7 4 3 5 3 2 10 3 2 0 2 2 7 7 5 2 4 5 6 3 8 8 1 9 9 4 4 10 3 0 6 7 7 5 3 8 2 8 4 10 10 10 9 6 1 6 6 9 3 1 2 7 6 1 3 2 8 0 0 2 0 4 8 6 6 3 10 10 8 9 10 10 2 10 6 6 2 9 5 6 4 4 2 4 10 4 1 6 7 5 6 7 2 3 7 3
3 4 7 9 2 4 7 5 5 10 9 5 9 0 10 2 5 2 9 3 4 5 7 9 10 5 3 0 6 0 0 2 10 1 4 8 4 4 2 1 4 6 8 1 9 6 3 9 9 2 9 10 6 2 10 10 8 6 0 3 9 4 7 2 5 5 0 2 5 1 9 5 5 3 7 1 6 8 4 2 10 9 9 0 6 4 7 9 7 8 5 8 9 4 0 3 5 8 2 1
1 10 4 10 4 5 6 6 0 3 8 10 7 8 8 1 2 7 5 5 3 10 6 9 2 9 0 9 0 7 6 5 7 7 8 5 4 5 4 5 3 4 6 1 3 9 2 3 4 5 0 7 0 10 1 1 5 5 8 6 9 6 1 1 8 2 4 3 3 8 0 9 4 3 10 3 2 4 0 1 2 10 1 10 5 6 2 4 6 3 9 1 3 1 9 0 7 0 10 6
0 7 4 7 10 3 5 2 0 4 5 6 4 7 3 3 0 8 9 10 8 7 2 0 5 10 2 7 1 3 1 7 8 0 1 10 8 7 2 3 4 10 5 3 3 5 4 0 7 8 6 3 1 6 1 2 2 10 8 3 4 10 1 6 0 1 8 2 10 1 6 4 6 6 10 6 8 8 6 2 6 7 6 1 0 10 7 10 1 4 8 4 3 8 3 10 7 2 6 10
6 3 2 1 9 8 3 10 2 0 3 8 8 7 2 4 2 10 6 10 3 4 5 3 4 2 4 2 9 3 2 3 3 8 6 10 2 2 5 8 9 1 4 3 3 10 3 8 4 5 8 6 1 2 9 10 2 0 9 5 6 7 8 1 2 9 10 9 3 5 0 7 1 3 10 4 8 9 3 9 2 1 1 9 5 3 3 2 10 4 3 5 8 8 1 9 7 8 10 5
7 3 3 5 2 7 8 0 3 6 6 1 2 6 1 10 9 0 0 5 2 9 7 1 0 2 10 2 3 10 9 7 5 8 8 8 6 3 10 6 8 3 8 9 8 1 6 0 4 9 4 9 6 1 1 8 2 3 4 7 9 10 4 0 4 0 1 6 0 8 2 2 3 6 8 1 3 1 6 2 10 7 0 0 7 1 5 7 3 8 8 6 4 2 9 4 5 6 0 10
4 0 0 8 10 3 6 3 3 0 5 2 2 0 3 10 10 6 10 8 6 10 6 3 6 0 0 3 2 2 1 9 4 2 1 6 5 3 10 0 1 0 5 3 4 0 1 4 5 4 8 7 4 4 7 4 0 6 0 10 4 9 2 3 0 3 10 8 8 10 5 10 0 4 0 10 2 9 8 5 7 6 2 4 8 3 4 9 9 5 8 4 4 10 7 5 6 10 1 5
4 2 3 6 8 4 7 2 10 5 8 0 8 3 3 9 5 4 7 0 7 5 7 3 5 4 6 5 2 1 8 8 7 0 10 1 0 0 0 2 3 10 2 1 1 0 9 4 0 2 0 1 4 3 9 4 6 2 5 2 1 2 7 9 0 6 5 2 7 0 7 4 7 1 3 8 1 1 4 7 3 6 3 10 0 0 6 8 5 2 5 7 8 4 9 7 0 5 1 6
7 2 5 8 0 5 6 7 1 4 6 2 6 8 9 4 2 0 10 10 9 2 5 1 3 1 9 0 10 5 9 8 9 9 4 7 10 1 6 6 8 8 1 2 9 3 7 1 7 0 0 1 3 8 6 2 7 1 1 2 9 0 5 8 7 3 5 0 6 7 1 1 1 10 3 7 9 6 7 2 7 3 5 9 7 5 6 9 5 9 5 0 10 3 7 3 8 0 4 7
3 6 4 6 5 4 4 8 7 7 6 7 2 9 3 6 9 10 10 3 6 4 1 7 1 10 7 8 6 7 5 9 7 8 6 10 5 10 1 5 2 8 4 3 0 5 10 0 6 0 4 1 2 5 8 7 8 4 5 5 5 4 2 2 5 2 8 0 10 9 5 4 1 10 9 1 5 10 7 7 10 4 0 5 6 1 9 4 6 8 1 1 4 9 9 7 4 10 8 7
6 4 8 0 6 9 0 3 8 3 10 3 6 6 8 6 9 6 1 8 5 7 7 0 10 9 6 7 6 10 0 2 2 2 1 3 0 9 7 9 5 6 8 5 6 7 9 9 9 3 10 8 9 7 8 5 2 3 5 2 7 5 1 2 6 5 10 3 7 6 0 1 0 2 2 5 0 9 10 3 1 9 3 5 3 2 9 10 6 0 9 5 0 1 1 8 1 9 0 6
5 6 4 1 0 5 7 7 3 4 7 10 9 8 0 6 1 8 3 6 4 9 5 10 6 0 0 8 0 1 7 8 6 6 5 10 10 8 4 7 7 9 10 4 5 9 2 9 1 7 5 3 3 1 2 6 8 4 5 2 3 7 1 9 2 9 8 9 0 4 5 7 1 6 5 0 6 9 5 1 2 7 5 2 8 0 2 4 8 5 8 1 2 4 3 9 7 8 1 6
0 1 2 10 10 2 8 8 8 3 4 9 2 8 2 6 0 2 1 1 6 2 9 6 0 6 4 9 1 10 10 4 10 10 5 3 1 7 10 8 8 6 7 6 5 1 6 1 6 6 0 4 8 8 5 9 8 5 2 6 3 10 2 10 1 9 1 8 8 6 6 7 0 6 6 6 10 7 5 3 2 6 2 4 5 1 3 5 0 6 4 2 0 10 8 4 10 4 7 5
6 9 4 10 3 2 3 4 3 1 8 3 2 8 4 0 0 0 1 10 7 4 0 9 3 4 4 7 8 7 8 4 5 8 5 6 10 3 9 7 8 10 8 6 6 9 4 2 10 1 2 2 4 4 3 1 6 9 7 6 4 2 1 4 7 3 7 8 1 6 1 5 10 1 6 4 8 4 1 9 6 0 10 3 10 3 5 4 6 0 8 1 10 4 9 7 6 10 10 5
3 6 0 9 10 7 9 0 2 3 2 3 4 3 9 9 7 10 7 2 7 2 4 0 7 0 8 9 8 3 5 10 1 4 0 4 4 6 0 2 10 7 1 5 2 2 10 5 10 0 8 4 4 5 2 0 0 1 9 7 2 5 10 0 5 10 8 1 9 8 0 4 10 7 5 4 2 6 4 9 1 0 6 6 10 10 1 9 4 5 5 9 8 8 7 1 2 8 1 9
8 7 4 2 3 6 1 5 10 0 9 4 5 3 8 8 10 4 2 6 5 7 1 6 9 3 6 7 8 9 7 10 10 4 3 3 1 2 10 9 9 2 0 4 1 0 4 5 10 10 2 8 9 9 2 10 9 1 0 5 9 9 6 4 3 10 2 2 8 5 6 2 0 2 0 4 9 9 1 2 1 7 7 7 9 9 2 6 10 1 8 9 9 2 4 0 3 2 7 8
8 5 10 4 2 7 5 2 3 5 6 6 1 6 3 7 1 4 2 0 5 6 6 6 10 8 6 9 9 6 10 7 4 8 10 0 3 7 1 1 1 6 2 7 4 7 7 4 3 9 9 0 10 7 9 2 2 9 9 3 4 3 2 6 9 6 5 9 6 10 7 5 8 3 0 2 5 4 7 6 8 9 7 3 0 5 8 6 5 1 2 6 5 4 0 7 5 10 3 10
1 4 1 0 10 0 2 7 6 1 3 5 1 8 10 3 3 7 1 9 9 2 9 2 7 10 9 2 6 8 0 4 1 5 2 4 1 0 9 4 5 0 2 7 9 4 0 0 1 1 6 0 0 8 4 0 9 7 8 9 3 6 1 0 2 2 0 4 6 7 1 7 4 10 6 8 2 6 9 4 2 5 4 2 5 8 2 4 7 4 4 9 1 6 7 7 0 5 6 6
9 3 5 10 4 1 7 9 3 2 7 6 8 8 5 0 4 1 3 7 6 10 6 3 1 5 4 7 10 2 2 10 7 5 6 5 3 1 4 4 1 9 5 6 1 9 3 3 9 6 10 4 5 2 0 4 0 9 10 5 2 2 4 8 4 8 1 7 5 1 3 0 1 3 7 5 10 10 2 0 5 7 10 9 10 2 1 4 4 2 4 8 3 5 1 0 2 2 1 10
5 9 1 5 7 10 7 10 0 8 2 3 10 4 5 4 4 6 5 5 0 0 4 5 9 10 1 7 4 1 8 6 0 0 8 0 1 3 8 8 3 1 7 7 6 8 8 9 4 9 7 5 8 2 10 3 5 10 1 7 5 9 2 10 8 3 2 3 10 8 0 8 5 1 0 4 10 10 5 3 4 2 3 0 9 1 2 7 0 7 6 8 0 6 5 5 2 5 9 1
5 1 6 3 7 0 8 6 6 6 3 3 2 7 9 9 3 6 5 7 0 9 0 10 5 10 9 8 5 4 4 4 3 9 4 0 7 2 3 10 4 8 4 2 9 4 4 0 0 6 6 10 6 6 6 7 1 7 1 7 3 8 6 9 8 9 9 5 2 10 4 6 1 0 9 6 2 2 0 0 8 1 9 9 1 3 8 3 2 5 10 1 6 3 1 0 3 10 6 1
4 3 2 6 6 6 9 8 7 9 1 9 8 4 7 9 3 5 5 3 10 9 3 2 0 3 7 6 0 8 0 3 0 6 5 7 4 7 6 9 8 3 3 7 4 5 5 7 10 3 6 1 9 5 3 7 5 1 9 3 9 7 4 1 5 6 2 3 7 7 6 3 2 8 5 10 2 7 5 3 7 0 2 6 3 7 2 4 5 5 0 6 3 0 0 2 5 7 0 4
2 8 9 0 1 6 9 7 5 10 8 3 0 8 6 9 2 0 5 5 4 0 8 10 0 4 4 0 1 7 2 5 9 10 9 5 6 8 9 4 5 10 4 3 7 2 6 7 6 0 4 3 2 2 1 10 8 2 4 7 9 10 5 10 10 4 4 0 7 4 0 9 1 7 3 9 9 6 7 8 2 5 1 3 4 10 5 9 5 9 3 0 2 7 2 2 0 10 9 9
7 4 8 7 1 10 5 9 4 9 8 1 2 3 6 1 3 9 9 7 10 10 5 5 10 5 1 7 8 5 10 4 9 6 7 9 4 8 5 7 8 9 9 6 8 5 7 5 5 8 5 3 9 0 5 1 2 0 1 10 5 9 3 7 3 10 9 8 6 10 6 3 8 1 1 4 3 7 6 3 4 0 1 3 5 9 7 6 1 2 8 5 0 1 7 0 10 3 0 0
9 4 2 4 5 2 0 4 0 8 6 9 10 3 2 10 1 9 10 4 9 2 2 4 8 7 7 6 7 9 10 7 1 1 4 3 6 1 7 10 4 8 0 1 8 9 10 4 5 3 4 5 6 3 9 4 1 0 10 6 5 1 1 5 1 0 2 2 9 2 0 6 3 8 9 0 4 5 6 1 8 2 7 4 9 5 10 0 0 4 3 0 7 5 0 0 10 2 6 6
0 4 0 0 8 0 5 4 3 7 9 10 8 4 7 1 3 5 6 2 5 7 4 5 2 10 5 5 10 8 2 9 9 8 8 7 8 8 3 10 6 5 5 5 7 1 2 0 2 1 10 3 2 4 7 3 2 10 7 3 9 1 1 7 10 10 6 6 10 4 3 9 6 8 10 9 9 8 2 4 7 0 0 2 9 2 7 1 3 3 9 10 1 5 1 8 7 4 5 4
1 4 8 10 1 0 1 3 3 3 4 10 6 7 10 9 8 10 3 8 4 6 7 5 7 9 3 6 5 10 3 3 6 9 5 0 6 2 0 6 1 1 6 9 3 0 2 1 10 3 2 6 3 5 5 9 9 0 1 0 6 8 1 7 4 1 9 9 2 7 6 6 9 5 3 4 0 9 4 4 10 8 3 5 0 0 3 7 0 8 7 0 2 7 0 3 3 2 8 0
0 10 6 2 3 0 9 6 9 9 7 6 10 5 7 2 10 0 8 6 6 8 1 3 4 4 2 2 10 5 0 5 3 5 7 6 9 5 1 9 2 10 1 10 1 1 9 10 10 3 4 2 5 10 1 9 1 7 6 9 2 2 4 1 10 9 9 8 0 4 7 4 2 9 2 10 1 3 0 7 8 5 1 10 9 5 9 1 4 1 4 7 5 1 6 3 3 8 10 1
7 4 4 7 4 10 0 9 6 7 10 7 9 5 10 4 1 2 8 6 3 3 10 7 8 5 2 2 7 9 7 9 9 1 3 0 9 4 10 9 5 8 6 7 2 9 5 1 1 1 0 5 9 2 6 8 7 8 10 5 5 7 10 1 8 7 10 8 1 6 0 6 8 8 0 4 3 1 2 1 1 4 8 6 7 2 2 8 7 5 0 4 8 1 1 8 4 3 7 3
8 1 6 9 10 8 1 10 3 0 10 2 9 5 0 8 0 10 7 2 5 10 10 6 7 5 7 1 4 0 6 6 6 4 2 4 6 3 6 8 5 1 5 7 10 1 2 5 3 9 4 6 2 0 10 4 10 0 3 7 5 0 4 3 9 8 9 0 9 5 4 8 2 4 1 10 8 2 9 0 9 9 10 10 8 9 7 9 5 8 2 1 3 0 3 10 10 3 9 4
2 3 2 0 9 5 2 2 10 10 8 0 10 8 6 10 1 10 4 6 5 1 6 2 1 3 5 3 0 4 4 1 9 4 0 9 0 4 5 7 2 7 0 8 4 2 9 4 6 3 3 5 2 6 0 7 7 3 6 5 7 0 5 3 1 2 4 7 6 8 7 6 6 4 9 0 8 4 8 9 3 2 6 8 2 1 2 10 2 7 10 8 7 3 5 4 7 9 2 3
6 7 4 3 2 9 0 1 7 10 2 10 2 2 5 6 2 2 3 1 1 9 9 1 3 3 10 4 1 2 3 9 1 10 5 4 5 6 8 2 2 9 6 0 0 4 4 6 8 7 8 2 5 4 5 5 6 8 10 7 1 5 5 8 4 8 5 6 9 7 2 9 5 2 3 0 4 4 2 5 8 4 1 1 10 6 3 4 3 5 7 9 3 10 10 2 9 9 0 8
0 4 4 0 0 5 10 6 1 4 10 7 1 10 4 3 0 10 1 5 4 6 5 5 8 6 3 10 1 1 9 6 1 4 5 7 7 0 8 6 0 0 1 5 8 10 4 3 10 9 10 2 1 5 0 4 9 5 9 2 0 10 8 2 4 0 0 8 6 8 0 1 2 3 5 7 1 6 7 7 3 6 5 3 2 6 5 4 1 0 7 0 5 1 6 4 6 9 4 5
1 6 9 6 4 10 8 8 10 2 9 2 4 9 10 8 0 7 3 7 1 10 9 9 3 6 2 9 1 5 6 0 7 4 6 8 1 0 6 3 1 7 10 10 5 9 10 3 6 7 0 9 10 9 9 9 3 2 0 5 9 6 3 0 8 1 8 2 7 6 1 3 10 10 8 8 7 1 4 7 7 9 1 4 4 1 3 1 3 7 7 5 7 0 8 0 3 9 9 10
2 10 4 4 0 5 10 5 8 9 9 3 10 2 1 9 0 10 3 3 10 6 0 9 3 4 10 4 10 10 8 5 0 9 9 0 9 7 7 10 1 10 8 5 1 8 10 1 0 10 0 2 5 6 5 6 10 3 3 10 0 7 5 1 1 8 7 4 8 7 9 3 2 0 6 0 3 9 9 5 9 0 7 9 3 2 1 5 6 3 4 4 4 6 6 0 0 6 6 4
0 8 8 10 7 1 6 6 2 8 0 10 2 1 7 1 7 7 8 2 2 5 5 0 10 5 8 9 6 1 7 7 8 5 5 9 4 1 8 10 1 1 8 4 0 0 8 2 6 8 1 9 5 5 5 8 3 6 9 3 9 0 3 8 6 0 4 1 7 0 4 3 7 6 3 0 3 0 7 10 0 0 4 3 9 6 8 7 7 6 4 10 9 3 7 0 6 3 6 1
2 6 9 8 7 2 3 3 5 4 5 1 7 2 6 9 2 9 5 7 7 7 0 6 0 2 7 9 0 5 0 10 3 2 4 1 9 7 2 7 8 2 5 0 10 6 9 5 7 9 1 8 9 9 7 0 9 0 0 10 10 3 1 0 4 8 8 5 5 10 3 0 2 6 3 4 6 9 9 9 0 2 1 9 0 3 5 1 5 7 8 10 1 4 0 6 3 7 1 0
9 9 9 8 3 5 7 4 4 5 4 9 7 2 4 5 0 8 4 9 8 3 5 2 3 4 6 1 0 0 5 10 2 6 5 2 3 1 7 3 4 1 7 1 5 0 3 0 0 0 1 0 7 10 10 7 4 9 3 7 3 6 2 7 8 8 4 7 8 0 2 0 7 5 7 6 7 6 2 9 5 6 10 1 10 7 7 9 4 6 2 1 1 4 10 4 10 8 0 4
9 4 2 9 6 0 9 4 4 5 3 10 9 4 9 5 2 10 10 0 10 3 10 5 2 6 10 3 8 10 10 1 2 3 1 8 3 5 3 10 8 1 4 6 6 4 4 5 6 10 6 10 0 2 8 1 7 10 10 10 7 4 2 3 7 4 6 0 6 8 10 8 7 1 9 3 3 6 3 3 2 0 5 9 9 0 10 9 7 8 0 1 4 9 5 10 9 8 5 7
2 7 1 1 7 1 4 8 2 3 7 1 0 3 7 4 10 7 10 5 10 2 1 10 1 7 7 10 0 8 0 9 0 8 7 9 0 8 4 8 8 7 10 10 4 5 0 1 2 7 1 6 4 10 10 5 2 7 8 5 7 1 6 7 5 6 5 0 3 5 4 7 8 3 6 0 3 7 7 5 6 0 1 2 9 1 8 0 10 3 10 6 5 0 8 4 8 4 10 8
7 1 10 2 5 3 3 8 7 1 0 7 1 3 0 5 1 8 10 0 5 2 3 5 2 2 10 3 10 9 5 7 3 9 3 1 7 2 2 5 4 10 6 7 10 6 4 2 0 1 2 10 8 7 1 9 6 6 6 8 2 8 0 0 4 3 8 5 8 6 5 8 5 4 7 8 7 6 0 1 2 1 7 8 10 4 1 3 0 5 10 3 9 4 0 10 5 2 0 1
10 4 6 7 1 5 10 0 5 10 6 3 4 6 7 5 10 7 0 3 10 3 9 9 7 4 0 0 1 6 6 8 9 5 6 8 1 8 0 8 0 1 3 3 9 2 1 4 6 6 10 2 7 9 4 3 9 6 6 4 2 8 0 10 2 2 2 8 7 8 1 9 2 6 3 4 10 4 0 4 9 6 3 5 1 8 5 5 5 7 0 3 5 3 7 10 5 0 8 9
3 1 2 5 4 10 5 2 0 6 0 2 7 5 8 8 6 7 2 7 6 3 10 1 0 1 8 3 5 2 1 9 0 7 7 5 7 7 8 8 9 8 1 4 3 4 7 7 4 10 5 8 9 0 7 4 5 3 6 7 5 5 4 7 10 8 8 3 1 0 3 7 0 3 5 10 6 6 9 8 4 1 7 2 8 0 1 2 6 2 4 2 0 3 6 6 6 8 10 2
4 4 5 4 7 7 10 3 6 7 0 6 9 0 2 5 8 9 5 2 6 3 6 4 9 5 8 7 4 2 0 6 10 5 7 2 2 1 2 8 2 2 10 2 7 3 9 9 10 1 4 4 10 8 10 9 8 10 4 10 0 5 2 4 3 9 3 4 2 1 3 2 0 4 9 4 0 10 6 1 3 5 5 6 3 3 1 0 6 7 8 3 6 3 1 8 3 10 3 7
3 3 0 3 7 7 4 6 10 10 1 3 3 8 0 4 8 0 5 6 8 10 8 5 1 3 8 0 5 8 1 10 8 6 4 10 2 10 10 1 9 6 6 9 1 10 9 2 4 8 5 3 8 4 1 9 5 4 6 2 7 2 6 7 0 1 7 1 8 9 6 5 1 7 2 8 0 9 10 4 5 0 5 2 9 5 10 1 1 0 3 7 4 8 10 0 0 0 0 5
5 7 0 0 8 9 10 0 7 3 9 2 5 2 10 10 10 10 4 0 3 1 7 8 0 10 6 3 1 6 8 3 5 2 2 8 10 8 9 9 8 5 1 3 1 5 7 2 0 0 8 7 4 0 4 8 2 10 5 10 1 10 5 2 6 5 9 5 7 9 10 0 10 9 10 9 6 9 10 3 7 3 3 3 1 9 4 5 4 10 7 0 0 4 2 9 10 4 4 8
1 0 7 2 6 10 7 4 10 3 2 4 6 8 2 10 9 4 7 1 10 1 8 10 0 7 6 4 4 2 0 2 2 5 3 2 1 4 3 8 4 6 7 7 4 8 0 8 5 2 1 4 4 6 10 3 6 3 5 9 7 2 9 7 1 8 5 0 9 1 7 10 7 10 8 6 3 2 2 3 4 10 3 10 2 6 9 5 5 6 0 1 5 8 8 5 7 2 10 5
10 7 8 1 1 6 5 10 10 2 0 9 2 8 6 3 3 6 4 7 9 1 7 7 1 1 10 7 7 7 2 9 7 3 8 4 7 9 8 4 0 10 7 2 4 0 9 8 1 5 10 5 2 6 10 5 10 10 5 7 9 5 4 10 1 10 8 2 9 9 4 2 8 0 5 4 3 7 5 0 2 8 6 1 3 3 4 6 6 4 6 8 10 1 4 2 5 1 10 1
2 5 0 1 0 4 8 2 2 3 3 3 3 2 7 9 9 4 9 7 7 1 1 9 2 2 5 1 8 6 0 0 2 1 8 7 2 5 6 3 4 9 10 7 4 2 9 1 7 7 10 9 8 1 8 8 4 6 10 5 1 2 5 9 1 7 8 7 0 5 9 7 6 7 6 4 6 9 2 8 1 2 10 0 7 5 0 8 8 7 1 9 2 5 4 10 1 6 3 9
7 8 3 6 0 8 7 8 9 0 10 8 7 4 1 7 3 8 8 6 0 7 4 4 7 7 2 0 8 3 2 6 1 9 9 4 2 2 7 2 1 2 4 0 3 8 2 8 9 9 9 8 2 1 0 3 3 10 6 0 3 8 5 10 7 2 3 6 5 9 6 1 3 5 4 7 7 10 1 10 5 8 6 3 6 0 2 7 7 8 7 0 10 4 3 9 5 3 1 10
8 2 1 2 4 2 9 5 3 2 1 5 6 9 8 9 5 9 4 5 6 8 4 6 6 4 8 1 1 2 7 8 7 6 2 8 4 10 8 3 4 4 3 8 8 3 5 5 9 10 5 0 3 4 2 10 3 4 2 7 8 9 1 0 4 9 3 8 9 3 6 1 2 9 7 5 1 8 1 4 1 1 1 2 8 5 10 5 9 8 3 9 8 3 9 1 0 4 4 10
7 1 4 10 7 8 7 0 2 4 8 3 5 7 1 1 0 0 1 5 1 0 4 9 5 5 9 0 5 10 8 1 8 6 9 7 6 0 0 7 8 0 1 7 2 4 5 9 0 4 7 4 8 10 6 9 8 2 7 6 10 3 8 4 5 5 9 2 8 3 0 1 2 2 7 6 2 6 9 4 8 6 1 5 2 5 8 6 6 1 2 1 1 0 9 9 1 6 10 0
10 0 4 10 6 4 0 2 1 5 1 6 3 2 0 8 0 1 9 5 3 7 7 10 1 10 10 1 7 9 3 10 5 6 0 2 9 6 5 10 2 7 2 10 9 4 10 5 2 4 7 2 2 3 5 10 4 9 1 0 8 0 4 10 0 7 0 6 10 10 3 2 9 3 2 2 2 2 1 2 4 8 0 7 7 0 8 10 2 0 4 9 6 9 6 10 7 10 1 1
6 7 5 7 6 0 5 10 3 4 9 4 3 9 7 2 0 0 1 2 7 8 10 4 1 10 1 9 3 9 8 7 1 10 4 0 5 0 8 0 7 2 2 9 2 8 1 0 6 6 4 1 9 9 0 9 9 6 1 2 9 4 8 3 5 8 4 7 0 5 1 8 5 6 9 5 6 1 0 4 3 5 0 4 1 3 5 8 10 2 9 0 7 6 0 0 7 0 2 0
8 5 2 5 10 1 5 5 0 7 6 6 0 7 6 9 8 3 9 1 8 5 1 0 8 9 0 6 10 9 2 9 10 2 7 1 0 1 6 8 8 10 2 3 2 6 6 0 8 2 3 2 10 8 2 0 6 3 1 1 6 0 8 10 5 7 9 3 4 5 7 3 1 1 1 0 6 2 10 9 9 8 10 8 9 8 2 5 2 5 5 0 6 10 0 10 5 6 7 2
3 10 0 7 7 0 8 7 8 9 4 9 1 3 4 0 0 9 8 7 4 6 5 0 9 4 7 2 7 5 9 5 7 3 9 9 8 3 6 0 0 5 7 4 5 3 3 3 10 3 1 0 0 2 2 10 3 7 8 7 6 2 8 2 7 2 7 3 7 9 8 10 9 6 1 3 0 4 8 5 4 8 2 6 1 4 10 9 5 0 4 10 2 0 5 0 8 9 3 8
2 1 4 1 2 10 10 0 1 4 0 5 6 3 8 6 4 6 1 6 2 5 4 1 9 3 10 8 10 9 8 6 9 10 1 2 3 7 9 10 9 0 10 8 8 4 0 8 8 4 7 0 7 6 8 7 8 3 10 7 4 5 10 9 6 0 9 2 6 10 9 7 7 8 4 0 3 8 4 0 1 8 8 9 2 10 7 5 5 8 7 3 10 0 9 0 5 10 8 9
5 2 10 3 8 6 7 4 0 7 3 3 5 9 0 8 3 8 10 4 0 8 6 6 8 6 7 4 1 6 1 7 7 4 5 3 5 2 4 2 9 0 1 3 5 3 5 10 4 2 4 1 0 1 5 8 2 7 0 4 1 8 0 9 6 3 10 3 4 0 7 10 6 4 3 1 3 1 6 1 3 9 7 9 8 9 8 1 7 6 5 7 2 3 4 10 6 1 10 3
3 8 6 5 4 5 5 0 6 7 0 3 5 0 5 3 0 0 8 3 7 4 10 5 3 8 7 5 6 3 2 6 3 0 3 10 4 8 6 10 6 2 2 10 0 2 9 3 0 9 9 10 10 2 5 7 10 2 3 8 10 0 6 9 0 8 1 5 8 5 4 2 6 1 2 3 7 10 8 9 9 6 9 0 7 3 6 4 7 4 10 7 10 10 6 7 1 10 10 3
2 1 1 10 10 6 1 4 6 7 9 7 4 10 1 9 10 0 0 7 9 6 9 10 8 0 4 6 0 0 4 3 6 0 2 1 7 8 7 5 3 8 0 10 10 2 3 7 0 3 7 2 2 3 9 9 3 7 10 9 3 2 4 6 10 1 7 4 2 5 0 7 5 9 4 10 3 2 2 6 8 2 9 6 9 0 3 7 5 2 3 5 10 0 9 1 3 6 4 3
8 4 9 0 6 8 4 9 5 8 5 5 1 4 4 3 0 10 7 0 1 5 4 2 10 6 7 7 9 10 3 8 0 2 3 5 8 6 4 3 5 7 1 3 10 1 0 2 1 4 3 0 3 6 8 3 10 4 1 2 1 5 0 6 2 7 1 9 3 6 9 0 5 5 4 8 0 8 9 7 4 10 5 9 0 1 0 7 5 0 1 0 8 9 6 0 10 2 4 10
8 7 0 0 10 9 4 7 8 7 3 10 0 5 6 4 9 10 7 3 6 9 6 4 7 1 3 9 4 8 0 1 7 5 2 0 3 9 7 0 8 0 5 5 10 2 6 7 9 0 10 5 10 3 9 10 2 0 2 10 2 1 9 8 1 5 3 0 6 3 0 8 0 8 10 10 6 10 0 7 1 4 2 0 6 0 2 5 7 0 3 9 8 4 10 8 5 5 0 7
4 3 3 9 0 1 9 9 1 5 0 9 6 9 6 9 4 2 10 2 4 7 4 3 6 1 3 5 5 10 3 7 0 3 8 9 8 9 3 6 0 2 5 3 3 0 9 0 0 3 2 6 0 5 0 3 6 6 3 0 1 10 1 1 4 5 3 1 9 9 6 1 1 5 4 5 10 9 6 9 1 7 10 9 6 6 5 10 4 2 10 9 1 1 2 6 7 7 8 3
10 7 0 6 8 2 5 0 1 5 8 9 1 2 1 0 4 8 6 10 0 7 5 2 6 1 6 6 3 3 7 3 5 7 7 1 2 4 5 9 9 8 0 7 5 8 7 9 5 3 4 2 5 8 9 5 0 0 6 3 8 3 6 7 9 9 8 4 9 1 9 10 1 9 4 6 8 4 10 2 8 0 0 2 4 3 7 7 3 9 7 10 10 7 10 8 6 4 7 1
8 6 0 3 1 6 5 5 6 4 5 9 3 0 0 7 3 0 3 0 6 4 8 0 4 9 5 10 3 1 7 5 8 8 5 2 3 2 7 2 8 7 0 10 1 2 6 9 9 1 5 2 1 9 4 4 5 3 2 3 8 8 10 3 10 9 8 7 10 9 2 3 4 9 9 7 2 7 9 8 6 0 10 3 2 1 8 4 9 2 1 8 7 6 10 1 2 2 0 0
0 2 2 7 0 9 6 5 4 3 8 1 5 4 1 6 7 3 10 9 10 6 2 6 1 10 10 0 4 6 3 1 7 3 3 4 1 3 7 0 2 0 3 1 9 8 1 4 9 4 1 3 7 9 5 4 0 1 1 10 4 1 1 6 2 4 1 2 0 6 8 9 4 5 9 7 10 2 1 8 6 3 8 10 5 1 0 3 6 4 4 1 2 10 7 1 0 8 10 10
4 3 4 7 0 5 9 9 2 1 2 1 0 2 9 2 7 5 8 10 2 10 10 6 0 10 10 6 4 5 6 3 7 3 3 6 7 1 10 2 3 9 7 9 10 5 3 5 9 3 2 9 7 6 6 1 7 4 3 9 9 4 2 1 10 1 3 6 0 4 0 1 0 3 6 1 1 9 2 4 1 2 0 2 2 4 1 0 1 7 2 6 10 3 0 3 0 7 10 1
2 1 9 9 1 10 2 2 3 10 2 7 9 7 5 8 3 0 10 7 2 2 9 2 4 4 6 8 2 0 9 1 0 1 3 6 4 6 6 8 3 10 1 1 3 7 2 8 0 4 6 4 1 3 10 4 0 2 2 6 2 7 5 0 0 1 5 0 4 8 10 0 6 9 6 1 2 8 7 4 8 3 7 5 0 3 1 4 0 10 9 8 6 6 0 9 9 9 1 9
5 6 8 5 5 7 10 2 6 0 9 8 10 6 3 7 5 10 6 5 2 0 10 4 0 3 1 8 10 1 8 4 3 2 2 7 6 1 2 1 9 4 8 7 5 3 9 8 2 5 0 5 7 5 8 1 5 0 10 3 10 8 9 6 2 2 8 3 8 1 4 2 3 4 1 9 7 10 1 5 4 10 0 2 5 6 5 10 9 3 2 9 2 4 1 3 1 4 2 10
1 7 5 7 6 0 8 5 2 9 7 9 0 4 4 2 0 10 3 4 4 2 3 10 3 2 8 4 4 8 10 0 6 2 0 9 4 9 2 2 8 5 2 9 6 7 5 5 5 0 2 3 9 3 0 10 6 4 8 2 10 0 1 10 4 7 4 4 10 7 10 7 8 4 7 1 5 5 2 8 7 0 4 5 7 8 3 2 5 5 4 9 2 3 4 4 6 1 7 5
8 4 0 4 7 2 1 0 9 3 8 7 7 7 1 0 9 5 6 1 7 2 10 9 3 10 4 7 3 9 10 9 3 5 2 8 5 9 1 8 2 7 3 1 9 2 0 7 1 1 9 9 9 0 9 0 5 6 10 1 4 5 6 2 3 6 3 5 5 10 3 4 6 9 1 1 8 5 6 5 10 3 8 9 7 2 6 2 7 9 8 7 9 3 1 8 5 1 9 2
7 1 10 3 2 8 8 3 10 3 4 10 10 7 6 6 10 7 4 10 3 2 7 4 1 2 9 5 0 1 7 8 9 8 2 5 8 1 7 0 3 6 8 7 10 5 9 10 8 1 8 8 0 2 3 2 4 10 7 2 2 9 10 8 7 4 9 10 8 0 10 3 2 3 6 7 3 2 6 4 1 9 8 7 7 8 1 1 7 1 10 4 5 2 3 10 8 5 10 9
9 1 0 5 2 6 4 6 0 9 10 3 7 4 5 6 9 1 4 10 9 1 5 2 0 8 2 10 3 0 7 5 8 8 4 3 1 1 4 10 5 0 9 7 5 3 2 9 9 0 10 5 9 5 3 7 0 2 1 8 2 9 0 8 2 8 9 0 7 5 6 6 1 7 5 5 8 3 10 7 2 0 4 0 9 3 4 8 8 8 9 2 4 7 5 10 7 2 2 1
3 4 7 4 4 5 1 9 7 0 7 3 7 2 3 8 9 10 4 6 9 5 3 2 9 6 5 9 1 5 5 3 10 6 6 4 10 6 7 4 10 10 10 7 6 9 8 8 1 8 6 10 4 6 0 0 6 8 4 4 10 2 3 1 8 7 8 0 5 2 9 7 8 7 7 8 7 5 1 10 3 3 10 1 3 9 2 4 6 0 3 0 2 2 3 7 9 7 2 0
10 9 8 2 2 4 3 2 8 1 3 2 5 7 6 4 10 3 9 1 3 3 8 8 3 4 5 4 3 0 10 10 5 7 10 4 8 1 7 10 7 9 2 10 8 5 6 10 7 1 10 0 5 6 6 10 4 7 8 3 4 4 6 7 7 7 2 4 1 9 6 0 4 1 4 4 7 1 1 7 8 3 9 9 1 4 8 9 5 1 3 8 9 8 3 7 7 6 1 4
10 8 6 2 10 8 7 3 4 5 4 4 5 8 9 3 10 4 1 5 2 4 0 0 8 9 2 6 9 2 8 9 6 5 10 6 2 2 0 5 9 9 2 2 10 8 5 5 2 3 4 0 10 0 2 8 1 1 2 9 4 3 3 6 2 1 0 5 6 1 2 6 5 4 8 7 2 0 0 0 2 6 3 0 0 1 6 10 1 9 2 8 6 7 5 9 1 10 7 4
7 6 5 3 5 7 8 5 4 9 3 8 8 0 9 3 6 5 5 8 9 6 4 10 8 10 2 3 10 1 3 2 1 1 9 5 10 0 5 6 0 0 6 4 3 5 2 8 5 6 8 1 9 8 8 4 5 7 0 6 0 8 7 6 1 7 4 3 7 10 10 2 10 7 8 5 0 0 0 10 3 6 4 3 0 9 3 10 3 3 4 1 8 0 8 3 10 7 9 10
0 1 2 10 8 1 6 1 0 2 5 10 6 1 7 3 0 10 3 4 9 3 6 2 0 10 5 5 2 1 6 2 2 5 1 1 8 0 0 1 0 10 3 8 5 9 0 3 0 1 7 5 10 10 0 6 5 8 3 6 4 4 5 5 2 1 6 10 4 3 9 10 3 3 5 6 9 5 3 1 8 6 9 4 1 9 5 3 3 0 9 10 1 5 9 0 5 9 1 5
9 10 3 0 8 7 5 9 2 4 1 8 8 6 6 9 8 3 0 1 10 2 10 8 10 10 10 2 1 6 0 9 0 6 4 2 2 8 9 8 0 4 8 7 10 5 5 8 0 5 0 3 5 5 0 6 4 1 8 8 4 6 4 3 8 0 4 9 1 3 0 5 5 0 0 1 2 4 5 1 5 1 10 1 2 8 9 9 3 4 10 7 6 10 6 10 0 1 10 1
5 3 5 2 0 1 1 9 9 4 1 6 9 9 10 1 0 2 2 3 1 6 7 9 1 6 2 4 9 6 3 2 5 3 1 9 0 3 3 1 8 1 5 9 0 9 7 7 10 0 8 5 7 6 7 3 10 7 0 0 10 1 3 10 1 5 7 3 3 3 5 5 5 6 9 4 7 0 4 3 5 3 5 7 0 7 1 8 6 8 2 9 4 7 6 4 4 0 5 0
9 1 6 1 4 10 3 4 7 3 2 4 5 1 6 0 4 0 7 2 8 9 8 8 3 10 7 2 1 3 6 1 10 6 7 10 9 7 4 6 3 5 4 3 1 4 7 5 6 5 4 3 6 0 6 2 3 6 6 2 3 3 0 0 1 10 6 5 1 6 0 6 6 4 2 4 5 9 10 1 0 9 0 10 2 3 2 8 1 4 4 5 10 9 10 4 9 7 7 2
7 8 2 2 3 7 0 4 5 2 7 3 2 0 2 3 8 1 4 3 0 8 0 5 9 5 2 1 4 5 1 8 5 5 7 8 3 3 9 6 9 2 1 7 2 7 10 10 6 7 10 1 8 0 9 9 8 3 1 8 5 8 4 0 8 1 3 9 5 1 9 3 9 7 10 5 0 9 10 5 7 4 8 0 2 6 0 4 9 3 3 7 10 9 0 0 5 5 0 3
0 9 3 7 8 8 4 5 1 9 1 9 5 0 8 8 1 6 3 5 9 0 0 10 10 3 5 8 2 6 3 1 7 9 1 0 9 2 0 10 1 5 3 1 2 0 2 6 3 3 9 5 1 3 10 5 0 0 10 9 4 1 0 7 10 6 5 6 3 2 9 8 10 6 2 3 5 10 10 4 10 4 7 0 7 5 10 4 10 7 4 2 6 8 10 9 2 4 5 8
0 10 5 8 10 10 4 1 5 2 8 4 1 4 8 9 3 7 4 0 9 4 2 10 9 6 1 1 4 5 7 4 2 6 6 4 10 8 9 2 3 6 9 8 9 2 10 6 4 3 9 3 7 0 9 8 0 2 3 5 6 6 8 3 4 0 5 9 5 9 1 3 0 0 3 6 2 4 0 5 6 10 0 2 0 7 7 0 2 0 0 7 2 7 5 4 4 10 8 2
4 3 4 3 2 2 7 10 2 0 7 3 0 9 5 10 8 5 7 7 1 10 2 2 0 3 5 9 10 4 0 8 8 9 3 0 2 7 9 4 7 3 2 3 8 9 9 10 5 10 10 0 2 5 5 3 1 5 6 6 9 1 8 0 5 3 6 6 5 1 8 3 9 1 4 0 9 3 4 2 5 8 3 6 8 1 4 0 1 9 6 1 6 2 6 4 9 3 7 4
2 7 8 1 1 2 5 5 2 5 4 5 3 0 9 9 5 6 1 3 3 10 0 4 5 4 5 1 6 5 4 5 10 5 4 0 1 10 3 4 10 4 0 8 5 5 7 10 6 10 6 3 5 1 7 7 10 5 10 8 6 4 7 6 9 7 7 0 9 8 2 5 5 3 9 1 6 2 1 1 1 2 9 7 8 3 7 3 10 10 3 0 6 10 1 9 6 0 2 3
10 4 7 0 6 2 0 10 8 3 0 8 2 10 6 5 6 9 9 0 1 7 2 8 6 10 6 4 10 1 7 4 7 1 7 7 1 9 1 8 7 5 6 10 7 7 5 7 8 9 0 9 8 0 2 10 10 7 9 0 6 1 5 5 0 5 5 0 3 2 6 5 4 9 4 3 0 10 2 8 8 7 10 4 5 0 0 7 8 8 0 4 3 6 2 9 6 5 3 3
3 8 0 7 2 9 0 1 1 1 0 1 10 6 6 6 3 8 6 4 3 2 0 3 1 8 0 8 0 1 5 5 4 5 3 10 3 0 1 7 8 10 7 4 4 1 2 7 1 8 3 3 9 7 7 2 1 6 2 10 7 4 6 1 5 1 2 0 9 7 4 8 6 6 10 3 7 4 1 3 10 1 3 4 2 3 5 3 5 7 3 3 1 6 6 2 2 8 4 10
3 2 8 4 9 3 9 9 10 6 2 9 8 6 9 8 1 6 7 2 0 4 4 10 1 7 2 10 0 6 5 7 0 1 10 7 4 1 3 8 10 10 2 9 10 7 3 9 8 5 4 7 10 2 8 6 6 10 7 4 5 6 9 8 10 0 6 8 8 1 7 10 0 6 5 1 4 6 8 6 6 0 1 4 0 0 7 7 3 3 9 0 6 10 7 10 4 3 6 2
10 10 1 5 8 9 6 2 7 10 5 6 4 1 3 0 4 7 4 6 7 9 4 1 4 10 5 3 7 1 10 2 9 9 2 3 4 6 8 10 6 7 2 0 6 8 0 2 3 1 1 9 9 9 1 2 2 10 8 10 9 0 9 9 3 7 8 6 4 1 2 2 8 6 1 9 7 0 2 0 2 5 0 10 9 9 2 2 8 5 1 8 8 0 8 2 10 9 3 6
9 2 2 10 3 4 7 5 0 2 5 3 6 2 1 0 8 0 2 2 0 0 4 6 2 7 3 10 1 10 5 4 6 2 1 2 0 5 4 0 1 7 10 4 2 6 2 3 1 10 0 6 7 4 3 9 2 7 9 2 1 0 8 7 7 0 4 4 5 6 1 9 3 7 1 8 6 0 9 1 9 8 9 9 5 7 5 8 8 9 7 3 3 7 9 0 0 9 8 8
7 5 9 3 7 0 5 0 3 8 2 2 4 3 2 3 9 2 9 10 6 9 3 6 7 10 6 8 10 7 0 1 8 4 8 9 5 2 6 7 10 4 7 1 1 1 8 7 2 3 1 2 10 10 6 3 2 1 9 4 7 1 8 3 9 3 2 7 9 10 5 1 10 10 3 8 2 9 6 7 1 3 5 1 6 3 1 7 4 1 0 8 2 7 3 6 9 4 0 9
7 9 10 3 1 3 9 7 4 9 5 7 0 4 2 5 9 4 1 2 3 3 8 6 0 7 0 10 7 0 10 4 10 1 2 9 1 5 2 2 0 0 3 4 6 5 2 6 0 2 1 10 1 8 10 4 9 10 9 10 8 3 3 5 3 5 9 2 1 5 6 8 9 5 0 4 7 5 3 2 0 9 5 5 3 3 8 4 6 10 3 7 5 6 2 2 3 2 0 9
4 1 10 1 6 10 2 2 2 10 7 7 1 5 6 3 3 3 0 5 6 5 0 7 5 8 0 9 0 0 3 3 9 1 6 8 2 9 0 7 1 4 8 1 4 2 1 1 9 5 5 0 0 5 8 4 10 6 2 1 3 5 8 4 9 10 1 0 2 2 0 2 6 3 2 0 7 8 10 10 4 4 0 4 0 10 8 4 0 3 2 2 1 0 4 8 5 7 8 10
1 0 6 8 6 5 8 8 2 1 5 5 8 6 5 6 0 0 4 6 3 1 4 8 5 1 4 0 6 9 9 0 8 1 6 1 10 3 9 0 3 10 10 10 9 4 3 6 9 7 5 8 3 4 8 4 6 4 5 6 2 4 7 5 10 10 10 6 3 2 0 6 5 1 6 6 6 9 3 2 7 0 0 9 7 2 0 4 3 3 3 9 8 8 0 5 0 7 4 6
5 9 7 1 0 4 0 1 3 2 9 0 8 1 1 0 10 4 10 1 2 1 2 2 1 5 3 7 2 9 9 1 3 6 3 9 9 2 6 7 9 9 7 3 2 10 10 8 2 0 2 0 6 9 1 10 8 7 5 7 6 7 1 5 6 1 8 8 7 8 4 0 9 4 3 8 3 0 8 5 9 7 4 6 1 6 10 0 6 7 4 2 1 9 7 0 0 7 6 2
0 10 2 3 10 6 9 10 4 8 4 9 3 2 1 3 2 7 10 3 10 1 7 2 7 8 9 4 5 2 7 1 7 6 0 8 4 8 9 8 4 8 3 4 0 9 9 9 7 0 8 5 6 8 3 5 0 3 6 3 5 8 4 9 8 10 5 5 6 7 6 0 4 6 10 9 1 3 6 9 7 0 1 6 0 1 0 6 10 0 0 3 3 4 4 9 8 0 5 0
1 4 4 3 5 7 5 4 7 3 8 7 8 1 2 3 1 3 1 2 8 1 5 4 9 6 8 6 4 2 3 3 5 6 6 6 10 8 6 7 4 4 9 6 7 6 7 4 6 0 4 4 5 4 1 3 6 2 2 9 8 0 5 8 6 1 10 0 8 2 1 8 5 1 4 7 2 5 1 8 7 3 5 9 0 3 6 6 8 10 10 7 8 6 5 0 4 7 5 5
0 2 6 10 10 8 2 1 7 8 4 7 4 6 6 9 8 5 1 8 4 1 8 3 5 3 4 3 4 5 4 3 10 10 0 9 9 7 9 4 9 4 10 5 1 3 6 9 9 3 10 9 10 9 6 1 5 5 10 8 9 1 4 10 2 7 5 0 1 0 1 7 4 9 3 4 9 4 0 1 0 0 8 10 9 9 1 2 5 6 8 3 9 5 4 8 0 1 5 2
4 7 0 7 2 1 1 5 7 9 5 5 9 9 3 2 5 9 2 5 0 8 1 9 3 4 0 3 6 5 1 4 8 10 7 9 3 0 7 4 1 9 4 4 8 7 8 7 5 9 4 1 4 6 1 0 10 2 9 3 5 3 9 3 7 7 4 5 4 0 3 2 8 4 3 2 5 8 8 6 3 0 5 1 9 1 5 3 7 2 5 6 6 10 5 5 6 10 4 8
5 4 9 0 3 9 1 4 2 8 9 4 2 4 10 2 9 3 4 4 6 6 3 6 3 0 7 1 6 7 7 9 7 3 4 4 1 5 3 1 3 1 7 5 6 7 9 4 5 5 2 3 10 6 0 1 6 1 3 1 1 7 8 5 3 9 9 0 4 2 5 5 9 6 6 8 9 6 4 0 6 2 3 0 1 0 10 2 2 0 4 7 6 1 3 9 9 4 7 4
9 10 6 7 7 5 6 8 5 4 5 8 1 3 9 6 5 9 7 1 7 8 3 9 8 5 7 4 6 5 10 6 4 8 5 7 9 9 6 4 10 3 7 7 8 2 6 2 10 4 10 10 5 7 2 4 5 1 6 5 6 4 0 5 1 3 0 7 10 1 0 2 5 7 4 5 6 8 2 3 7 3 1 5 6 6 2 1 3 3 10 3 10 9 8 9 6 4 7 2
9 2 6 2 6 10 3 3 7 9 4 5 3 0 10 3 9 2 2 2 6 6 9 1 8 9 2 6 10 9 5 2 5 3 2 6 10 0 2 2 5 6 6 7 6 0 1 5 10 2 6 10 6 8 4 3 5 7 1 1 10 4 2 4 5 8 9 2 6 6 0 4 6 2 9 8 2 7 0 5 3 10 1 1 10 5 6 5 2 0 4 1 9 5 2 1 6 8 3 10
2 4 10 3 6 5 4 0 0 1 9 4 1 4 2 0 8 6 0 8 3 2 0 4 6 5 8 8 6 4 7 6 10 2 2 8 1 7 8 7 9 9 7 8 5 8 9 4 6 0 7 6 3 9 10 6 9 1 9 10 0 9 6 9 1 7 1 7 5 7 0 7 3 9 0 4 2 8 3 2 7 1 4 6 3 1 8 3 3 0 5 7 2 8 3 1 2 7 9 10
1 10 4 2 10 6 4 7 1 0 9 8 4 1 7 3 4 9 3 8 1 8 10 0 2 10 6 2 0 5 4 8 1 10 8 2 0 5 9 1 3 3 9 8 9 7 1 0 0 10 1 1 1 5 3 7 5 8 6 6 10 1 3 1 9 9 3 9 9 7 0 10 6 2 2 10 7 2 7 9 7 9 6 10 8 7 0 8 2 3 0 2 9 1 7 6 8 4 7 6
6 4 9 0 9 8 2 9 6 2 8 7 7 8 3 9 1 6 2 9 6 8 10 4 3 6 2 5 5 2 9 10 1 9 10 1 5 0 5 6 1 5 1 4 1 9 8 2 8 0 8 1 9 8 6 5 8 3 6 8 8 1 9 4 1 7 10 8 4 5 5 2 9 1 2 9 7 2 10 4 8 8 10 1 8 3 4 5 2 4 3 9 2 8 7 3 4 6 10 3
5 1 2 9 3 0 5 5 4 7 4 9 10 6 2 6 9 7 5 9 7 7 2 5 0 9 6 5 7 8 1 5 10 8 9 0 10 5 9 10 7 4 2 1 9 1 6 2 7 1 7 4 3 7 3 0 4 1 9 2 3 3 9 7 7 1 5 5 10 2 4 9 7 1 2 6 0 3 6 6 9 5 3 1 7 4 5 10 2 9 2 9 5 6 1 4 8 6 8 4
10 9 0 6 9 2 3 1 4 5 8 0 7 0 10 7 6 0 9 5 6 6 4 1 0 10 8 1 3 2 5 1 7 1 8 3 5 3 4 0 1 5 10 3 2 10 6 4 3 0 10 0 9 3 1 0 8 5 7 3 7 7 0 7 10 6 3 2 7 3 4 8 5 8 0 6 8 8 5 1 4 0 8 4 3 6 9 10 2 0 5 3 0 9 4 3 0 2 8 8
3 1 2 8 7 4 9 2 2 0 6 2 2 7 2 2 7 3 4 7 5 3 6 1 1 3 4 1 10 0 10 9 0 3 0 0 1 9 10 2 10 0 3 2 6 9 0 0 8 10 10 1 5 7 8 7 9 0 3 0 3 8 1 5 0 1 2 1 3 9 0 8 10 5 2 8 8 9 8 3 8 7 4 8 9 2 3 10 6 1 1 0 10 0 0 7 3 4 9 4
5 5 4 8 0 7 1 1 8 10 8 6 10 4 7 7 4 9 9 3 3 7 7 0 9 8 1 10 3 8 1 10 9 0 4 8 4 6 1 7 4 1 7 2 9 7 8 3 1 2 0 6 8 10 7 9 9 4 8 8 0 8 2 4 0 1 2 9 10 0 4 4 5 5 0 1 8 9 3 1 7 9 4 7 9 4 8 8 4 0 1 7 8 3 10 5 5 10 2 5
9 5 7 2 5 7 8 3 5 5 6 3 9 6 8 6 8 7 9 7 8 4 8 1 4 4 4 4 6 8 7 9 2 9 2 10 6 10 1 9 3 8 3 9 3 8 5 1 3 10 9 0 4 6 3 6 8 4 3 7 7 6 6 5 5 7 5 3 5 5 10 3 2 5 2 3 4 10 10 8 9 8 10 0 6 0 6 2 1 6 6 2 5 2 9 10 7 1 2 0
2 0 7 0 3 2 8 0 0 2 10 10 0 2 10 10 1 5 6 4 7 8 6 7 9 0 8 0 1 6 3 9 4 5 4 8 8 10 9 5 6 6 10 1 5 4 8 0 8 3 5 4 0 3 10 2 6 7 4 4 5 6 10 3 8 3 7 3 3 3 6 1 1 7 1 2 10 6 6 9 2 2 0 6 7 5 6 8 6 10 2 3 4 10 1 9 8 6 6 3
6 8 2 5 2 4 1 9 6 4 0 5 7 2 0 3 7 4 0 5 5 4 7 7 3 2 4 8 4 3 8 2 1 7 7 9 1 8 3 5 2 10 9 1 5 5 10 10 4 9 2 3 8 10 10 10 7 4 7 6 6 2 9 2 7 6 10 1 0 6 9 4 4 1 10 2 7 6 5 4 9 1 6 4 10 5 9 9 6 9 10 5 8 5 1 1 1 5 0 5
7 8 5 8 8 4 6 0 1 4 7 2 6 9 1 1 3 9 10 9 6 1 0 9 9 5 1 1 2 5 0 3 3 8 6 5 2 1 8 5 1 8 2 4 10 4 10 1 0 0 1 4 9 5 3 0 6 7 5 9 7 0 4 4 4 9 2 9 5 1 1 4 6 8 5 10 5 9 7 1 6 3 10 1 6 5 0 10 5 2 7 8 4 4 3 4 5 4 4 2
1 6 4 4 9 1 10 10 6 5 10 7 3 10 6 0 9 1 1 10 6 9 9 10 3 1 9 9 9 2 8 2 4 9 3 8 10 9 8 4 4 6 5 7 10 7 6 9 3 7 10 0 4 4 6 3 6 5 4 5 8 0 5 4 6 3 6 10 5 8 8 2 7 0 10 9 3 6 2 2 2 8 7 8 6 2 1 7 6 3 4 7 7 8 2 7 6 0 8 8
3 1 10 4 3 5 0 7 3 5 9 10 10 2 8 4 3 1 9 10 2 2 6 7 6 0 3 9 6 0 7 10 5 8 3 3 10 8 4 10 0 1 10 7 6 1 0 1 8 6 10 7 10 0 2 7 2 0 7 10 8 5 1 0 5 1 0 1 4 3 7 7 8 5 7 4 5 3 6 5 4 5 10 1 3 7 1 7 5 6 3 3 2 8 7 5 10 10 10 5
0 5 3 4 9 1 4 5 3 1 2 6 2 5 2 0 4 1 1 3 8 10 5 6 1 1 3 10 0 6 2 0 0 10 7 5 4 0 10 8 6 7 1 5 4 6 2 6 10 5 0 5 2 0 2 3 1 9 8 4 1 7 6 2 6 2 3 9 5 7 8 9 1 6 2 1 8 10 3 2 10 7 4 6 4 7 7 6 5 7 9 0 7 7 9 7 3 6 2 1
8 5 9 1 5 4 10 2 8 4 4 4 7 0 1 10 6 6 8 2 1 7 4 6 3 3 6 3 10 9 3 10 9 0 2 0 3 3 10 0 3 2 4 10 8 2 8 0 10 10 1 4 4 2 3 1 9 4 1 9 7 0 8 3 8 5 2 2 10 4 4 7 2 4 2 10 4 5 0 10 10 6 9 8 8 7 0 8 0 6 0 0 4 0 10 8 1 2 4 2
8 9 5 6 9 10 9 8 6 0 6 1 4 2 6 6 6 4 9 4 1 8 6 4 2 1 2 0 6 6 9 7 6 1 0 5 6 0 6 8 4 7 7 9 7 3 8 10 7 5 4 2 3 1 7 0 5 2 5 5 9 3 9 7 4 3 10 5 9 5 5 7 2 0 5 1 5 1 0 3 0 1 4 7 4 5 2 9 5 10 9 1 0 5 3 6 8 7 4 3
1 4 4 1 7 8 4 0 0 2 2 5 7 7 5 10 4 8 0 9 1 1 3 10 1 7 2 8 2 7 9 9 7 2 7 9 1 6 4 4 9 10 8 9 5 8 5 9 0 1 3 6 4 9 1 3 2 6 4 6 4 9 7 4 9 7 6 8 8 6 3 4 2 10 7 10 4 7 10 7 0 4 8 5 8 3 8 7 1 6 7 0 0 5 10 2 9 9 10 5
9 4 6 5 4 10 0 9 0 9 5 0 7 3 0 7 7 10 3 7 4 9 4 7 5 1 8 6 4 8 3 2 1 3 5 0 5 6 3 8 1 8 6 4 6 10 3 6 7 5 6 8 5 9 0 10 9 10 9 1 9 8 2 8 8 4 3 0 0 1 7 1 8 9 2 5 8 7 1 5 6 10 1 0 3 7 8 8 9 2 1 5 0 9 2 0 1 3 1 8
9 10 4 9 7 9 2 0 6 9 7 2 3 4 2 5 9 8 8 5 4 9 9 2 8 9 0 3 8 4 7 1 10 0 10 10 8 7 8 4 5 10 6 9 2 5 0 8 9 7 8 10 0 9 2 6 9 6 8 2 5 6 9 9 0 7 3 8 1 10 5 7 0 1 5 10 10 10 9 9 9 7 3 10 0 7 9 3 9 4 9 5 0 7 2 5 5 2 9 7
1 5 2 5 7 0 5 10 4 4 6 8 3 8 6 4 0 5 2 8 5 1 5 10 9 8 10 4 9 8 8 10 5 9 2 7 8 4 5 3 3 6 0 5 4 5 7 6 9 1 9 3 5 9 2 8 9 10 1 7 0 1 7 7 6 5 5 8 10 2 5 0 2 5 1 3 7 0 4 1 7 1 7 4 9 9 3 6 0 10 5 8 2 9 10 5 5 8 6 7
10 2 7 1 10 5 2 5 1 9 8 1 2 5 6 8 2 0 2 4 8 4 3 4 5 0 1 10 1 9 7 3 1 5 5 9 9 0 5 2 8 3 0 5 3 9 8 10 1 7 8 6 0 8 9 10 0 3 0 5 6 9 1 10 6 10 0 9 7 5 1 0 10 10 7 4 3 1 3 1 5 10 3 9 2 3 3 6 1 6 1 2 2 1 6 4 2 4 8 2
10 1 1 10 6 1 8 8 9 6 1 8 6 2 9 4 4 5 10 2 9 7 6 5 0 9 5 1 9 7 6 7 8 6 1 6 5 9 5 10 4 2 7 2 4 9 1 3 7 7 8 1 10 0 6 7 1 4 3 1 9 4 10 5 6 9 8 6 8 9 9 7 4 5 1 2 4 8 4 9 4 9 10 1 0 10 10 2 8 0 7 4 8 9 3 4 4 6 4 7
9 7 4 7 9 3 10 2 2 4 8 4 9 5 3 7 6 9 8 2 9 2 0 0 9 10 3 5 8 4 4 4 10 0 4 2 10 8 6 6 5 9 3 3 4 0 3 5 9 9 8 10 0 1 8 4 5 6 1 10 0 8 5 0 9 2 4 3 6 7 5 4 8 3 4 3 2 6 8 10 9 10 0 3 5 8 10 2 10 5 10 6 5 0 7 7 0 8 8 5
0 10 4 10 5 5 8 1 9 8 9 8 2 5 5 1 9 0 9 8 10 3 4 2 9 6 4 1 2 10 9 5 5 4 8 2 7 8 9 2 6 9 3 10 4 6 1 8 6 1 3 9 9 1 0 2 6 7 4 4 8 3 10 10 3 5 2 2 2 2 10 9 0 5 5 2 2 1 0 10 7 6 8 7 2 3 9 8 1 0 7 3 0 8 2 0 2 2 8 1
0 9 8 5 4 0 6 7 0 3 10 1 0 6 0 10 9 7 5 9 6 1 2 2 3 10 0 4 8 9 4 10 1 0 2 5 3 3 1 8 1 0 1 4 3 0 5 1 6 10 3 9 0 5 4 2 8 5 8 2 2 4 6 3 0 3 2 9 4 10 4 10 4 4 5 7 0 3 6 9 10 7 1 6 4 5 8 2 4 6 3 7 9 9 0 1 10 1 5 8
3 1 10 6 7 3 5 7 1 4 3 4 10 2 9 2 4 0 2 7 1 4 2 1 4 6 6 9 7 2 7 7 8 3 10 1 4 5 9 1 6 10 6 8 9 1 3 7 5 9 1 9 5 3 1 0 1 1 0 4 0 10 0 9 0 9 0 4 10 9 5 6 1 5 4 0 4 7 9 8 5 6 7 2 9 10 10 4 4 7 8 7 8 0 4 6 5 1 5 5
5 8 7 4 10 5 10 9 3 0 6 0 5 7 3 1 2 8 3 4 9 2 3 0 0 5 4 3 4 6 3 7 0 4 8 10 1 2 7 0 10 1 8 2 1 4 10 4 4 3 9 4 1 0 4 4 10 3 0 7 10 0 1 9 7 6 7 1 6 3 1 2 1 3 5 4 9 2 3 5 0 0 9 4 5 3 9 8 0 1 4 5 8 4 6 3 10 0 4 4
3 7 0 10 7 10 8 0 3 5 8 9 1 5 3 3 4 3 1 9 9 0 7 6 9 3 10 8 4 10 8 1 0 2 9 6 10 0 1 2 6 1 4 5 10 0 1 5 5 1 6 8 9 9 6 4 4 8 3 2 3 8 10 6 4 7 2 10 2 1 4 5 2 6 10 9 5 2 7 5 7 7 7 3 9 2 0 8 4 7 0 9 8 1 5 9 10 8 5 5
6 8 1 10 4 2 2 7 4 9 10 3 8 0 10 8 5 3 4 2 8 1 5 7 1 3 8 10 2 2 10 5 7 10 6 6 6 9 4 10 2 9 6 1 7 8 4 7 3 8 2 6 5 0 1 8 2 5 10 1 1 6 8 5 4 2 2 5 8 6 4 1 0 10 9 2 5 2 0 1 8 5 3 6 5 10 8 0 9 1 6 7 0 9 8 2 7 0 1 3
7 6 10 5 5 5 5 2 6 9 1 10 7 9 6 10 4 6 8 7 1 6 5 5 0 9 6 3 1 10 1 10 9 5 2 5 1 2 8 1 5 5 2 5 3 9 7 0 9 4 9 4 4 5 10 2 4 3 8 3 6 3 3 9 9 4 3 1 1 10 7 5 7 8 6 9 5 9 3 5 9 4 5 6 8 3 6 7 6 6 9 4 1 9 4 7 5 8 5 6
3 4 10 9 2 6 9 9 0 4 8 8 10 1 0 4 1 5 1 7 10 3 5 2 6 0 1 7 2 0 1 6 1 9 5 5 7 10 1 10 7 1 6 8 1 10 4 4 10 6 9 0 9 6 6 7 2 10 10 7 8 2 5 8 1 0 5 1 2 0 1 6 5 8 9 4 3 3 6 1 2 10 5 3 10 3 3 9 9 2 4 1 7 2 0 5 5 6 6 6
9 3 1 0 5 6 7 3 1 4 3 1 6 1 2 5 6 1 4 5 0 6 8 3 2 5 4 7 9 1 9 8 0 10 2 9 1 5 5 5 8 2 10 10 4 7 8 6 0 6 6 1 1 6 0 2 8 5 10 2 0 10 7 1 8 9 9 8 8 3 5 2 3 6 9 6 3 5 1 10 4 3 8 7 4 2 9 5 5 3 9 7 3 6 3 2 6 3 6 1
0 5 0 0 7 0 1 7 7 1 0 5 4 1 8 2 6 4 7 6 4 2 7 5 6 9 7 6 2 4 5 1 6 7 7 9 0 5 10 0 9 2 5 0 8 4 4 3 4 1 1 7 6 7 10 5 1 0 8 7 6 1 8 3 6 1 9 7 6 10 8 1 9 4 4 6 8 4 6 1 10 2 2 4 0 6 10 1 0 10 9 10 9 2 10 9 0 3 4 0
0 9 6 9 9 4 8 9 8 6 0 2 6 1 9 1 3 5 8 5 5 3 10 7 4 2 3 9 5 10 1 4 1 2 9 2 7 3 10 7 9 2 6 6 0 0 6 1 7 2 9 4 10 0 7 5 2 3 8 7 3 6 9 9 0 10 4 7 10 10 7 8 7 3 8 1 9 6 7 6 9 6 6 6 0 6 4 8 0 7 10 10 1 6 5 8 2 10 3 0
8 3 9 4 0 6 0 3 7 10 4 3 0 1 3 2 2 5 7 7 8 6 4 9 3 8 4 9 0 9 5 10 3 5 2 0 6 4 1 0 7 8 9 9 7 8 0 2 1 1 7 5 9 7 8 1 1 4 9 6 8 5 10 8 5 9 7 0 0 5 6 7 10 4 10 1 7 5 7 10 10 1 10 7 7 5 1 10 6 8 6 3 7 2 4 6 0 0 3 3
6 6 8 2 1 8 9 2 0 8 0 10 7 0 3 3 4 3 9 1 10 0 1 2 4 8 3 4 10 1 9 7 2 8 2 2 10 1 10 3 4 9 5 0 6 5 5 5 1 6 0 10 9 0 7 6 1 8 5 4 3 0 10 2 0 1 10 4 7 5 0 10 10 7 0 9 8 6 5 1 7 7 4 9 8 2 7 6 10 4 4 4 1 10 9 10 4 10 0 10
0 7 2 8 1 0 2 10 8 10 6 4 8 2 10 10 2 0 5 1 5 5 5 1 6 10 0 4 4 2 9 7 6 1 6 1 1 4 7 9 0 7 2 1 1 0 9 2 6 4 7 0 3 7 8 8 9 8 1 3 1 7 10 5 9 3 5 4 0 4 9 1 6 5 6 10 1 8 3 5 8 4 7 6 2 6 3 5 0 3 3 10 10 10 8 8 7 10 1 5
4 4 6 5 0 4 5 5 3 9 5 8 1 2 4 0 4 1 8 2 4 0 9 9 8 1 7 4 10 10 10 2 2 8 1 3 8 10 1 1 6 6 3 7 9 6 9 4 5 7 5 1 7 0 8 3 5 5 3 10 6 2 7 1 2 3 0 6 4 8 1 3 4 1 7 8 0 10 3 7 4 1 9 7 10 6 1 1 2 0 10 4 4 0 0 5 10 2 1 0
9 3 4 1 8 8 10 4 3 5 0 6 10 8 9 4 9 8 5 5 9 6 9 0 2 6 1 9 3 6 4 8 7 4 0 6 2 9 4 0 3 2 7 3 0 8 3 4 3 4 7 4 9 6 3 3 2 7 5 4 1 9 9 10 4 2 10 5 1 3 1 0 1 7 1 0 10 5 9 2 0 0 2 0 3 6 1 10 2 2 9 10 5 4 9 4 1 7 1 7
7 1 5 0 9 0 2 3 5 1 7 4 5 10 0 2 5 2 1 1 1 10 10 10 6 4 2 2 3 6 6 0 3 9 9 1 0 6 10 4 1 9 6 2 7 1 3 8 9 0 1 9 5 7 7 4 4 7 10 3 4 1 1 1 2 6 4 5 9 1 5 9 5 10 1 4 9 1 4 3 2 7 4 3 2 0 1 2 5 6 9 7 10 7 0 8 10 10 2 3
8 6 5 2 9 5 8 8 9 10 5 6 4 5 4 6 0 8 7 7 6 1 0 3 9 2 5 2 8 0 6 3 8 2 2 1 9 5 2 3 6 1 1 8 2 9 5 1 9 1 4 3 1 5 0 10 7 4 10 7 9 6 10 1 10 10 4 0 10 8 1 9 7 9 9 0 2 10 3 3 0 4 7 3 9 1 3 1 6 3 3 3 4 10 4 3 0 7 9 0
5 4 9 7 7 5 2 6 3 1 9 9 7 7 9 2 4 4 3 5 7 3 8 4 8 7 5 5 8 1 2 5 5 4 8 2 10 5 6 4 5 9 1 4 0 2 3 6 3 4 5 1 6 6 2 5 3 8 2 5 8 9 4 7 7 7 5 10 2 7 1 6 4 8 5 1 6 4 2 8 8 7 10 3 3 3 2 8 0 10 6 3 4 5 7 6 6 8 7 4
1 8 1 5 2 7 2 8 8 7 10 1 10 2 0 3 5 1 6 2 0 8 4 4 1 7 6 6 2 7 9 10 4 2 9 3 1 2 8 1 9 7 6 10 3 7 7 9 9 0 9 7 1 3 0 1 9 5 0 8 0 9 2 2 8 9 8 5 2 3 5 8 9 7 3 1 4 1 3 6 4 6 2 8 1 8 7 3 7 1 10 7 10 5 5 8 3 7 7 1
2 9 3 5 2 10 6 8 0 3 0 3 3 5 3 5 6 4 8 5 9 7 10 2 10 3 0 8 0 0 6 8 8 6 4 5 6 5 6 10 6 8 6 5 4 7 4 1 5 9 0 8 0 2 3 3 6 0 9 10 0 9 3 1 7 10 3 2 2 3 7 8 1 10 8 10 10 3 2 7 9 2 3 0 3 0 5 0 4 8 9 7 5 9 9 8 6 8 1 3
5 8 1 9 7 4 5 4 2 6 7 3 3 0 2 1 8 0 9 5 2 7 1 7 2 1 8 8 1 4 2 3 3 10 6 9 6 2 0 3 3 0 0 6 1 8 8 8 5 1 2 5 5 2 0 6 5 7 5 1 6 4 8 7 7 4 6 5 9 2 10 7 0 4 1 1 6 6 3 5 2 4 0 10 4 6 2 0 6 5 6 9 1 7 1 10 8 4 0 0
8 8 6 3 9 6 5 2 0 9 7 9 10 5 1 8 3 7 3 3 1 5 1 8 0 4 4 6 10 8 9 4 8 4 7 0 9 3 10 5 10 2 6 1 7 10 1 6 9 3 2 2 1 8 4 8 2 8 3 9 0 1 4 0 9 8 1 8 3 3 10 8 1 5 3 6 8 2 1 2 5 7 7 7 1 5 1 7 9 2 0 2 3 10 9 10 7 3 5 7
4 2 5 4 8 5 4 2 8 4 10 5 10 3 8 5 2 4 0 10 6 9 5 0 6 4 8 0 6 1 7 2 4 3 5 4 10 10 5 6 6 10 4 3 1 4 10 1 8 2 2 4 5 3 7 9 9 0 2 1 10 6 1 5 9 5 0 6 7 5 1 6 6 6 5 0 3 8 3 2 9 0 3 3 8 1 6 1 8 4 6 5 3 8 0 9 8 7 3 3
9 3 2 8 10 9 5 10 1 7 2 4 3 5 7 2 3 0 2 7 1 3 0 9 9 9 10 8 6 9 1 5 6 3 9 0 4 9 10 7 8 7 8 10 7 7 3 0 9 8 2 8 0 10 2 9 5 7 8 9 4 7 9 7 1 8 2 10 3 3 6 6 6 5 6 0 10 9 5 2 7 1 10 4 1 1 7 10 10 0 8 4 9 3 2 6 2 0 7 1
7 6 3 1 7 6 1 5 6 1 8 2 9 0 10 9 3 5 1 7 0 8 8 7 9 9 10 7 0 6 7 0 4 9 6 5 0 4 7 0 3 6 5 9 10 5 0 10 2 5 10 2 9 3 7 2 7 4 3 3 7 1 5 8 9 5 7 3 5 3 9 6 8 0 7 0 1 10 6 5 3 4 10 10 1 0 7 7 4 4 1 3 3 3 5 8 9 9 5 3
5 5 1 7 3 9 8 0 2 10 3 7 10 10 5 2 8 8 3 1 10 7 4 0 3 7 6 2 1 3 2 9 5 5 10 2 2 0 10 10 8 6 9 7 2 2 9 9 10 8 8 5 5 4 9 1 10 8 2 3 7 0 6 9 10 9 2 7 7 1 0 4 7 8 1 3 9 7 10 9 8 2 5 7 0 6 5 10 9 3 8 8 2 5 7 4 7 9 2 8
6 5 9 3 9 4 0 5 10 2 5 2 9 5 5 2 1 0 1 3 1 10 8 8 6 5 4 0 8 9 3 1 7 10 1 2 1 5 10 8 9 9 7 4 0 1 5 4 2 5 7 10 1 6 1 6 1 10 8 3 10 3 4 4 1 5 6 9 3 9 6 10 1 5 8 8 7 3 0 8 1 5 0 2 4 9 4 6 4 0 9 8 1 7 9 10 3 2 5 3
6 7 1 8 1 2 4 9 5 2 6 2 4 2 6 6 6 6 3 0 6 9 1 2 3 7 7 8 10 4 2 5 1 6 1 3 1 3 9 2 1 4 4 0 2 9 10 10 4 0 3 5 7 6 3 4 1 0 7 0 4 8 4 5 4 10 10 6 1 0 0 5 2 5 1 1 10 1 10 3 1 10 0 1 3 0 9 0 8 9 5 6 7 5 3 10 9 7 8 8
9 9 0 1 1 3 4 4 7 4 1 8 6 1 4 9 8 6 7 4 5 4 7 6 8 7 7 0 8 3 5 4 1 2 6 1 6 5 0 7 1 9 5 4 1 2 5 3 7 4 0 7 8 6 3 0 1 8 3 8 4 8 6 4 6 6 10 1 2 6 7 9 7 7 10 8 10 4 2 8 2 5 1 9 1 10 0 5 4 2 2 3 9 8 0 6 1 10 10 7
8 7 6 6 1 8 4 0 9 7 4 8 8 10 6 7 6 7 10 9 6 3 5 5 4 2 5 7 9 6 8 1 1 2 0 7 8 10 10 7 10 1 6 1 7 4 0 3 9 1 8 6 2 5 5 10 10 10 8 2 5 7 8 5 6 7 1 5 10 7 0 5 1 8 5 10 4 6 6 4 3 8 4 3 4 6 9 5 5 2 7 0 8 4 8 2 6 2 9 7
1 0 10 5 3 2 10 2 2 8 5 6 10 3 2 2 2 9 8 8 5 1 2 6 5 3 9 1 10 7 2 5 8 0 6 1 1 7 5 5 5 0 10 0 7 3 1 2 10 1 5 2 0 9 0 2 6 4 6 8 2 8 10 10 9 7 10 8 9 9 3 4 4 3 8 8 2 9 10 6 3 9 0 3 1 3 9 8 0 3 9 2 6 0 4 3 8 9 2 3
9 1 2 2 1 5 7 4 10 1 10 6 7 6 10 9 1 5 0 1 2 6 0 1 10 10 6 10 8 6 6 9 5 4 8 9 7 8 2 8 9 5 0 0 2 3 6 8 6 10 5 2 1 5 8 8 2 8 7 7 8 2 4 0 7 3 1 8 4 1 3 1 7 2 4 9 9 8 5 10 10 8 9 6 10 7 1 1 2 5 4 0 7 4 4 7 3 4 4 10
8 2 9 1 0 8 3 4 5 8 0 0 7 4 9 2 7 4 2 8 0 7 9 9 8 3 8 0 0 10 10 8 3 4 8 0 7 7 0 4 6 8 9 8 9 6 8 0 6 6 3 9 6 8 1 3 8 5 6 10 3 8 9 5 8 5 0 5 3 9 8 10 0 0 3 8 3 3 2 7 4 0 10 1 8 3 5 5 4 3 10 7 7 7 4 1 2 6 10 2
9 0 2 2 0 3 4 10 3 10 8 4 4 4 6 9 9 1 2 9 3 6 1 6 10 10 8 9 0 3 5 8 5 5 8 3 4 2 0 10 9 4 5 1 1 0 3 2 10 5 3 6 4 0 1 1 7 0 5 5 3 3 9 2 10 0 9 6 8 1 4 2 4 6 0 1 0 3 5 5 1 1 9 6 9 2 5 8 3 7 9 6 8 0 0 9 3 0 0 2
10 7 9 4 4 4 7 7 1 9 9 7 10 7 4 9 2 7 0 2 2 5 4 2 9 10 4 6 2 5 10 9 5 9 3 0 7 4 2 1 8 4 0 1 4 5 0 3 5 8 2 2 5 2 10 7 4 9 10 6 2 0 1 0 3 2 10 1 4 7 7 0 2 1 9 6 1 0 0 4 4 9 1 1 4 5 6 9 3 0 8 8 5 0 2 3 4 5 5 2
2 2 4 6 8 5 0 4 10 6 9 6 1 6 5 9 2 6 7 9 2 2 7 0 4 5 7 1 1 4 7 6 3 0 3 2 10 3 2 2 10 4 0 8 8 9 0 0 4 3 2 10 3 5 10 10 9 1 8 3 2 5 9 2 4 9 0 3 5 4 2 8 4 6 7 7 1 0 2 6 9 5 7 9 7 7 2 2 10 5 9 3 6 8 2 5 9 6 3 3
5 2 9 9 8 6 5 3 9 10 3 4 9 9 2 3 1 9 3 6 1 7 2 9 2 0 4 1 7 4 3 3 7 10 2 9 1 0 2 2 8 3 7 7 3 8 5 2 2 6 0 8 6 2 3 10 5 5 2 9 9 2 10 0 5 10 9 2 9 10 4 8 10 7 9 9 5 4 5 7 1 3 10 0 10 6 0 3 2 1 3 8 1 2 9 10 4 4 2 8
6 2 10 4 4 3 9 4 2 7 4 3 10 1 5 7 8 8 10 4 7 10 0 4 1 8 9 7 9 10 2 3 6 3 3 5 5 10 7 7 3 9 9 1 5 0 8 7 7 8 9 4 6 2 9 0 0 10 8 7 1 8 2 1 9 7 7 6 4 6 5 8 8 5 7 2 5 2 6 0 5 3 5 0 9 10 5 9 6 9 3 1 1 10 10 8 2 8 6 10
9 0 3 10 9 9 3 8 5 3 8 0 8 1 5 10 0 6 5 10 10 4 3 4 10 10 0 0 10 3 2 2 4 6 9 2 10 5 10 1 7 6 0 5 5 9 5 10 4 10 2 3 10 1 7 7 2 6 7 9 7 8 9 5 0 1 4 3 2 1 4 4 5 8 8 6 3 7 8 0 4 7 0 2 5 5 2 3 5 2 7 3 1 6 1 5 4 1 0 5
10 10 5 2 7 8 2 0 9 10 7 5 5 8 4 6 0 4 1 0 4 9 6 7 5 5 1 9 9 8 1 1 7 2 10 7 6 6 0 5 5 5 2 9 1 2 2 4 9 8 5 1 9 8 0 3 4 5 10 7 3 4 0 2 4 8 8 2 7 2 7 2 8 7 8 1 3 10 10 9 0 5 1 8 1 9 7 1 2 0 9 4 10 6 4 1 1 10 3 8
6 3 4 4 5 10 3 5 10 0 8 3 8 4 5 7 5 5 9 10 7 9 10 9 0 0 5 0 3 5 6 7 5 3 4 10 0 5 3 9 10 8 2 0 8 8 8 9 1 8 1 3 5 10 8 10 9 7 8 8 0 8 4 7 10 1 10 6 3 10 1 4 5 8 2 5 0 6 8 10 5 1 5 5 4 1 3 1 1 6 10 8 4 9 10 9 6 5 5 3
8 3 5 5 9 3 8 10 9 4 4 3 9 1 2 0 0 7 0 8 1 6 7 9 1 5 10 0 0 3 8 9 8 5 8 0 6 7 5 7 2 2 2 6 10 0 3 9 2 5 4 10 4 7 4 10 1 10 7 1 8 1 6 4 10 2 10 0 5 8 7 9 6 9 8 8 9 4 4 3 5 4 6 10 5 10 8 6 9 7 9 5 9 6 1 2 8 7 8 2
9 10 9 0 10 9 10 8 3 10 0 4 3 5 1 2 0 5 0 0 0 5 7 4 0 5 10 5 10 8 7 0 0 0 4 5 5 8 9 9 6 7 0 0 8 1 4 6 10 5 8 2 6 7 5 6 1 4 1 0 0 9 6 4 0 4 10 7 7 1 6 2 2 1 9 2 10 3 8 9 7 1 9 5 9 0 1 6 5 7 5 2 2 8 1 0 0 8 10 0
7 10 1 9 5 6 2 4 4 0 8 5 1 8 9 2 5 9 6 4 0 3 8 8 8 2 5 9 4 9 2 7 2 8 9 6 4 5 0 8 0 2 3 8 3 3 3 10 3 8 2 3 10 9 0 5 6 8 10 7 1 9 5 2 8 2 9 9 7 2 9 4 10 7 7 5 8 9 0 9 9 6 1 9 9 3 10 6 3 3 1 4 0 6 5 5 4 10 9 4
0 5 8 3 8 2 3 3 1 6 3 0 6 10 1 1 5 10 10 6 3 1 4 7 7 3 8 3 8 1 9 7 5 8 1 5 9 2 4 6 4 1 9 1 6 4 0 7 3 5 4 3 1 8 3 7 9 7 5 6 9 7 7 4 3 8 3 10 8 2 1 3 9 10 3 0 6 8 8 2 8 1 1 8 10 2 4 5 9 7 8 6 10 9 8 1 5 5 3 8
67 3
5 28
62 50
25 98
72 28
