1000 30
1 143 38
1 436 66
436 255 34
143 477 15
255 247 13
477 91 25
1 945 58
143 943 30
255 84 69
143 375 48
91 185 28
247 746 87
746 60 60
943 735 52
943 870 6
185 936 30
477 275 96
275 897 1
143 862 29
735 389 16
897 277 56
735 136 43
84 397 94
870 643 63
60 153 66
255 204 6
735 697 27
945 772 43
746 611 30
255 323 26
60 76 25
397 471 30
60 121 3
375 483 53
746 347 97
1 711 24
436 334 61
60 910 20
204 17 94
143 610 68
643 701 43
643 437 55
697 272 17
701 664 59
247 604 43
1 741 33
436 720 92
436 280 40
272 450 45
701 8 28
91 736 12
735 666 45
483 760 21
697 725 26
121 705 98
664 858 24
701 163 17
121 190 13
121 146 27
272 801 31
697 353 60
483 58 37
858 867 77
272 820 96
8 279 71
483 872 14
163 868 78
275 179 6
136 956 73
801 194 63
705 804 75
956 75 14
84 164 67
153 952 76
897 871 53
353 837 15
643 92 21
664 731 14
280 531 30
943 100 18
146 879 36
179 989 34
146 950 40
531 634 62
397 920 22
92 884 86
164 305 61
872 835 40
375 690 80
952 41 72
610 11 73
121 198 44
936 869 88
869 35 41
943 935 18
163 31 21
323 398 92
397 529 17
75 427 45
92 256 47
198 694 53
275 373 15
190 771 34
611 88 44
334 951 20
375 982 45
471 714 53
389 775 36
664 433 98
884 148 61
41 790 86
801 440 20
76 113 86
153 883 60
705 269 66
113 467 49
694 370 41
31 708 83
705 349 68
920 751 87
347 892 92
483 963 35
467 631 23
956 745 36
862 540 98
153 314 87
697 909 28
121 175 65
136 618 93
870 445 95
314 585 34
483 139 28
531 998 57
11 377 100
871 834 87
334 660 67
76 816 20
194 886 22
869 6 22
775 515 62
909 340 56
879 50 59
275 282 57
735 754 99
664 541 50
879 794 59
136 383 40
450 418 61
604 384 47
84 807 24
139 253 97
701 286 63
746 82 94
867 109 58
148 893 44
697 582 39
868 995 71
31 193 85
8 798 71
35 874 29
92 640 80
445 395 59
282 42 77
91 499 68
35 236 82
807 876 60
477 514 85
84 668 45
694 369 9
883 37 45
837 306 78
963 34 54
893 875 31
277 590 27
697 825 24
190 388 77
935 644 46
634 232 75
631 23 5
164 698 48
893 415 36
876 527 15
697 408 32
193 544 50
384 81 17
804 130 43
585 3 81
585 718 94
751 717 37
84 104 16
634 955 27
790 890 20
384 802 30
347 535 97
541 839 87
870 948 23
585 53 3
100 513 94
871 882 99
50 818 26
427 980 88
60 981 61
190 552 68
701 556 83
875 447 78
834 987 68
731 206 93
104 295 79
775 331 32
634 110 7
280 127 70
295 671 92
867 49 17
136 485 10
143 999 79
136 56 34
418 593 54
148 908 38
868 207 100
146 846 77
760 689 69
49 635 84
81 678 83
340 512 34
60 309 88
253 500 84
690 428 72
876 813 81
232 69 63
23 645 6
255 325 24
428 828 10
790 669 86
286 656 50
804 978 18
640 693 66
50 328 70
981 723 50
725 517 11
656 239 17
798 257 26
347 748 7
862 20 78
206 696 88
331 681 77
353 532 32
723 429 85
84 131 82
871 435 92
645 957 6
875 942 9
148 496 51
643 525 20
75 283 33
204 497 35
239 591 31
485 189 1
253 676 61
876 614 25
131 19 70
280 350 94
886 675 5
834 965 46
701 941 47
634 679 21
164 30 3
206 528 75
175 13 10
943 240 53
325 964 27
945 218 42
256 670 52
544 800 94
269 809 24
198 524 12
389 90 23
269 574 97
874 144 82
31 273 17
428 814 84
694 626 32
369 824 69
440 177 38
800 792 51
746 461 71
500 208 82
384 114 85
515 390 58
723 455 96
824 934 48
835 774 77
879 74 12
671 607 49
305 476 67
314 572 73
247 680 57
146 303 87
610 250 13
879 386 54
395 704 19
144 195 91
76 921 87
909 627 84
909 414 6
886 54 28
941 105 38
604 918 75
328 225 81
471 838 95
987 339 43
664 101 49
656 501 75
286 472 23
74 216 63
104 492 2
280 937 51
273 442 32
634 392 19
717 246 85
978 988 46
935 249 81
988 71 20
153 784 84
127 776 81
618 439 98
375 307 49
280 996 73
886 650 85
377 44 13
858 214 22
286 243 80
497 788 10
13 298 12
798 609 78
824 423 56
104 479 12
105 970 9
437 719 42
660 602 34
121 400 74
572 219 48
996 237 81
461 157 100
634 344 66
945 586 63
90 546 78
670 898 62
91 182 57
660 183 19
121 728 73
987 960 60
942 407 61
650 337 18
309 651 12
198 811 79
398 196 85
980 652 11
182 45 97
127 233 33
257 335 75
45 578 52
514 975 41
868 787 43
471 97 37
720 738 82
110 290 38
680 228 44
607 27 61
678 122 51
219 977 15
331 155 9
839 346 6
305 365 16
604 422 34
875 946 15
514 699 96
609 901 15
918 822 82
822 842 85
69 724 21
250 107 79
279 32 59
909 7 55
981 829 87
185 209 42
708 160 37
400 63 52
607 151 74
472 673 47
513 128 16
92 21 18
822 311 30
501 703 50
829 401 41
703 503 81
440 536 52
593 385 71
63 695 84
898 361 28
689 516 86
339 118 75
340 927 23
477 402 20
965 212 93
503 785 6
790 162 79
340 547 74
811 416 7
347 923 19
708 200 57
370 254 11
23 296 61
591 629 69
652 623 10
927 223 70
283 449 69
350 235 20
346 481 69
153 686 39
472 692 57
921 739 25
27 688 19
247 38 94
225 55 22
42 992 75
146 534 14
701 993 90
875 758 70
392 782 74
813 89 6
437 438 77
995 267 86
666 806 16
593 28 39
38 877 19
963 171 50
55 262 29
935 43 94
820 4 96
987 781 86
418 317 96
131 67 58
109 925 77
822 270 95
952 14 57
951 706 92
383 319 25
171 434 33
280 912 34
751 111 46
92 462 65
128 573 100
838 372 18
776 135 18
135 636 11
307 997 38
256 630 6
280 170 95
17 632 74
434 238 35
3 972 40
644 563 67
375 769 6
741 985 55
785 137 21
233 39 47
418 663 50
49 684 81
160 70 94
349 98 83
704 96 5
101 971 62
183 926 67
920 142 95
883 315 96
27 504 73
353 878 58
890 324 50
190 197 89
811 93 5
989 914 8
923 167 97
735 490 53
660 856 28
91 819 79
790 474 50
148 341 82
741 642 44
772 169 70
197 215 87
233 57 70
975 430 51
688 795 2
423 156 89
782 293 8
643 761 3
370 87 100
208 338 75
874 817 80
980 562 99
999 737 64
3 120 92
377 133 63
910 830 92
910 333 76
965 51 1
437 744 40
476 103 71
314 205 55
214 507 83
430 949 7
198 486 28
839 600 87
525 396 59
223 617 56
556 596 75
679 931 8
298 597 63
218 78 4
604 522 54
591 519 35
183 230 27
137 542 8
286 326 67
254 969 59
90 366 23
698 460 37
690 420 24
820 115 4
626 294 41
170 727 90
507 484 29
975 907 85
151 558 19
386 710 48
255 677 23
985 783 29
294 756 59
218 832 98
544 68 98
350 488 77
798 577 73
645 316 74
697 580 40
190 510 29
995 234 39
337 124 98
445 906 19
503 165 9
718 22 26
120 77 12
517 545 89
483 836 96
88 221 79
798 763 24
978 808 53
28 523 100
582 304 17
835 659 73
492 291 53
8 674 87
884 498 75
190 394 57
522 986 70
960 518 33
596 399 24
614 12 94
273 549 87
531 833 10
162 665 86
3 465 45
901 887 89
98 713 14
422 565 20
975 740 12
293 251 43
623 336 62
808 259 85
21 245 61
795 765 86
339 755 100
486 919 88
389 543 24
54 117 34
776 766 94
801 967 22
602 352 60
795 757 85
430 598 14
784 166 63
471 313 27
751 264 26
219 657 73
552 387 9
611 424 64
236 789 77
279 174 6
816 203 8
941 284 93
198 881 66
993 412 15
41 363 76
208 639 48
552 621 98
807 845 16
713 491 37
44 36 68
153 489 82
920 248 23
892 187 76
545 647 88
740 241 53
38 583 19
70 413 78
423 367 56
474 329 49
353 902 81
785 441 43
298 446 83
727 33 40
344 1000 4
164 579 92
664 864 41
389 46 15
395 145 66
811 448 1
34 979 46
499 588 2
558 786 16
588 149 79
185 289 73
982 961 40
822 62 50
397 161 32
703 767 25
142 966 34
203 271 50
204 180 3
886 345 1
467 301 4
583 410 58
369 393 23
366 382 8
617 355 71
440 608 54
501 880 93
513 891 75
918 649 30
688 721 65
110 622 59
418 480 35
639 821 69
325 302 68
30 468 25
970 555 39
429 409 86
986 799 84
669 356 3
237 493 35
856 938 18
39 364 73
424 916 13
488 281 94
806 292 26
580 65 6
977 327 51
340 962 80
245 592 75
781 108 94
33 554 19
427 444 30
663 487 33
719 551 15
311 268 8
182 606 12
486 297 36
43 404 86
11 478 35
804 752 93
438 860 93
468 220 48
204 403 37
804 125 66
294 625 27
23 459 61
927 411 44
695 603 1
864 568 7
498 184 14
282 99 64
484 928 90
645 244 61
878 495 51
50 357 58
3 217 58
920 52 41
763 482 45
858 944 85
562 633 40
498 861 69
962 911 59
410 933 94
519 381 91
311 274 78
479 709 66
588 159 33
337 581 43
677 348 83
345 431 91
70 106 88
517 330 42
460 61 58
334 587 8
325 841 95
886 466 8
77 929 3
289 873 79
429 805 77
942 823 96
121 850 78
546 213 46
423 150 69
680 726 55
71 378 85
892 895 42
995 715 49
490 176 51
836 453 20
488 953 51
221 847 9
666 564 82
565 857 76
416 533 58
918 734 33
698 475 9
681 770 19
735 793 72
680 362 45
867 260 89
758 322 74
446 457 100
964 691 17
27 26 80
811 559 64
714 924 54
800 211 40
392 605 86
422 231 47
434 915 18
294 803 100
269 730 93
525 624 31
75 342 56
336 505 93
397 827 56
931 844 78
981 419 92
122 683 9
625 973 85
157 263 6
372 831 47
691 616 25
915 954 12
884 812 27
263 318 54
189 571 59
799 376 44
704 601 13
280 210 68
196 266 47
479 64 74
96 749 31
793 548 21
161 469 41
274 112 15
755 508 95
858 567 42
206 759 97
243 454 94
230 178 86
531 849 100
657 86 96
546 406 36
454 154 94
362 391 16
271 191 79
142 917 15
378 147 59
106 371 51
232 443 43
957 66 44
472 421 30
182 550 9
412 615 90
730 732 100
98 682 1
551 576 22
644 584 94
798 595 8
43 894 12
783 733 30
969 73 64
811 569 50
869 566 82
934 312 72
302 80 69
790 729 61
275 258 4
910 405 27
725 15 75
430 959 71
445 840 25
124 762 74
415 722 100
167 530 8
530 359 8
159 451 1
322 994 32
840 473 97
890 132 3
295 968 36
861 848 87
244 494 73
578 16 21
529 123 34
67 199 25
324 40 21
704 773 99
634 797 70
376 904 79
421 119 9
951 826 13
480 612 9
465 983 64
156 560 8
709 742 24
62 173 40
875 224 95
531 72 51
870 974 63
738 192 62
390 599 91
114 470 39
198 432 81
212 201 39
31 321 36
433 168 49
973 425 60
968 575 95
887 47 13
554 700 40
125 863 48
635 242 50
13 287 95
476 667 10
596 141 36
194 320 47
386 79 5
722 685 19
966 59 96
270 889 48
484 853 7
207 29 34
485 940 4
933 332 93
29 276 33
979 939 55
421 641 16
915 922 27
207 791 4
437 152 19
321 594 58
387 310 20
68 502 54
602 511 3
131 9 98
104 619 84
757 796 97
600 358 75
736 620 97
999 854 19
286 990 3
228 521 61
495 202 29
711 570 80
581 265 22
66 780 74
284 589 66
242 655 98
641 526 35
924 653 20
453 288 2
376 958 93
542 186 71
925 638 2
485 672 37
761 984 96
146 561 45
479 753 9
875 764 95
793 991 57
153 553 89
53 463 99
363 158 28
988 229 25
951 374 48
962 662 50
837 687 50
237 48 98
728 810 12
776 750 39
182 226 19
787 452 40
389 539 42
401 743 88
946 866 40
840 779 55
282 778 27
362 851 34
121 537 1
651 702 19
834 932 6
230 134 96
316 661 10
27 222 28
383 380 92
822 188 22
455 843 52
347 83 77
952 865 12
719 140 32
156 456 60
377 628 31
970 278 91
145 126 43
732 888 78
864 976 91
342 859 30
383 658 43
554 648 84
544 768 12
910 343 39
484 538 41
303 464 97
467 300 86
843 712 32
4 458 59
272 10 7
596 308 81
182 2 57
969 520 44
220 899 85
48 181 69
44 85 25
904 557 56
763 747 32
62 852 86
724 95 4
915 360 12
1 368 42
735 509 61
627 896 70
534 947 21
631 299 60
238 707 29
240 900 76
76 5 1
780 116 58
890 129 77
195 613 84
557 354 41
11 646 4
571 102 38
723 379 4
111 351 11
337 18 2
208 506 23
419 913 42
886 903 51
974 94 95
371 637 20
198 138 51
772 285 34
659 24 93
791 252 42
378 716 95
566 905 44
318 261 12
348 855 8
112 172 85
685 885 13
554 426 41
323 417 10
114 777 29
278 227 34
982 930 91
281 25 97
344 815 25
388 654 100
854 675 892 436 41 290 182 84 104 565 19 259 729 223 680 455 550 885 463 45 464 520 897 466 768 698 325 97 871 619
