1000 200
1 374 58
374 73 93
1 401 79
1 601 52
601 561 7
1 15 69
73 812 87
1 585 92
374 813 82
15 997 33
997 75 8
73 205 47
15 771 9
75 995 90
75 142 21
771 887 75
887 981 19
585 245 22
374 462 56
601 62 93
561 544 41
995 781 100
1 203 42
995 972 93
972 716 38
205 938 7
73 920 4
62 900 86
75 408 67
938 682 18
142 543 28
462 466 65
462 191 10
920 396 43
396 778 63
997 560 78
73 379 48
245 398 86
401 202 68
398 767 15
245 921 7
398 513 5
398 508 78
716 974 26
203 435 16
900 842 82
921 179 86
716 394 41
513 175 36
396 654 12
716 697 22
767 249 56
394 927 18
191 917 61
601 41 72
995 453 93
654 960 100
938 21 88
997 232 38
601 565 24
249 222 7
245 445 48
887 535 55
453 490 38
544 656 75
445 777 91
682 300 90
813 932 16
771 428 39
179 301 43
544 209 55
445 57 88
654 20 35
301 990 34
544 3 43
394 176 76
654 131 13
175 729 92
232 259 68
932 107 8
3 965 30
131 447 38
938 340 48
972 752 29
812 211 33
777 426 100
920 241 9
842 552 96
995 151 65
62 144 66
920 954 37
490 609 7
374 577 20
716 623 68
938 293 26
654 768 29
812 837 77
232 247 77
62 499 22
601 145 13
777 755 27
300 297 96
654 87 50
447 839 29
144 774 23
211 58 24
131 528 39
561 805 60
394 2 79
729 876 45
682 262 5
1 29 63
107 638 42
960 187 8
601 198 48
585 905 73
191 924 84
142 922 61
812 670 63
374 463 3
544 613 87
887 936 96
176 279 8
682 337 35
398 743 85
463 109 47
75 773 55
565 784 74
73 292 52
463 684 14
755 731 53
131 267 26
684 982 58
544 586 26
917 373 79
75 79 56
743 803 54
79 417 42
922 886 57
812 42 4
57 91 58
222 673 86
613 60 10
245 362 11
203 816 91
684 460 65
396 43 14
20 474 84
673 934 79
585 416 42
373 576 88
743 745 75
682 879 48
191 395 7
460 909 96
292 722 1
623 303 11
3 797 17
453 48 44
21 595 85
997 711 55
29 736 82
176 14 90
466 882 91
879 12 77
58 95 78
144 964 30
778 925 57
211 331 23
187 389 85
774 764 76
191 307 23
623 541 71
362 870 10
187 147 21
408 420 1
990 630 95
731 666 96
682 188 50
716 246 4
995 747 18
925 534 89
784 840 88
921 190 76
62 461 12
541 881 80
428 809 45
151 833 25
179 939 44
577 794 82
773 531 80
816 459 92
997 311 67
459 296 9
463 354 24
107 850 41
697 602 97
565 725 40
401 488 26
777 302 47
839 986 27
921 81 77
211 665 80
752 594 38
331 510 39
389 631 91
670 639 4
303 540 95
15 99 24
936 478 85
175 691 67
176 497 93
586 44 6
209 480 52
736 50 51
99 455 24
609 127 75
20 831 99
331 285 5
932 334 81
682 90 59
745 871 64
656 749 9
716 315 32
722 899 12
302 56 31
490 821 93
58 16 46
531 265 7
95 355 85
768 570 94
840 593 85
246 356 60
1 592 74
743 156 75
816 113 10
373 795 28
62 93 96
416 9 34
831 511 20
684 703 47
508 23 75
631 571 25
3 626 41
743 269 68
301 97 39
23 556 37
144 468 81
95 826 61
561 955 63
900 129 11
665 849 69
982 120 100
982 470 78
920 969 94
882 5 77
474 177 98
749 116 32
401 554 23
571 321 4
826 694 1
331 628 55
755 469 20
95 734 84
416 473 92
156 676 16
394 919 21
778 549 44
453 724 51
267 451 52
462 667 21
469 344 36
426 10 83
460 266 44
177 305 43
15 381 100
747 158 45
886 391 31
144 815 41
771 627 44
20 791 11
266 713 38
809 242 46
459 34 54
876 915 5
725 343 92
934 184 36
513 557 46
716 894 98
389 450 28
932 141 40
296 908 34
396 847 84
771 39 99
311 822 81
398 564 8
285 500 53
145 223 25
198 807 77
131 947 46
490 281 34
654 52 57
570 728 16
774 635 91
781 449 95
488 828 4
881 290 100
900 702 69
23 45 52
768 126 7
480 808 61
694 721 74
428 946 58
602 688 64
50 597 27
594 662 66
821 289 98
129 502 32
932 206 28
39 830 25
190 378 44
954 411 55
12 916 16
126 63 79
245 814 41
417 992 2
627 385 51
426 806 67
981 429 76
462 4 46
665 225 90
460 817 65
145 256 37
981 456 51
549 392 22
301 742 85
343 27 6
73 118 61
147 6 13
729 698 39
557 101 75
724 486 6
279 476 66
543 962 37
915 906 1
808 360 94
571 277 44
292 169 29
29 674 6
731 47 95
713 263 58
997 878 44
297 212 69
435 78 84
878 885 46
395 856 38
830 658 66
73 136 97
688 603 67
635 820 76
920 122 18
724 352 61
337 324 31
90 430 45
849 134 73
289 481 67
52 551 18
177 80 45
658 832 18
627 309 71
151 598 55
639 363 35
445 181 55
101 575 7
822 790 20
343 600 39
658 866 56
556 353 51
549 105 41
187 108 26
5 224 34
373 306 94
879 255 53
781 700 94
688 110 19
667 294 85
99 625 76
575 693 48
833 993 54
381 522 50
324 786 41
728 66 63
887 518 39
682 458 85
831 477 59
134 234 43
768 659 53
34 942 48
626 578 79
908 984 27
151 880 8
557 442 25
187 159 82
262 650 64
343 492 78
768 72 12
809 49 53
894 862 17
797 74 90
159 664 22
292 89 15
670 218 93
430 438 4
915 931 25
557 163 84
881 913 82
916 69 14
551 792 26
544 717 30
862 677 33
460 168 54
849 525 29
922 192 22
176 695 48
343 501 50
797 11 60
502 472 37
919 467 32
411 798 47
43 244 26
45 351 58
736 13 24
266 194 65
560 589 17
44 376 90
438 657 52
924 96 46
311 440 52
561 61 29
301 338 30
946 567 72
784 164 42
924 740 96
887 823 51
570 897 84
110 775 23
534 616 35
513 704 64
565 482 47
267 457 44
89 388 82
792 566 82
684 701 79
176 180 97
508 937 88
73 712 36
158 584 71
561 829 70
344 295 6
554 33 8
885 82 48
440 869 83
795 918 29
134 119 32
931 36 78
416 370 15
897 383 73
469 377 41
654 844 33
74 789 61
817 493 68
882 940 82
81 167 78
936 896 56
232 412 74
477 100 24
156 102 98
866 911 54
209 236 4
972 943 4
887 505 63
701 683 96
662 327 66
388 143 90
385 349 25
540 178 69
734 675 99
222 818 34
755 884 4
478 254 62
95 945 8
492 977 98
938 183 43
109 761 34
809 512 40
177 325 31
57 910 55
3 431 89
245 854 13
729 7 69
9 562 29
52 951 33
667 77 90
701 515 6
6 174 59
977 836 22
564 384 56
297 328 23
50 536 73
906 507 48
455 152 45
910 516 66
585 76 7
224 663 23
993 125 84
578 320 9
794 288 32
107 214 42
667 646 59
56 314 70
856 645 18
497 762 34
792 92 13
528 580 23
29 827 64
552 165 1
807 448 52
960 633 59
459 137 24
965 848 78
2 310 25
584 304 71
331 591 26
324 83 33
355 422 11
254 484 4
905 366 45
379 406 100
447 776 45
296 838 47
456 258 45
93 154 16
635 437 65
795 754 6
411 746 7
456 642 46
837 858 68
597 346 91
224 590 28
896 35 81
807 863 77
838 901 17
924 681 74
613 64 83
241 98 42
633 421 26
147 433 27
905 636 86
638 414 66
478 393 82
459 782 74
179 824 55
64 692 43
474 30 90
768 106 20
33 237 11
525 587 7
460 846 73
840 65 95
635 581 49
749 399 35
924 28 26
677 799 18
11 610 56
997 617 1
681 699 8
478 864 17
259 94 19
497 851 11
670 868 33
356 270 82
849 112 81
829 708 22
303 865 71
211 282 60
771 215 55
639 889 97
324 961 8
540 140 90
592 517 2
591 434 52
463 763 68
320 410 26
886 173 31
627 956 98
922 641 17
14 103 57
854 286 19
141 53 3
838 208 45
265 213 12
36 914 8
262 872 79
144 912 79
147 739 82
603 653 15
505 368 92
435 382 5
43 904 24
564 690 5
920 365 49
900 524 3
306 427 70
878 248 35
946 898 14
112 759 86
667 471 30
460 162 37
906 358 12
592 572 81
657 498 46
828 785 29
945 787 80
467 386 6
472 748 71
939 111 27
493 958 34
880 375 28
972 744 2
645 596 79
39 902 92
667 985 92
109 769 61
597 618 82
77 709 47
795 971 68
717 407 60
211 611 81
872 558 33
303 802 46
103 874 99
782 197 74
4 980 1
887 22 39
383 968 14
916 326 17
438 185 37
300 88 78
457 573 40
585 723 72
183 274 24
445 235 29
209 952 39
830 888 26
968 714 50
522 369 25
480 364 42
48 770 84
141 538 50
577 40 97
728 521 43
16 276 72
628 527 77
626 825 28
177 605 8
110 322 5
468 361 90
974 923 18
203 811 46
914 890 50
72 24 13
97 966 95
939 444 24
327 439 100
3 719 51
376 859 40
237 689 13
865 801 25
466 715 60
872 634 56
611 574 3
858 342 53
938 841 44
689 706 24
162 186 12
602 371 84
401 153 100
993 661 82
270 193 55
35 732 48
923 347 29
3 843 2
939 519 2
879 621 29
556 907 30
376 614 31
181 620 95
499 720 80
878 948 53
909 51 79
186 852 29
364 132 40
851 933 91
22 935 2
554 425 54
106 970 53
411 227 93
35 104 22
570 464 32
645 313 7
12 257 37
905 312 49
869 853 24
570 135 20
799 308 35
744 680 45
131 855 11
140 672 94
836 726 9
383 542 97
536 166 49
262 751 95
515 800 56
41 195 86
440 252 69
519 860 4
807 788 33
277 182 87
617 226 83
809 810 84
771 19 8
948 861 32
659 738 16
844 220 71
848 350 25
326 737 89
858 991 72
914 727 65
21 317 50
140 495 18
531 506 94
62 380 74
657 133 76
290 520 33
795 359 17
549 779 75
626 54 48
732 563 46
948 555 36
964 272 90
242 479 86
884 387 32
34 504 12
14 86 88
163 432 49
145 796 30
641 668 29
781 323 19
777 648 14
531 989 62
484 875 20
544 928 6
527 124 46
517 229 82
145 367 70
563 348 40
1 547 1
792 983 17
700 647 70
44 758 25
792 38 61
252 390 12
882 299 9
775 84 93
209 619 34
194 446 4
661 160 93
815 409 71
492 465 64
571 400 19
525 780 27
296 975 93
518 405 33
22 559 90
626 114 12
701 533 25
869 329 72
227 660 13
166 207 70
72 953 5
586 261 62
565 606 59
408 150 22
803 273 92
881 926 85
876 548 22
409 231 25
948 268 89
922 284 74
848 336 63
982 253 96
306 845 9
375 487 79
328 251 50
972 987 29
997 483 55
158 893 15
229 339 44
767 264 46
455 271 24
989 509 49
99 475 93
3 415 11
894 32 82
296 291 12
259 615 22
296 423 87
527 793 78
389 949 55
136 529 64
325 219 33
746 705 73
563 287 87
773 318 86
405 123 6
153 298 66
817 485 7
296 239 79
369 765 92
531 640 1
790 652 60
738 685 13
665 950 4
10 834 62
602 678 73
878 891 92
245 783 99
206 730 56
29 335 83
943 757 68
841 637 2
282 200 95
111 959 44
304 424 25
662 539 89
662 201 41
897 718 51
560 138 97
225 883 99
49 278 63
510 161 34
674 671 27
432 171 70
114 68 20
116 996 75
554 999 44
297 550 25
177 532 84
97 443 15
812 583 6
288 228 36
44 514 54
9 403 50
934 357 91
878 8 59
801 233 70
393 454 59
823 607 28
518 526 78
533 973 31
109 624 86
132 753 28
103 243 64
328 998 29
515 988 22
82 418 84
817 963 31
126 333 43
592 70 38
626 189 32
592 280 38
435 345 92
107 772 98
502 579 75
506 419 17
387 599 31
499 441 31
177 71 16
626 741 20
233 260 76
248 545 82
808 707 49
395 494 100
35 530 45
395 766 28
376 316 37
701 46 29
443 372 12
962 582 98
803 967 5
785 67 94
411 696 21
222 568 44
568 330 23
884 622 32
168 413 7
44 216 13
732 760 26
312 31 50
543 217 54
473 149 1
106 204 45
51 804 22
894 37 7
120 756 45
810 895 85
185 404 97
751 59 14
276 17 93
766 139 54
592 632 38
847 877 37
145 735 67
127 18 14
423 489 87
736 436 96
182 903 61
19 612 69
943 978 47
315 994 4
714 26 38
699 679 28
628 644 45
556 25 26
521 930 77
112 569 13
244 629 43
37 819 16
285 121 67
169 319 28
441 146 48
650 546 92
345 941 62
756 649 93
448 341 87
472 687 50
327 238 36
865 957 13
403 835 18
884 686 21
204 157 21
967 221 12
813 669 86
823 397 27
225 733 8
270 117 56
515 250 28
219 199 18
912 332 59
744 172 48
348 283 57
913 651 24
637 608 25
204 604 77
616 857 78
369 115 41
394 170 82
9 553 64
997 1000 83
464 148 70
699 85 95
511 867 48
314 275 72
801 929 62
13 402 26
677 155 31
399 210 57
339 128 78
25 710 43
638 452 76
961 873 3
960 655 70
736 230 71
62 496 54
290 503 75
989 491 94
500 588 47
218 55 43
918 979 57
738 643 5
35 130 65
343 240 68
762 196 41
970 976 54
441 944 51
966 537 3
564 892 48
624 750 40
677 523 8
421 219 620 577 809 961 571 183 540 511 13 460 201 581 439 135 529 736 92 834 209 259 689 156 423 701 488 686 243 343 899 907 132 560 208 450 787 200 562 652 336 679 481 871 552 107 513 553 378 173 202 578 979 10 25 740 794 872 662 412 642 226 630 270 394 461 735 904 650 167 74 27 925 84 636 5 799 502 315 524 596 452 810 572 85 255 535 711 491 837 78 304 298 310 685 589 432 986 730 16 690 494 477 87 389 832 458 631 763 252 64 141 937 870 628 783 397 525 154 758 512 3 641 520 748 833 666 108 805 220 368 855 360 73 406 125 598 61 574 364 196 867 640 419 592 361 414 790 612 429 166 980 817 590 369 651 181 702 249 791 705 843 76 178 94 779 624 803 335 284 36 472 314 102 8 425 517 946 294 802 218 387 669 191 952 661 906 707 877 263 229 160 692 23 742 845 932 698 392 963
