1000 500
1 491 25
1 795 20
795 993 78
491 676 26
676 945 2
945 314 75
491 399 23
314 326 10
314 29 86
399 370 63
370 478 81
676 577 54
314 348 100
1 321 87
1 726 30
314 664 18
321 855 78
795 155 27
855 644 14
577 519 62
664 682 96
726 526 5
519 654 42
370 467 29
795 604 86
370 483 26
483 985 60
483 487 66
478 293 57
348 239 66
726 600 27
239 286 92
945 196 72
795 653 10
653 151 23
321 403 52
664 304 11
399 500 40
478 555 26
985 7 31
487 260 11
945 210 29
664 560 87
682 652 80
321 521 2
726 567 33
467 116 80
652 988 83
196 443 95
560 919 88
988 434 67
321 383 86
29 925 98
314 202 32
487 761 45
567 238 86
314 8 70
560 119 28
321 914 12
500 940 3
993 276 56
467 488 92
403 946 11
260 267 86
467 815 21
267 687 21
443 204 63
687 437 67
286 545 35
7 341 88
555 953 65
383 207 37
652 774 91
774 754 94
925 418 75
600 415 18
644 298 82
155 428 17
500 641 86
321 357 97
925 703 79
545 732 45
286 704 80
687 978 58
988 476 13
267 309 45
207 968 69
988 689 15
488 480 1
293 19 16
519 409 55
467 930 8
978 20 93
321 666 80
978 133 83
286 554 88
304 128 50
641 498 6
20 602 46
488 426 94
437 245 59
641 2 39
437 767 75
7 462 90
754 775 12
993 157 53
664 910 90
968 32 58
988 140 88
483 883 64
985 639 17
428 651 83
687 48 34
140 702 94
403 873 3
993 78 42
487 4 29
260 878 92
157 398 85
48 219 77
48 111 91
930 683 18
314 742 41
754 101 66
676 942 63
855 209 50
78 905 84
478 353 45
207 394 23
341 356 1
968 344 30
20 675 90
545 36 73
32 739 61
403 220 66
651 54 5
641 609 70
133 420 88
245 716 48
267 177 41
795 230 86
775 28 89
151 199 25
480 970 39
905 802 76
1 121 76
267 735 32
426 450 14
993 747 98
604 546 61
29 176 67
519 290 71
945 850 90
850 541 97
953 531 14
554 811 46
919 900 79
450 313 21
675 579 20
498 413 54
878 50 49
993 733 55
111 42 46
344 513 83
609 621 46
238 504 58
20 72 11
905 299 47
873 505 37
462 25 88
600 258 31
276 362 1
483 766 20
119 287 68
177 744 31
426 113 89
919 839 2
210 616 58
900 511 10
651 880 90
344 444 87
450 244 70
420 670 78
258 382 1
761 288 62
541 916 68
313 190 22
641 565 57
128 952 41
560 141 83
682 624 45
314 706 2
113 472 13
78 595 45
946 547 3
498 359 33
428 518 85
914 976 91
676 164 70
19 620 28
703 692 79
988 53 27
930 608 15
555 971 44
78 391 7
945 284 29
609 871 48
260 208 1
276 606 41
702 261 86
742 614 31
245 983 84
513 233 19
900 369 30
304 607 17
519 269 71
176 466 4
309 433 47
703 966 80
443 407 76
407 294 68
609 522 41
19 769 86
706 849 75
1 808 90
716 375 20
299 197 29
204 760 39
675 448 81
293 352 39
602 820 29
208 322 44
910 822 57
560 224 53
48 660 31
418 389 27
409 368 83
321 828 65
36 573 64
919 340 45
478 186 2
567 743 24
946 996 24
157 657 28
357 642 34
258 939 5
942 18 26
547 69 45
624 367 41
121 422 71
29 435 76
940 149 73
743 768 19
299 912 30
359 475 27
919 603 34
519 185 95
116 845 9
609 188 24
399 442 25
407 64 6
811 787 71
624 712 32
313 465 17
993 626 16
653 784 47
726 804 87
739 339 53
245 181 7
369 124 87
54 88 61
940 658 64
609 888 82
945 378 24
820 183 63
985 630 65
871 643 33
651 425 3
78 270 54
500 327 40
716 335 58
368 447 63
476 882 56
151 228 1
687 10 2
802 806 98
322 58 12
415 26 68
873 90 36
787 200 1
25 992 42
437 860 18
50 755 52
579 14 42
314 949 90
983 365 25
739 646 18
880 240 43
483 497 6
14 316 86
418 112 86
119 838 68
202 575 95
157 535 93
29 396 77
683 892 79
383 866 62
726 990 48
822 697 67
326 95 69
428 543 21
113 571 7
322 79 35
313 640 62
642 569 96
378 533 47
630 320 81
828 628 82
467 671 53
815 810 56
642 484 71
339 998 52
335 416 34
14 372 96
422 366 40
569 872 61
850 455 12
141 256 50
687 612 68
651 736 86
569 659 10
577 16 47
290 601 51
914 596 69
732 73 54
416 390 84
483 47 62
420 289 7
314 901 38
766 965 48
140 243 21
444 371 92
810 661 74
533 100 29
726 770 4
787 1000 55
418 859 51
682 724 58
760 856 81
183 841 55
766 457 54
616 82 9
181 854 29
620 130 62
675 411 72
362 445 98
288 328 68
543 812 23
573 529 82
176 752 86
372 115 18
341 508 1
390 520 46
683 12 72
25 5 36
478 745 12
769 471 68
641 789 4
706 741 39
872 106 66
856 305 78
547 572 54
289 956 53
411 485 90
812 858 31
434 330 71
370 191 68
200 972 19
383 460 33
747 796 90
628 927 68
1 762 57
111 544 25
910 291 83
460 395 81
371 226 76
256 129 64
652 677 54
914 967 9
802 994 53
925 410 71
845 277 91
810 885 98
965 627 54
554 297 51
687 182 50
858 924 48
754 987 56
398 847 22
141 162 86
769 663 91
519 495 11
621 22 42
326 342 73
434 266 12
370 105 92
900 836 52
601 879 75
859 463 43
480 494 82
888 977 74
511 264 66
181 388 94
353 723 44
892 756 63
675 74 21
573 711 42
565 234 10
711 229 99
850 346 88
604 825 11
357 947 95
353 777 13
620 496 14
105 578 48
299 254 51
244 962 30
188 907 94
992 550 88
188 527 42
64 257 18
128 419 7
25 161 44
577 785 97
463 667 50
398 417 56
641 237 63
286 851 73
410 31 71
942 477 81
48 771 33
513 118 44
357 827 2
162 525 89
724 587 78
544 758 43
912 296 43
741 592 10
82 610 66
284 783 84
624 43 90
654 317 27
777 678 42
370 893 78
885 33 89
609 285 86
983 699 44
916 44 86
229 984 22
10 556 86
587 117 7
258 623 98
769 17 77
22 132 91
428 816 66
543 562 61
603 173 13
508 13 11
872 172 89
984 805 22
541 468 2
155 818 49
371 979 40
390 673 94
508 37 12
498 613 63
455 192 58
796 895 71
42 881 72
519 934 32
287 83 35
927 625 95
660 438 30
316 655 57
353 898 97
802 253 95
519 59 88
871 749 46
571 528 30
879 848 91
697 474 69
172 461 63
768 380 66
33 634 65
774 617 46
871 597 77
888 39 88
749 668 31
541 734 80
500 830 87
496 824 68
900 586 77
370 843 29
20 523 38
836 272 13
497 875 2
854 436 33
983 861 59
243 929 50
673 615 38
326 833 23
293 402 27
808 585 89
284 310 30
164 906 47
382 515 47
859 941 50
664 708 24
651 819 48
1 336 87
606 311 89
31 955 93
573 377 4
702 759 23
535 753 78
79 832 52
623 559 78
79 147 61
494 446 38
747 791 89
784 909 58
309 524 53
402 798 61
192 997 88
871 874 37
924 731 20
304 489 66
802 453 49
357 247 14
787 722 78
43 936 35
677 363 42
848 263 58
936 306 33
759 995 96
673 817 82
140 534 7
260 355 64
17 648 61
495 582 26
426 232 29
818 552 25
640 86 8
946 684 66
824 167 48
356 343 16
391 532 23
86 255 97
962 807 63
724 158 26
47 198 1
965 81 15
370 540 44
682 89 77
893 46 32
723 629 53
293 938 99
185 384 57
843 77 55
513 440 80
491 387 69
14 62 88
402 259 56
644 120 23
587 404 65
317 145 80
892 982 59
985 215 76
699 844 75
474 691 59
228 449 6
998 757 18
335 842 44
440 737 15
89 581 1
839 223 4
449 205 92
224 813 12
668 187 78
849 315 18
237 917 87
145 633 11
161 427 95
966 863 99
124 40 89
515 423 79
752 51 24
155 797 3
909 539 75
74 727 17
335 549 62
559 126 95
4 631 14
848 242 52
607 867 93
202 764 33
44 517 22
994 295 75
962 794 80
925 538 88
655 300 34
595 846 14
760 458 67
416 452 24
531 980 84
946 376 67
294 165 63
533 61 50
387 34 19
290 862 66
471 932 74
716 323 89
648 950 44
901 80 62
101 280 41
939 989 43
761 837 19
164 679 31
100 512 24
272 349 25
805 274 97
313 265 56
298 221 4
655 598 86
176 301 9
202 159 85
494 922 5
702 632 80
912 35 40
552 136 23
19 431 94
100 334 54
228 558 24
901 71 49
299 738 41
749 163 10
320 959 68
445 583 99
366 516 21
842 146 44
614 354 86
670 740 15
947 249 53
917 542 90
468 852 39
871 131 24
37 329 32
496 175 47
878 499 12
284 96 6
837 27 72
207 865 92
465 109 31
79 594 13
949 605 25
463 896 31
427 831 36
934 637 52
819 432 43
571 464 83
457 913 56
328 672 16
540 168 34
191 773 93
597 104 61
29 400 100
578 781 16
289 180 74
42 408 84
815 166 96
210 750 93
256 201 70
610 227 75
513 492 71
64 915 13
436 894 97
467 312 11
767 41 58
812 401 78
516 23 93
415 66 52
290 144 21
478 553 87
418 709 13
349 21 31
410 713 78
7 154 38
785 217 55
666 619 19
372 903 29
722 584 30
844 636 54
131 999 93
287 216 37
844 645 13
359 779 59
664 99 25
851 963 82
807 430 76
873 788 86
999 337 58
23 650 81
620 75 14
407 135 59
812 638 11
398 87 67
188 902 69
296 60 33
488 194 35
353 123 83
113 864 1
998 563 14
724 292 24
762 125 41
292 97 93
140 150 57
132 92 92
7 68 96
96 302 23
423 358 89
442 886 98
422 870 25
447 725 30
976 189 78
988 576 77
133 171 62
913 70 53
239 674 55
395 695 70
912 246 26
946 84 72
302 981 15
476 441 70
815 792 68
916 799 68
432 720 77
645 203 66
267 537 82
850 890 10
697 899 59
42 325 71
183 143 15
86 406 47
400 853 2
37 332 15
726 179 81
457 877 61
745 206 49
197 730 56
871 790 26
630 152 27
742 510 40
654 481 7
888 564 38
522 9 85
619 944 5
51 611 20
573 486 82
96 786 92
792 451 33
370 986 14
477 509 92
722 557 7
753 15 9
388 918 11
430 530 89
323 392 88
759 91 80
12 803 54
532 921 13
84 222 65
363 49 96
59 319 40
603 829 1
864 469 12
19 580 38
515 52 45
597 236 3
321 793 73
146 884 69
125 748 97
407 717 72
675 63 37
783 493 29
992 373 20
100 412 31
661 225 9
420 482 72
179 728 55
818 911 80
143 710 57
930 780 95
607 814 49
376 937 56
846 662 60
272 635 8
743 506 81
526 958 91
354 262 81
810 869 63
471 951 63
426 169 89
750 6 19
648 30 71
487 134 36
449 991 91
451 338 22
848 361 46
978 834 34
162 137 43
217 649 25
531 591 52
77 772 80
753 680 77
59 24 64
597 891 65
410 211 32
672 589 48
735 278 16
884 561 27
648 599 24
46 868 96
352 960 54
299 566 68
68 826 93
839 114 83
59 574 64
338 459 77
50 102 27
36 688 7
596 345 44
32 501 67
433 975 27
563 590 29
224 156 89
96 98 50
554 551 24
291 108 9
753 324 37
808 778 68
633 160 38
878 920 2
346 85 36
197 686 95
229 694 83
521 386 56
344 700 28
423 656 53
783 479 41
177 351 1
741 729 88
29 973 44
398 56 46
940 969 40
206 333 28
839 178 66
818 701 58
485 954 17
351 622 45
960 110 59
460 93 69
352 935 5
919 503 89
401 705 2
332 696 42
855 840 13
151 308 3
432 67 92
157 122 8
919 593 33
495 776 38
973 273 4
100 707 65
12 933 44
642 715 36
229 568 92
623 809 68
457 11 51
554 782 57
868 439 40
73 473 6
229 279 79
634 214 8
154 588 8
31 454 53
351 931 54
573 507 91
380 718 89
780 139 30
670 470 20
734 693 85
240 364 20
537 107 58
643 57 12
152 65 74
416 241 65
476 94 3
773 397 88
188 213 17
731 3 29
472 928 39
90 823 62
867 218 39
654 669 40
528 698 85
341 350 84
353 957 21
144 719 26
903 961 77
533 948 44
163 908 40
543 414 29
335 714 7
408 763 56
62 103 67
191 385 43
917 429 18
543 252 38
774 271 58
87 690 76
461 283 87
669 379 63
468 268 18
344 751 36
327 212 77
539 55 47
734 184 43
438 174 62
725 231 95
697 251 23
905 926 5
894 456 18
466 248 73
364 897 82
763 647 83
327 618 71
286 570 71
550 405 27
425 374 73
458 765 85
565 381 45
88 282 69
651 170 59
847 195 88
369 721 3
200 514 18
483 548 27
405 887 33
575 821 93
915 347 80
467 746 74
514 76 47
842 502 88
594 153 84
833 307 90
705 681 13
681 876 52
437 393 74
790 490 14
921 138 14
528 45 23
178 857 28
262 964 69
569 424 52
10 303 78
624 148 39
937 685 86
137 281 47
423 536 61
623 421 88
530 250 51
649 331 37
454 318 84
427 127 63
853 38 74
521 835 18
977 665 11
971 923 50
626 142 8
790 801 92
924 360 36
308 889 88
6 235 19
288 904 97
582 974 16
537 943 33
182 193 36
690 275 23
841 800 82
108 757 462 606 19 24 987 893 500 704 806 443 732 815 804 77 611 745 869 660 316 696 517 332 339 388 871 213 630 261 877 700 286 492 605 386 911 398 214 126 266 926 495 565 208 138 168 755 921 94 633 858 822 859 334 5 658 778 378 355 91 890 262 850 793 282 643 684 600 966 104 433 802 738 439 811 254 941 203 819 13 169 50 868 814 302 680 457 197 673 853 587 712 346 924 782 756 464 632 221 770 404 39 963 382 740 920 903 305 505 516 909 194 317 536 306 311 284 114 974 821 800 148 498 873 737 585 829 769 969 551 225 115 343 421 870 879 162 803 58 293 314 967 326 233 591 57 766 649 727 923 55 824 31 942 908 198 932 839 312 695 132 288 483 201 369 231 171 217 93 255 998 510 796 899 151 772 149 979 405 165 895 813 555 548 570 177 512 66 722 771 612 487 572 678 856 739 232 707 581 791 85 914 952 475 204 490 348 235 699 309 265 366 748 249 894 847 514 562 958 23 494 999 331 925 444 258 866 307 656 671 843 634 470 399 497 435 919 594 152 825 367 296 137 714 396 945 783 616 479 142 593 158 790 886 469 799 990 775 777 951 320 416 731 980 860 270 125 939 377 47 368 698 375 652 37 216 763 848 79 240 642 549 743 749 888 694 650 929 837 661 2 313 985 959 11 188 423 682 304 552 922 63 411 746 335 554 742 968 947 419 530 438 798 425 644 964 154 26 82 239 588 395 437 422 687 774 601 118 299 285 147 180 482 614 131 854 973 744 328 268 971 274 211 187 619 298 542 944 747 645 385 753 613 615 450 900 835 571 276 322 465 387 701 248 655 576 786 14 676 955 271 432 290 350 706 780 855 40 590 226 220 533 912 412 728 99 513 144 528 723 499 478 849 697 776 666 764 883 891 962 575 117 426 64 471 120 689 418 535 109 636 867 330 349 195 146 785 101 163 185 561 76 864 897 219 927 547 145 244 960 852 4 582 567 245 669 141 792 816 134 726 88 354 202 983 371 801 686 474 12 709 677 573 540 708 503 809 545 9 246 119 875 461 181 938 741 452 559 428 190 155 527 702 127 991 403 539 397 78 310 622 243 976 564 35 87 75 720 840 199 931 342 122 65 357 599 841 33 496
