63 50
1 50 4
50 20 27
20 51 38
51 9 66
9 60 93
9 33 97
51 4 74
4 54 79
4 45 44
20 58 62
58 18 63
18 22 94
18 42 7
58 19 4
19 30 57
19 32 36
50 59 3
59 40 10
40 48 13
48 52 25
48 35 52
40 53 26
53 5 37
53 11 69
59 57 5
57 31 39
31 49 2
31 6 91
57 10 18
10 44 97
10 8 13
1 25 74
25 56 75
56 29 2
29 16 39
16 28 20
16 34 98
29 2 64
2 7 98
2 37 42
56 12 26
12 24 12
24 21 35
24 38 84
12 13 67
13 36 91
13 61 20
25 62 69
62 39 1
39 43 84
43 55 93
43 27 4
39 17 9
17 63 30
17 15 72
62 23 66
23 3 20
3 26 25
3 46 56
23 47 90
47 14 73
47 41 20
60 33 54 45 22 42 30 32 52 35 5 11 49 6 44 8 28 34 7 37 21 38 36 61 55 27 63 15 26 46 14 41 12 40 10 59 62 4 50 29 57 25 48 56 9 18 31 24 3 20
