100 10
1 56 80
1 63 99
56 76 49
76 99 46
1 41 42
63 5 18
5 94 36
5 20 58
99 85 2
56 29 49
63 79 41
99 15 62
94 69 72
41 23 21
76 54 68
85 16 64
63 17 6
20 86 87
5 70 74
76 67 30
29 52 44
99 95 76
15 32 18
20 100 13
86 92 99
29 93 69
85 98 18
93 50 3
20 74 98
99 19 64
16 45 48
70 81 64
29 7 42
17 66 59
100 84 85
98 88 81
20 14 86
84 64 10
45 6 92
69 30 74
6 43 87
92 65 80
43 46 24
66 78 44
7 68 9
100 71 91
95 34 86
41 22 13
7 35 56
67 38 93
70 75 10
30 36 72
7 61 80
95 77 2
16 89 7
19 90 61
7 9 21
38 51 48
6 53 75
29 8 69
95 2 49
64 42 43
7 55 65
76 49 13
71 25 78
89 26 15
78 80 82
43 18 87
98 24 71
34 39 33
22 47 15
67 73 73
1 96 37
34 72 82
42 40 62
39 12 98
8 31 61
96 21 96
80 59 99
22 87 48
8 37 18
72 27 68
22 13 100
43 83 60
52 62 45
31 82 50
67 28 41
17 10 97
56 97 93
20 4 92
2 57 81
36 11 16
11 60 84
65 48 18
63 33 71
22 3 63
96 58 31
96 91 87
52 44 87
65 39 17 23 62 53 74 87 81 20
