100 1
1 71 54
71 38 77
38 41 87
41 57 34
57 89 39
89 54 98
54 25 50
25 65 45
65 79 80
79 44 36
44 63 25
63 9 97
9 83 92
83 74 79
74 91 7
91 55 40
55 2 42
2 92 74
92 97 27
97 85 1
85 69 78
69 95 42
95 39 6
39 15 61
15 45 60
45 28 48
28 76 2
76 14 54
14 82 15
82 90 26
90 100 100
100 37 68
37 46 2
46 61 38
61 30 1
30 34 93
34 84 87
84 11 3
11 13 37
13 64 66
64 36 38
36 52 14
41 3 91
3 77 95
77 19 95
19 50 84
50 72 85
72 78 87
78 5 75
5 96 77
96 8 79
8 80 68
80 98 70
98 27 69
27 12 59
12 33 62
33 58 61
58 68 55
68 40 55
40 88 54
88 87 55
87 51 46
51 6 44
6 81 46
81 47 39
47 48 38
48 21 35
21 53 29
53 29 27
29 7 28
7 59 20
59 20 20
20 31 23
31 17 11
2 73 28
2 66 8
15 42 60
42 99 63
42 24 81
15 22 16
22 93 71
22 18 95
40 94 68
94 70 75
70 10 71
70 26 52
94 62 5
62 49 68
62 67 1
40 32 24
32 16 77
16 4 16
16 23 24
32 56 30
56 75 3
56 35 44
10 60 99
60 86 43
60 43 74
81
