1058 385
1 951 94
951 111 94
111 692 93
692 308 91
308 160 93
160 626 92
626 134 94
134 690 93
690 949 91
949 973 95
973 439 95
439 262 92
262 756 91
756 220 95
220 792 93
792 658 94
658 496 93
496 38 91
38 349 93
349 654 94
654 425 91
425 348 91
348 648 94
648 651 93
651 703 93
703 538 94
538 659 95
659 462 92
462 303 91
303 608 94
608 873 92
873 310 93
310 314 91
314 839 92
839 513 93
513 396 94
396 277 92
277 13 95
13 1020 95
1020 993 93
993 561 95
561 785 92
785 891 93
891 1026 94
1026 587 92
587 827 95
827 962 91
962 677 93
677 957 94
957 436 93
436 257 95
257 272 95
272 507 94
507 854 93
854 355 91
355 376 91
376 666 95
666 1018 94
1018 572 93
572 182 94
182 74 93
74 19 92
19 498 91
498 1012 93
1012 9 92
9 493 92
493 643 95
643 63 94
63 887 92
887 908 92
908 99 92
99 1004 95
1004 804 94
804 350 92
350 10 93
10 29 94
29 923 92
923 89 92
89 1013 92
1013 215 91
215 164 95
164 712 91
712 721 94
721 391 91
391 1015 92
1015 1035 93
1035 501 95
501 687 92
687 210 91
210 390 91
390 116 91
116 20 94
20 167 93
167 883 95
883 699 95
699 799 93
799 341 92
341 177 94
177 812 92
812 625 86
625 188 86
188 319 83
319 716 83
716 298 85
298 820 85
820 483 84
483 1010 87
1010 235 85
235 126 86
126 945 87
945 452 84
452 42 83
42 619 86
619 976 83
976 347 84
347 915 83
915 1024 86
1024 894 84
894 919 83
919 332 87
332 781 85
781 758 86
758 24 83
24 6 85
6 446 86
446 734 83
734 782 83
782 1001 85
1001 420 85
420 599 87
599 713 84
713 636 84
636 632 83
632 708 83
708 543 85
543 629 86
629 674 85
674 374 85
374 416 84
416 249 83
249 360 84
360 300 84
300 75 84
75 168 83
168 267 85
267 992 84
992 777 86
777 482 87
482 433 86
433 602 87
602 843 86
843 516 87
516 3 84
3 321 87
321 911 83
911 719 87
719 22 86
22 204 86
204 288 83
288 129 83
129 807 86
807 1027 85
1027 661 85
661 127 87
127 131 85
131 597 85
597 878 84
878 363 86
363 765 83
765 586 84
586 679 87
679 384 83
384 71 86
71 872 87
872 304 86
304 701 87
701 594 84
594 259 85
259 209 87
209 282 86
282 780 83
780 106 84
106 698 83
698 793 84
793 1000 84
1000 412 84
412 749 87
749 810 85
810 471 83
471 435 83
435 12 86
12 195 87
195 1023 84
1023 571 87
571 326 85
326 890 85
890 562 85
562 429 87
429 995 83
995 239 75
239 399 79
399 863 78
863 705 79
705 290 78
290 1039 77
1039 617 78
617 479 78
479 118 79
118 387 79
387 241 77
241 955 77
955 451 79
451 95 79
95 746 78
746 611 79
611 353 78
353 952 78
952 163 77
163 61 79
61 200 78
200 46 78
46 434 78
434 270 76
270 741 78
741 858 76
858 553 78
553 564 78
564 185 76
185 726 76
726 997 79
997 380 75
380 800 75
800 751 78
751 623 75
623 283 79
283 100 76
100 644 78
644 181 75
181 707 78
707 966 78
966 846 76
846 317 79
317 165 76
165 940 76
940 788 76
788 743 79
743 581 78
581 549 75
549 706 77
706 97 78
97 819 79
819 605 79
605 324 75
324 798 78
798 208 77
208 816 79
816 318 77
318 580 76
580 110 76
110 7 79
7 754 79
754 836 77
836 838 75
838 115 76
115 990 76
990 135 77
135 463 77
463 141 75
141 438 78
438 902 79
902 285 76
285 172 75
172 40 79
40 615 78
615 469 75
469 218 76
218 1005 75
1005 684 76
684 530 75
530 907 78
907 94 78
94 922 77
922 65 77
65 336 78
336 34 76
34 886 78
886 475 76
475 367 77
367 525 75
525 441 76
441 855 77
855 213 78
213 481 77
481 323 75
323 566 75
566 1042 79
1042 987 78
987 822 76
822 903 71
903 96 67
96 299 68
299 775 71
775 961 71
961 660 71
660 491 70
491 83 67
83 423 71
423 488 69
488 397 69
397 329 69
329 286 67
286 5 67
5 941 67
941 724 70
724 766 69
766 988 69
988 101 67
101 763 69
763 166 70
166 963 71
963 114 71
114 66 68
66 325 70
325 568 69
568 795 67
795 646 71
646 39 69
39 287 69
287 926 70
926 981 67
981 334 70
334 407 70
407 138 67
138 90 70
90 768 69
768 41 68
41 573 68
573 1036 67
1036 769 71
769 389 69
389 170 70
170 455 67
455 422 68
422 691 69
691 653 69
653 174 71
174 808 70
808 383 70
383 511 69
511 1017 69
1017 986 70
986 865 67
865 248 70
248 470 67
470 237 70
237 486 69
486 369 69
369 709 67
709 444 71
444 851 68
851 783 68
783 268 70
268 853 70
853 774 68
774 759 71
759 122 71
122 520 70
520 624 71
624 510 71
510 950 70
950 16 69
16 258 68
258 443 68
443 280 70
280 211 70
211 86 71
86 381 68
381 655 69
655 595 67
595 558 70
558 1032 71
1032 896 69
896 489 69
489 424 68
424 105 69
105 601 67
601 193 71
193 696 70
696 535 71
535 120 69
120 876 70
876 84 68
84 125 70
125 675 69
675 1045 68
1045 21 70
21 852 68
852 770 70
770 73 62
73 630 63
630 69 60
69 681 60
681 803 60
803 918 60
918 983 62
983 727 62
727 404 60
404 227 63
227 426 59
426 296 59
296 972 60
972 544 62
544 161 61
161 888 63
888 937 62
937 582 62
582 740 59
740 606 62
606 1049 59
1049 315 59
315 652 59
652 1046 63
1046 148 63
148 603 63
603 78 59
78 199 60
199 745 60
745 844 61
844 735 61
735 194 62
194 811 59
811 276 61
276 539 62
539 137 63
137 25 63
25 385 60
385 216 62
216 607 63
607 152 63
152 892 61
892 830 63
830 731 60
731 157 60
157 366 59
366 294 60
294 502 62
502 87 63
87 26 63
26 550 60
550 591 59
591 80 59
80 882 59
882 201 62
201 1030 62
1030 730 62
730 557 63
557 339 61
339 1025 62
1025 2 63
2 857 59
857 151 61
151 430 59
430 243 62
243 910 63
910 552 62
552 897 62
897 31 63
31 437 60
437 518 62
518 297 63
297 898 61
898 35 60
35 787 60
787 254 60
254 155 61
155 206 61
206 702 59
702 776 59
776 76 59
76 293 59
293 393 60
393 187 63
187 547 60
547 524 62
524 545 61
545 925 62
925 791 61
791 43 59
43 275 61
275 49 61
49 301 63
301 140 62
140 938 60
938 14 62
14 133 61
133 173 63
173 189 59
189 169 53
169 32 55
32 874 53
874 1008 52
1008 233 53
233 965 54
965 834 52
834 1031 55
1031 72 55
72 431 53
431 50 53
50 845 55
845 720 54
720 1009 54
1009 184 55
184 669 53
669 551 55
551 68 53
68 333 51
333 375 54
375 1007 54
1007 82 55
82 1054 54
1054 593 52
593 613 55
613 382 53
382 309 52
309 616 52
616 313 54
313 565 55
565 541 51
541 1056 54
1056 695 55
695 37 54
37 344 54
344 733 55
733 123 51
123 600 51
600 567 53
567 263 55
263 742 53
742 395 51
395 477 53
477 715 55
715 490 54
490 485 53
485 77 53
77 230 52
230 109 51
109 54 52
54 849 54
849 413 55
413 514 55
514 411 53
411 650 55
650 575 55
575 505 53
505 70 54
70 23 55
23 291 52
291 693 54
693 202 51
202 474 51
474 136 51
136 796 52
796 312 53
312 244 54
244 680 53
680 536 53
536 492 52
492 585 51
585 222 54
222 476 55
476 989 54
989 588 54
588 859 54
859 610 51
610 409 51
409 512 51
512 302 55
302 132 51
132 560 55
560 108 52
108 264 55
264 311 55
311 112 55
112 480 53
480 269 53
269 1022 54
1022 528 52
528 1058 53
1058 509 55
509 1050 51
1050 316 51
316 893 54
893 760 53
760 671 54
671 432 53
432 256 53
256 604 55
604 67 45
67 637 46
637 225 46
225 850 45
850 842 47
842 895 44
895 139 47
139 797 43
797 398 43
398 11 43
11 825 46
825 771 47
771 620 45
620 806 46
806 238 47
238 762 43
762 975 45
975 982 44
982 88 44
88 612 47
612 461 44
461 145 47
145 672 45
672 914 45
914 718 43
718 236 44
236 342 45
342 667 44
667 265 45
265 377 43
377 466 44
466 503 45
503 245 45
245 121 47
121 175 43
175 473 45
473 755 47
755 394 47
394 495 44
495 980 46
980 327 46
327 840 47
840 974 46
974 814 47
814 676 46
676 928 43
928 154 43
154 614 47
614 226 43
226 889 43
889 996 44
996 1043 45
1043 335 47
335 214 47
214 28 46
28 266 46
266 427 46
427 1057 44
1057 305 43
305 378 47
378 736 43
736 738 44
738 180 45
180 930 45
930 869 47
869 1047 43
1047 1048 43
1048 935 47
935 960 46
960 1002 44
1002 62 44
62 994 45
994 569 47
569 913 46
913 453 47
453 953 44
953 418 47
418 457 46
457 866 43
866 251 43
251 689 46
689 860 43
860 664 44
664 817 46
817 920 43
920 823 47
823 744 43
744 711 45
711 1051 47
1051 899 43
899 162 44
162 904 47
904 555 43
555 30 45
30 640 43
640 464 43
464 219 46
219 85 44
85 357 46
357 442 45
442 668 36
668 916 35
916 880 39
880 499 36
499 98 37
98 764 37
764 57 37
57 196 36
196 942 36
942 939 36
939 205 35
205 402 35
402 192 37
192 628 36
628 191 37
191 178 36
178 128 39
128 757 37
757 150 38
150 421 37
421 879 36
879 58 35
58 1016 35
1016 459 37
459 487 38
487 107 36
107 171 38
171 415 39
415 931 35
931 801 37
801 534 37
534 351 37
351 848 36
848 224 35
224 917 38
917 392 39
392 33 38
33 789 39
789 700 39
700 725 37
725 104 39
104 875 37
875 465 38
465 124 37
124 752 39
752 921 38
921 732 39
732 905 37
905 831 36
831 517 36
517 338 35
338 977 38
977 331 37
331 8 38
8 531 39
531 631 38
631 847 35
847 242 38
242 45 38
45 656 36
656 273 39
273 576 39
576 1019 36
1019 113 39
113 330 39
330 829 38
829 284 39
284 837 38
837 870 38
870 773 36
773 1034 36
1034 1029 36
1029 634 39
634 221 37
221 144 39
144 663 37
663 44 39
44 373 37
373 862 38
862 508 39
508 232 38
232 447 37
447 662 36
662 186 39
186 440 36
440 1003 36
1003 359 36
359 1037 36
1037 343 35
343 526 38
526 307 36
307 639 38
639 1021 37
1021 824 36
824 985 38
985 753 37
753 778 35
778 198 36
198 64 39
64 1055 29
1055 633 28
633 559 30
559 647 31
647 924 28
924 641 31
641 794 29
794 159 29
159 779 31
779 909 31
909 578 28
578 158 31
158 379 28
379 710 30
710 484 28
484 642 28
642 253 27
253 183 28
183 1044 27
1044 861 27
861 59 29
59 563 31
563 828 28
828 17 31
17 419 29
419 279 28
279 56 30
56 685 27
685 506 28
506 649 30
649 522 29
522 102 31
102 368 31
368 494 28
494 589 28
589 554 28
554 356 28
356 723 31
723 15 30
15 345 28
345 537 29
537 618 27
618 365 31
365 246 31
246 240 31
240 354 31
354 929 30
929 388 29
388 900 28
900 149 31
149 737 30
737 414 29
414 328 31
328 60 30
60 51 29
51 784 31
784 458 31
458 657 31
657 722 27
722 445 28
445 521 30
521 295 28
295 532 31
532 146 30
146 815 30
815 449 28
449 835 29
835 103 30
103 761 30
761 247 28
247 856 30
856 203 28
203 767 27
767 130 30
130 92 27
92 584 29
584 686 30
686 1052 29
1052 372 30
372 519 30
519 805 29
805 1028 29
1028 579 28
579 428 27
428 504 27
504 670 31
670 18 27
18 592 30
592 478 31
478 998 30
998 978 30
978 991 27
991 818 27
818 821 28
821 958 31
958 320 30
320 176 29
176 142 29
142 1011 27
1011 147 31
147 772 21
772 868 22
868 548 20
548 231 19
231 408 21
408 596 21
596 959 20
959 523 22
523 53 19
53 747 19
747 306 21
306 984 20
984 340 22
340 750 22
750 932 20
932 500 21
500 678 20
678 912 19
912 947 23
947 832 22
832 234 23
234 943 22
943 153 21
153 361 21
361 645 23
645 472 21
472 574 23
574 885 19
885 954 21
954 577 19
577 289 19
289 91 22
91 417 23
417 598 21
598 969 23
969 622 20
622 48 21
48 255 20
255 36 22
36 217 20
217 281 19
281 79 20
79 403 19
403 694 22
694 228 22
228 867 21
867 250 23
250 609 21
609 371 20
371 802 22
802 714 23
714 515 19
515 688 19
688 401 21
401 497 20
497 968 19
968 527 22
527 570 20
570 454 23
454 346 20
346 352 21
352 933 22
933 627 23
627 47 20
47 665 19
665 542 21
542 179 20
179 590 20
590 533 20
533 261 19
261 999 20
999 877 21
877 956 19
956 841 21
841 1041 23
1041 948 22
948 386 22
386 813 22
813 621 23
621 934 23
934 207 19
207 1006 23
1006 946 22
946 55 20
55 673 19
673 197 19
197 27 23
27 1038 23
1038 117 21
117 979 21
979 556 22
556 683 19
683 546 19
546 156 22
156 635 21
635 229 23
229 119 23
119 406 23
406 970 20
970 400 15
991 964 2
964 358 55
964 278 51
991 143 30
143 271 13
143 1014 39
575 729 92
729 93 95
93 881 93
881 274 91
274 971 87
971 583 85
583 460 86
460 529 83
529 967 76
967 450 76
450 81 76
81 790 78
790 322 69
322 410 68
410 901 67
901 370 71
370 717 60
717 260 59
260 337 62
337 1040 61
1040 864 51
864 936 53
936 748 54
748 809 53
809 364 52
364 728 44
728 540 47
540 52 43
52 786 44
786 4 39
4 944 37
944 682 36
682 871 37
871 467 27
467 190 28
190 833 27
833 927 27
927 252 22
252 292 20
292 1053 19
1053 697 19
697 405 13
856 223 88
223 212 23
212 826 32
212 704 79
223 739 39
739 362 69
739 448 24
856 1033 9
1033 456 12
456 906 23
456 638 59
1033 884 67
884 468 8
683 578 544 501 458 14 494 415 290 538 444 1028 855 720 685 772 142 800 213 386 228 852 168 316 153 40 84 1014 249 633 465 887 54 699 911 389 1022 197 626 1021 971 268 620 966 767 86 923 196 398 510 914 791 829 330 38 718 4 426 244 347 777 743 698 30 1036 768 786 885 110 682 305 617 118 294 264 613 51 782 991 888 975 760 1024 121 22 116 833 879 1039 179 105 563 940 421 639 235 781 891 877 536 749 275 462 190 88 947 384 591 50 647 139 67 662 836 924 53 878 1001 935 227 929 675 68 273 812 163 579 416 795 612 775 71 438 464 691 150 75 391 7 875 449 593 187 402 711 11 724 396 939 849 794 870 956 958 323 26 431 672 1041 360 665 377 65 223 592 337 328 808 157 874 540 362 484 160 896 857 575 35 705 489 390 418 525 742 114 753 625 48 111 295 212 744 894 15 728 136 1005 143 93 255 545 189 899 631 801 634 884 1048 606 1049 219 828 404 166 217 793 475 216 1025 726 556 872 103 999 62 843 256 805 83 661 660 31 506 839 930 668 566 339 335 806 554 868 144 997 643 499 178 181 1031 747 1057 807 241 155 897 470 394 1034 681 676 152 978 822 1011 776 984 586 605 338 403 393 1044 629 45 147 817 832 827 799 66 73 848 608 288 804 102 559 10 387 265 258 1026 270 746 167 44 107 953 306 797 505 243 225 937 1003 400 642 112 430 895 356 56 405 33 1013 333 331 122 355 876 841 771 191 280 433 3 106 329 811 715 1035 119 117 340 207 638 946 905 413 89 2 224 722 577 583 508 970 580 602 529 64 194 788 237 127 648 324 129 304 523 531 628 27 918 845 585 957 864 285 955 589 278 571 1056 951 624 1042 471 274 522 1050 730 145 977 354
