20 150
1 2 2318
1 3 5208
1 10 348
1 16 5327
1 18 6280
1 8 3699
1 6 4890
1 9 8336
1 14 5885
1 17 5331
2 4 5539
2 6 3778
2 16 6012
2 5 6943
2 20 5236
2 3 1722
2 18 9732
2 10 9204
2 11 3588
2 9 2860
2 7 5899
2 13 9818
3 19 5360
3 15 243
3 6 1025
3 20 1858
3 13 3717
3 11 6243
4 5 5705
4 8 4036
4 15 9905
4 9 7592
4 3 4637
4 17 4328
5 7 3017
5 16 3561
5 11 9902
5 15 1857
5 17 8565
5 9 5591
5 3 85
6 12 7189
6 13 2541
6 10 2299
6 16 9951
6 5 8610
6 17 8243
6 4 6673
6 19 2348
7 11 7817
7 14 7637
7 17 6472
7 18 2227
7 19 1386
7 12 1137
7 6 7805
7 13 1892
7 15 3682
7 8 8843
7 9 6760
7 10 3118
7 1 6113
7 4 6309
8 9 3884
8 10 2582
8 17 1224
8 15 6315
8 2 2250
8 6 4288
8 12 6011
9 18 3333
9 12 8867
9 11 6977
9 19 1580
10 15 7518
10 12 369
10 16 2175
10 13 5027
10 9 4610
10 14 24
10 3 7955
11 20 4409
11 4 6905
11 1 323
11 18 5539
11 6 1641
11 13 4646
12 14 8601
12 5 8016
12 16 846
12 2 2364
12 3 246
12 1 7945
13 4 6274
13 19 2586
13 15 1888
13 9 8296
13 16 7513
13 18 3615
13 1 4985
13 5 9467
13 8 7983
13 12 4847
14 2 9246
14 6 3688
14 17 4009
14 18 8092
14 11 877
14 16 6721
14 5 8412
15 2 1609
15 1 4740
15 17 937
16 7 896
16 17 425
16 4 5627
16 15 1565
16 11 2814
16 8 1922
17 12 4926
17 2 13
17 11 9067
17 19 4320
17 13 6868
18 6 3123
18 5 522
18 19 1239
18 4 2846
18 10 47
18 8 6730
18 17 137
18 16 2392
18 12 5398
19 12 1540
19 8 5017
19 15 7467
19 4 4208
19 5 8410
19 11 4510
19 16 4095
20 13 2511
20 9 6040
20 5 2831
20 4 7682
20 18 5786
20 8 8415
20 14 4690
20 15 5011
20 12 1709
20 6 8990
