100 1500
1 2 2868
1 22 8912
1 23 4132
1 92 7707
1 64 4080
1 55 6132
1 30 4223
1 82 4211
1 80 6331
1 77 6009
1 69 3990
1 14 6459
1 57 7293
1 29 6574
1 37 4085
1 26 6604
1 38 8211
2 3 2418
2 5 1107
2 9 8689
2 12 9474
2 13 9500
2 14 1339
2 34 2092
2 91 6201
2 90 197
2 80 2436
2 86 2764
2 38 3285
2 69 7832
2 27 5262
2 51 7359
2 47 4433
2 25 1196
2 60 9556
2 93 6111
2 71 7557
2 44 2319
2 37 7532
2 62 43
2 30 6896
2 82 1852
3 4 6520
3 95 7302
3 36 6147
3 84 7302
3 76 8249
3 41 4840
3 12 6147
3 19 159
3 97 102
3 92 8373
3 46 2791
3 77 5430
3 23 2236
3 33 4410
3 89 8878
4 7 2385
4 17 8412
4 35 8387
4 46 8085
4 76 7637
4 87 9148
4 47 7659
4 73 5725
4 19 9969
4 96 992
4 39 8217
4 54 238
4 12 5973
4 25 2000
4 55 2598
4 27 6572
4 74 6984
4 52 8950
4 28 9898
4 13 5938
4 95 6344
4 98 6631
4 64 4506
4 84 5531
4 48 1267
4 66 3268
5 6 7318
5 8 3468
5 20 4556
5 77 8000
5 45 5789
5 81 1629
5 59 9099
5 41 8352
5 46 6641
5 1 9945
5 40 8030
5 49 6253
5 71 3539
5 21 6992
5 17 4347
5 24 9673
5 96 6104
6 10 2104
6 15 3265
6 48 2222
6 27 6449
6 30 9624
6 20 134
6 64 1978
6 4 1127
6 79 2869
6 26 1603
6 38 958
7 19 241
7 28 6242
7 3 8017
7 58 6125
7 76 9354
7 59 1469
7 79 198
7 35 7190
7 36 4466
7 20 8348
7 69 888
7 87 2372
7 88 604
7 89 9528
7 100 7556
8 25 7644
8 30 5585
8 70 1125
8 19 5278
8 46 3053
8 4 7861
8 41 4325
8 71 2142
8 14 6560
8 76 3614
8 64 1907
8 73 2351
8 1 190
8 24 7555
8 47 3873
8 21 1816
8 37 2789
8 90 7854
8 91 5347
8 42 2632
9 11 6111
9 18 2923
9 32 4663
9 95 6239
9 54 393
9 92 6925
9 36 8958
9 19 1909
9 7 9057
9 58 6538
9 24 7854
9 40 2962
9 76 1935
9 4 9368
9 84 5443
9 89 2138
9 96 6946
9 70 2871
9 79 6570
9 87 442
10 16 1944
10 21 3227
10 26 628
10 81 1723
10 5 5266
10 85 1063
10 31 7282
10 70 6320
10 88 4670
10 95 6670
10 4 6619
10 43 1698
10 63 11
10 87 8615
10 79 289
11 79 2094
11 99 6172
11 56 7803
11 34 1731
11 55 5707
11 13 5943
11 10 5129
11 17 9381
11 95 5916
11 61 7051
11 78 1753
11 63 4813
11 41 4773
11 59 1497
12 41 4079
12 45 8350
12 50 5367
12 94 73
12 87 4285
12 54 8034
12 76 4561
12 99 1006
12 92 1362
12 47 1432
12 61 6628
12 6 1720
13 36 6465
13 91 2153
13 34 7420
13 65 2786
13 93 9415
13 73 2403
13 52 3039
13 79 2453
13 10 791
13 75 9930
13 45 7070
13 23 2978
13 90 6123
13 3 9747
13 96 2358
13 27 4757
14 83 9497
14 17 8781
14 71 9129
14 51 9149
14 99 9423
14 93 2402
14 9 8250
14 31 2318
14 6 5710
14 49 1458
14 24 9624
14 78 5705
14 85 754
14 47 3316
14 39 8212
15 39 5868
15 60 6606
15 61 540
15 63 6208
15 28 6228
15 29 7605
15 8 2664
15 24 2423
15 69 2007
15 80 8890
15 2 4799
15 1 8191
15 11 3958
15 7 9084
15 55 6396
16 27 1008
16 57 3878
16 58 9395
16 40 8984
16 6 6180
16 98 7165
16 49 9300
16 36 3214
16 55 2197
16 87 8769
16 17 4425
16 44 4916
16 74 4254
16 35 3890
16 100 4082
16 88 7620
16 71 4453
16 81 9094
16 97 2306
16 53 5692
16 89 423
16 82 9598
17 64 6034
17 67 9148
17 3 583
17 42 1025
17 78 3655
17 76 4062
17 54 3223
17 92 7895
17 73 6235
17 79 6548
17 18 2467
17 9 8672
17 24 6949
17 90 64
18 31 5342
18 37 8541
18 52 2883
18 14 9917
18 2 8473
18 73 5731
18 21 5620
18 16 7487
18 41 6337
18 93 5587
18 68 1286
18 36 6946
18 15 3169
19 47 8891
19 80 7731
19 78 3976
19 15 6481
19 22 9834
19 76 1975
19 11 8838
19 77 1644
19 72 9634
19 16 2421
19 64 9329
19 29 2539
19 96 2336
19 30 3172
19 25 5394
19 26 3407
19 32 3953
19 46 2377
19 12 2617
19 48 2400
19 59 2889
19 60 6674
19 92 1904
19 84 7416
20 19 9131
20 82 8281
20 51 2341
20 11 9943
20 37 7437
20 54 6031
20 30 4731
20 78 4190
20 42 7219
20 14 1401
20 47 9557
21 24 4182
21 29 2765
21 37 4637
21 51 9777
21 45 5782
21 42 1814
21 20 9055
21 44 1706
21 87 7246
21 84 1933
21 47 906
21 78 5276
21 49 5805
21 71 1742
21 69 7654
21 9 6258
22 76 5988
22 58 2078
22 18 6411
22 40 8134
22 52 4410
22 68 6530
22 98 6810
22 7 5278
22 21 289
22 91 221
22 10 128
22 56 5482
22 43 2318
23 90 6709
23 43 5661
23 68 1255
23 56 8569
23 21 1056
23 64 5712
23 75 1259
23 71 7875
23 27 1122
23 50 1760
23 30 6283
23 87 8826
23 98 5791
23 47 3647
23 8 8897
23 58 5857
23 73 6139
24 55 4467
24 84 7337
24 65 1762
24 4 6904
24 29 2766
24 77 9803
24 41 4313
24 90 9898
24 73 8215
24 36 7282
24 16 1983
24 88 4409
24 6 8447
24 76 9147
24 10 6100
25 43 5286
25 49 3076
25 59 3858
25 75 9865
25 22 1975
25 31 50
25 36 8785
25 24 7413
25 66 2236
25 30 9090
25 89 4592
25 41 8386
25 38 3593
26 40 1584
26 73 4614
26 88 9963
26 38 3659
26 53 8839
26 17 7791
26 57 3105
26 100 8484
26 29 1423
26 36 8744
26 7 8926
26 75 501
26 3 1846
26 18 3670
26 85 924
26 47 2087
26 43 1074
26 68 1742
26 63 5642
26 30 6834
26 32 1471
26 12 648
26 67 6502
26 9 2480
27 65 8779
27 43 5476
27 51 345
27 36 4066
27 53 5357
27 3 7752
27 57 2037
27 18 799
27 31 9181
27 46 5265
27 76 9059
27 70 2644
27 20 2248
27 80 7870
27 47 6917
27 96 3909
28 72 745
28 88 5357
28 78 3698
28 89 6985
28 64 9626
28 79 1276
28 87 7547
28 13 9842
28 92 9455
28 55 6208
28 39 3659
28 95 194
28 73 956
28 30 2253
28 76 3085
28 24 6998
28 63 2852
29 33 8772
29 51 6390
29 96 6039
29 78 5351
29 66 2285
29 98 1001
29 59 5322
29 37 2775
29 49 8280
29 69 3727
29 99 6924
29 65 8239
30 71 3752
30 77 1481
30 95 7527
30 75 4622
30 15 9337
30 78 7552
30 41 991
30 76 9000
30 86 4385
30 48 5983
30 60 147
30 89 4438
30 14 3346
30 67 1939
30 52 6735
31 44 8400
31 32 1945
31 41 5404
31 70 8894
31 34 5607
31 88 4357
31 23 4543
31 99 9484
31 84 3070
31 91 8088
31 51 5650
31 47 2831
31 19 6022
31 42 4644
32 42 1554
32 23 9591
32 35 7799
32 51 6033
32 79 8958
32 38 7545
32 4 7013
32 94 3712
32 87 5897
32 12 1265
32 7 5374
32 70 1772
32 37 6346
33 68 3905
33 20 3135
33 4 2857
33 13 1792
33 76 1705
33 69 3179
33 67 1725
33 39 853
33 10 596
33 49 5819
33 62 6760
33 51 9540
33 97 4873
33 24 3110
33 5 7576
33 83 819
33 1 5846
33 100 6467
33 73 4082
34 86 7774
34 97 2786
34 38 460
34 75 2631
34 69 877
34 25 4070
34 28 3058
34 5 8622
34 64 3200
34 19 3638
34 67 4196
34 8 5115
35 38 8751
35 53 7167
35 67 1173
35 9 3711
35 87 4196
35 21 5421
35 37 3147
35 63 3260
35 94 3324
35 84 9233
35 56 1644
35 8 9023
35 30 3056
35 49 8349
35 42 9979
35 12 7881
35 24 8616
35 31 5666
36 78 4403
36 100 500
36 63 4315
36 67 3014
36 79 2411
36 38 2290
36 14 4600
36 94 8033
36 52 8719
36 92 9501
36 54 6587
36 62 4376
36 55 5676
36 53 9813
36 98 5713
37 62 2773
37 81 9505
37 39 3922
37 6 9721
37 45 1182
37 80 4514
37 11 3882
37 68 4813
37 77 9802
37 28 4199
37 17 7093
37 22 2445
37 97 4271
37 55 7801
37 90 9146
37 95 709
37 25 9370
38 97 5152
38 19 1774
38 76 9083
38 11 3800
38 40 5878
38 18 2226
38 21 601
38 23 7458
38 24 4294
38 84 3223
38 54 3760
38 15 9706
38 94 3529
38 82 3509
38 44 7836
39 10 7205
39 52 7106
39 26 2992
39 54 8290
39 34 7891
39 72 9861
39 62 4679
39 82 4236
40 68 7159
40 2 1276
40 61 5247
40 95 5974
40 42 10
40 85 6836
40 79 5184
40 21 1575
40 73 5651
40 45 7425
40 51 329
40 86 9207
40 17 6320
40 14 1789
40 77 6839
40 20 8193
40 48 7349
41 83 9795
41 19 4259
41 71 5656
41 51 9618
41 10 4087
41 99 4595
41 21 8046
41 62 2136
41 17 6970
41 68 7490
41 13 1684
41 49 7032
41 50 6551
41 81 5577
42 85 6104
42 81 5861
42 5 8546
42 62 3697
42 4 9726
42 52 1125
42 25 9434
42 94 5372
42 67 6376
42 59 7351
42 11 3182
42 19 1360
43 52 3915
43 89 4479
43 9 4020
43 81 738
43 2 9896
43 62 2573
43 95 4091
43 14 1952
43 59 2757
43 18 7330
43 57 3091
43 16 8312
43 92 9921
43 11 4542
43 21 266
43 83 6098
43 6 6772
43 47 3882
43 29 2606
43 40 4620
44 69 2689
44 15 6072
44 66 8945
44 9 3131
44 63 3979
44 94 9858
44 7 6163
44 35 4596
44 98 6809
44 1 2000
44 23 5690
44 43 1159
44 6 136
44 57 6942
44 26 7200
44 17 7899
45 49 1551
45 85 8842
45 73 5886
45 80 8755
45 83 4625
45 36 4746
45 82 1170
45 76 1550
45 55 9691
45 25 7448
45 6 1602
45 99 928
45 90 9059
45 77 8565
45 75 5945
46 23 2624
46 64 2496
46 36 8633
46 30 3291
46 7 419
46 15 2558
46 73 1683
46 39 5469
46 94 7082
47 54 5303
47 56 2805
47 99 3793
47 13 3769
47 42 5900
47 69 229
47 7 2173
47 59 8350
47 17 3186
47 37 3636
47 76 7727
48 22 2072
48 75 8383
48 38 7583
48 73 5677
48 67 5384
48 39 5594
48 81 1705
48 12 5897
48 78 6494
48 88 7952
48 32 7631
48 65 570
48 34 9444
48 100 1848
48 8 1881
48 35 7929
48 55 2876
48 94 1415
48 82 3704
48 36 7589
48 68 5271
48 25 4679
49 77 899
49 15 2994
49 89 1830
49 19 6255
49 18 4193
49 22 935
49 42 8437
49 55 2498
49 72 1299
49 52 9788
49 57 5666
49 81 7466
50 71 4227
50 92 9686
50 73 8909
50 20 3454
50 97 3475
50 56 5399
50 80 6645
50 27 1127
50 35 7925
50 49 8705
50 48 119
50 14 4091
50 43 2964
50 61 6751
50 4 8707
51 66 6517
51 90 5516
51 68 5323
51 9 877
51 8 5918
51 22 4281
51 67 2247
51 71 8573
51 83 9314
51 99 9188
51 42 5847
51 57 510
51 36 4053
51 72 9460
52 91 6295
52 63 2303
52 26 7099
52 32 3656
52 21 890
52 19 1640
52 76 6757
52 51 5792
52 27 3474
52 50 8053
52 69 511
52 73 6368
52 77 7133
52 37 442
53 74 4472
53 100 1590
53 11 1386
53 38 478
53 7 8011
53 78 9250
53 24 321
53 46 1149
53 80 5914
53 8 3471
53 31 1195
53 94 2224
53 67 5819
53 23 8467
53 85 9044
53 21 6892
53 89 6530
53 98 9785
53 47 4461
53 37 6839
53 13 7837
53 52 9390
54 77 9059
54 49 6830
54 62 7540
54 66 3046
54 33 3197
54 48 3033
54 67 1597
54 43 1474
54 63 1160
54 42 2110
54 35 4209
54 88 9256
54 6 3089
55 66 6658
55 88 200
55 38 4670
55 46 8568
55 17 9946
55 42 8940
55 71 1849
55 35 4328
55 61 1514
55 91 1108
55 34 930
55 62 8261
55 79 1904
55 26 9999
55 12 5059
55 70 6281
55 40 7750
55 100 6789
55 14 9913
55 6 5003
55 87 9364
56 10 5600
56 40 6439
56 25 2658
56 41 1068
56 3 4251
56 86 293
56 83 7233
56 16 8534
56 37 9790
56 91 4698
57 87 2000
57 3 999
57 24 253
57 19 7623
57 61 4867
57 10 6048
57 28 5182
57 99 4771
57 4 3251
57 23 9475
57 54 6224
57 45 5901
57 15 2921
57 95 644
57 72 3246
57 5 8918
57 56 6207
58 93 4755
58 74 7142
58 48 1990
58 90 8191
58 44 4273
58 12 3221
58 52 6982
58 6 5028
58 3 9992
58 14 8730
58 36 4171
58 18 9267
58 43 2963
58 85 5376
58 59 8197
58 79 5917
58 69 2073
58 73 6166
58 29 7960
58 47 7273
58 42 2546
58 8 4071
58 28 7417
58 34 3512
59 66 8737
59 23 9810
59 87 9406
59 34 6644
59 86 7
59 74 5706
59 2 9203
59 84 3803
59 83 8313
59 37 1309
59 70 4329
59 33 5285
59 44 1437
60 82 3866
60 57 8486
60 45 4252
60 63 6566
60 90 9346
60 91 5820
60 34 8837
60 80 5698
60 16 3108
60 10 1408
60 47 4437
60 72 3107
60 69 1197
60 26 1793
61 71 6705
61 28 3462
61 51 3339
61 70 9886
61 98 5003
61 97 5966
61 52 9889
61 69 4834
61 18 4508
61 38 7691
61 63 2178
61 19 9980
61 83 9084
62 94 3909
62 58 3756
62 44 692
62 87 2075
62 95 9218
62 66 4581
62 19 1100
62 35 7167
62 64 6181
62 5 652
62 51 1923
62 85 1177
62 79 367
62 97 7945
62 81 219
63 34 9010
63 84 8892
63 68 3030
63 27 7734
63 67 3467
63 51 9826
63 32 7035
63 73 590
63 72 6703
63 31 4093
63 6 2829
63 38 4481
63 33 9554
64 58 1850
64 55 118
64 83 2745
64 33 3694
64 51 5424
64 79 3895
64 92 9158
64 12 6489
64 75 4582
64 10 2688
64 89 3708
65 83 4402
65 97 5199
65 64 1496
65 70 3964
65 38 4894
65 35 562
65 18 1706
65 39 8584
65 7 1914
65 94 9839
65 3 6411
65 34 9636
65 25 5266
65 19 7295
65 90 2275
65 56 2444
65 50 2837
66 92 7850
66 30 6596
66 39 1435
66 14 5288
66 19 2269
66 75 2105
66 26 6244
66 97 6330
66 16 7696
66 47 3619
66 15 7093
66 10 3198
66 60 7743
66 3 8071
67 7 7725
67 60 5993
67 31 5049
67 8 4805
67 94 4218
67 13 7218
67 15 8312
67 47 6229
67 87 9302
67 55 668
67 6 5734
67 61 5235
67 41 8888
67 19 3529
67 91 2797
67 98 2575
67 2 7057
67 25 6441
68 83 3446
68 12 9922
68 73 9605
68 4 3900
68 78 9325
68 44 5338
68 59 3882
68 13 6659
68 14 1378
68 64 2725
68 46 312
68 95 1082
68 47 4083
68 2 7676
68 29 1268
68 60 1741
68 86 6697
69 64 5099
69 73 7151
69 38 9429
69 56 4671
69 90 6807
69 96 83
69 92 6869
69 88 8327
69 26 7238
69 43 5257
69 13 6590
69 51 654
69 66 8276
69 42 7872
69 20 2688
69 91 3678
69 17 9685
69 12 2878
69 68 3749
70 56 3406
70 44 2844
70 91 3998
70 45 5982
70 37 6421
70 38 3174
70 79 507
70 50 9851
70 54 4905
70 74 7385
70 16 7265
70 7 6859
71 70 400
71 81 3824
71 38 2810
71 60 5122
71 67 2757
71 76 2399
71 46 365
71 75 5968
71 62 779
71 25 6970
71 34 9929
71 29 325
71 85 5649
71 73 8628
72 30 7869
72 17 263
72 29 1942
72 40 300
72 65 8960
72 61 9786
72 98 676
72 2 7868
72 54 7975
72 15 6709
72 62 9975
72 85 4089
72 64 2419
72 89 4382
72 77 1780
72 66 2440
73 29 7145
73 43 8553
73 67 3681
73 75 5584
73 85 9841
73 39 1914
73 98 8383
73 31 1307
74 14 3250
74 78 1010
74 43 3710
74 7 8258
74 2 6898
74 88 4488
74 26 1986
74 19 3239
74 33 2098
74 9 5410
74 79 8547
75 85 8062
75 39 6553
75 10 5241
75 4 9395
75 33 5802
75 1 1070
75 92 3513
75 83 4274
75 2 8765
75 82 9472
75 57 5966
76 98 8680
76 100 4064
76 68 9788
76 42 4981
76 25 5354
76 67 5561
76 64 2516
76 31 9964
76 78 7156
76 32 9561
76 35 7519
76 14 1672
76 6 169
77 68 4882
77 29 1331
77 94 5712
77 34 9007
77 81 4824
77 92 5252
77 71 5167
77 38 5488
77 61 3385
77 84 349
77 60 9066
77 10 7045
77 56 8217
77 78 175
77 36 3836
78 86 4880
78 46 8500
78 38 9266
78 70 3356
78 18 9421
78 59 6512
78 25 7073
78 65 420
78 83 7695
78 4 8478
79 80 2024
79 14 7193
79 53 9185
79 86 4991
79 81 4557
79 23 1650
79 92 1783
79 68 4539
79 88 551
79 76 2705
79 97 6929
79 52 4821
79 78 245
80 85 453
80 16 1935
80 58 723
80 41 4608
80 49 7056
80 65 759
80 13 9873
80 44 4523
80 32 5755
80 25 7462
80 91 2074
80 3 1656
80 52 5795
81 95 3727
81 7 473
81 47 3299
81 53 2645
81 73 2680
81 1 532
81 66 3007
81 46 9059
81 60 961
81 30 798
81 44 656
81 50 2452
81 59 933
81 72 6652
81 13 2549
81 6 3775
82 15 4313
82 46 7552
82 17 9900
82 100 9203
82 80 2241
82 57 7685
82 51 4629
82 6 1064
82 13 3689
82 7 3991
82 90 9975
82 5 3475
82 73 815
82 64 8956
82 79 2811
82 92 1162
82 23 9454
82 14 2297
83 98 5972
83 23 7617
83 100 9468
83 46 6737
83 52 4185
83 22 4809
83 47 6568
83 19 2249
83 1 1336
83 86 7505
83 27 1786
84 72 3343
84 66 5798
84 53 2529
84 61 2564
84 73 4157
84 78 7287
84 74 9291
84 32 6454
85 35 7802
85 46 6380
85 59 6338
85 24 4409
85 81 334
85 5 7011
85 43 7088
85 28 7372
85 67 4144
85 12 320
85 84 1874
85 82 1054
85 88 4435
86 81 3542
86 75 2460
86 36 6094
86 24 8750
86 37 7371
86 4 8449
86 5 1149
86 39 2755
86 20 5619
86 15 107
86 74 251
86 87 7289
86 94 1645
86 9 6123
86 95 5196
86 42 8747
86 29 2215
86 61 3354
86 23 8401
86 60 3238
87 5 7940
87 76 7417
87 63 5744
87 79 6863
87 38 3921
87 95 1148
87 54 3995
87 43 905
87 93 3272
87 64 2318
87 100 4538
88 23 5873
88 5 6013
88 11 678
88 70 8362
88 68 8148
88 53 9136
88 20 4532
88 22 8315
88 66 7975
88 56 3866
88 93 5678
88 27 9979
88 77 2100
88 59 7238
88 98 4114
88 34 1102
89 65 2840
89 5 4150
89 35 6426
89 6 8173
89 47 7554
89 56 5564
89 78 9676
89 57 4214
90 21 9914
90 52 6317
90 83 8545
90 27 132
90 32 6920
90 72 596
90 40 893
90 74 1105
90 73 8388
90 39 3064
90 26 6699
91 3 4435
91 73 5395
91 6 776
91 89 9911
91 35 222
91 18 7094
91 37 3360
91 72 9921
91 79 4356
91 39 9363
91 99 1836
91 5 6219
91 20 7696
91 86 5031
91 33 1341
91 68 133
92 68 5560
92 45 9186
92 55 6501
92 97 899
92 58 9871
92 10 6020
92 13 227
92 16 516
92 33 9167
92 18 9306
92 71 7858
92 93 9308
93 25 7740
93 32 4928
93 37 976
93 91 8708
93 78 115
93 29 8215
93 82 574
93 33 8522
93 64 2764
93 61 731
93 30 937
93 51 3460
93 53 9220
93 11 8109
93 69 2993
93 15 9857
93 3 4808
93 62 9726
93 40 8449
93 23 907
94 99 400
94 58 1963
94 9 1680
94 61 7920
94 97 3179
94 72 5795
94 39 1488
94 40 1331
94 17 2207
94 8 6888
94 47 7426
94 73 8542
94 43 2546
94 85 457
95 94 928
95 55 9131
95 24 555
95 21 98
95 69 9538
95 85 6376
95 1 6591
95 91 96
95 45 5999
95 50 1019
95 64 7659
95 89 1409
96 98 8811
96 74 3967
96 84 8600
96 53 4675
96 52 7923
96 39 8453
96 87 5115
96 7 9154
96 16 3697
96 66 242
96 35 7719
96 37 8136
96 78 5654
96 8 7411
96 76 2785
96 59 7138
96 99 5535
97 6 2834
97 27 278
97 32 4159
97 86 2583
97 72 7901
97 35 226
97 80 367
97 18 7904
97 89 473
97 25 4119
97 4 3896
98 75 5762
98 65 6051
98 79 2702
98 15 6899
98 89 2755
98 12 9004
98 11 3321
98 6 5888
98 84 1095
98 49 4748
98 7 3061
99 71 3055
99 66 4233
99 9 9855
99 58 1039
99 42 521
99 3 1383
99 15 8840
99 93 8336
99 92 5913
99 24 2909
99 40 5395
99 69 8940
99 95 7348
99 49 3689
99 59 6385
99 100 4932
99 35 3844
99 87 984
100 96 6402
100 75 1972
100 15 1335
100 91 2675
100 10 9410
100 80 5866
100 58 456
100 44 9032
100 84 6627
100 14 5983
100 77 5973
100 12 8237
100 30 8252
