100
5
0 2 1 1 2
1
0
6
2 2 2 2 2 2
3
0 0 0
100
18 1 36 21 7 7 30 13 5 14 49 40 41 5 45 0 8 30 23 2 9 40 44 11 12 38 35 26 20 31 33 39 34 19 12 42 28 42 7 35 8 9 27 2 14 25 2 23 5 26 25 17 18 21 28 30 9 15 8 30 48 43 21 33 14 35 27 42 29 36 30 38 45 7 40 12 34 44 37 40 22 14 7 40 35 37 23 45 3 33 27 1 27 0 36 43 37 15 38 16
75
33 35 9 21 36 16 0 6 20 25 24 12 24 22 18 5 12 28 32 18 12 15 37 6 5 9 8 13 15 5 9 26 18 34 9 16 12 25 0 33 13 24 23 15 24 3 20 14 31 31 33 5 8 10 27 13 35 13 4 12 18 29 0 36 25 26 30 0 13 30 33 26 32 34 3
72
0 0 35 35 0 35 35 35 35 0 0 0 35 35 35 0 35 35 0 35 0 35 35 0 0 0 0 0 0 0 35 35 0 0 0 0 0 0 35 35 0 0 35 0 35 35 0 0 0 0 0 0 0 35 0 0 35 0 0 0 35 35 35 35 0 35 0 0 35 35 35 0
100
0 1 2 3 4 5 6 7 8 9 10 11 12 13 14 15 5 17 18 19 20 21 22 23 24 25 26 27 28 29 30 31 32 33 34 35 36 37 38 39 40 41 42 43 44 45 46 47 48 49 49 48 47 46 45 44 43 44 41 40 39 38 37 36 35 34 33 32 31 30 29 28 27 26 25 24 23 22 21 20 19 18 17 16 15 14 13 12 11 10 9 8 7 6 5 4 3 2 1 0
66
0 13 0 32 0 32 0 0 32 32 32 32 32 0 0 0 0 0 0 0 32 32 0 0 32 32 0 0 32 0 32 0 32 0 32 32 32 32 32 0 32 0 0 0 0 0 0 32 0 0 32 32 32 32 32 0 32 0 0 0 0 0 0 32 21 0
99
48 48 48 47 47 46 46 46 45 45 45 44 43 42 42 41 41 41 39 39 38 38 37 36 36 36 36 36 36 35 34 34 33 33 32 32 32 31 30 30 29 28 27 27 25 25 25 23 23 22 22 21 20 20 19 19 19 18 18 18 17 17 17 17 16 16 16 14 14 13 13 12 8 8 7 7 7 7 7 6 6 6 5 4 4 4 3 3 2 2 2 1 1 1 1 1 0 0 0
99
49 49 48 47 47 46 46 45 5 45 45 43 43 42 42 42 42 41 40 39 39 39 38 38 37 37 37 36 36 36 35 34 34 34 33 31 31 29 29 28 28 28 26 25 25 24 24 23 23 23 22 21 21 21 21 20 20 20 19 19 18 18 17 17 16 16 16 14 14 14 13 13 12 12 12 11 11 11 11 11 10 9 9 8 7 7 6 5 3 3 3 3 2 2 1 1 0 0 0
53
23 9 20 11 21 26 22 23 11 16 13 10 2 21 23 6 23 23 22 12 22 6 23 12 26 5 17 17 21 5 9 17 15 2 2 9 17 24 21 2 3 24 1 5 7 25 0 19 10 22 4 5 17
100
49 49 49 49 49 49 49 49 49 49 49 49 49 49 49 49 49 49 49 49 49 49 49 49 49 49 49 49 49 49 49 49 49 49 49 49 49 49 49 49 49 49 49 49 49 49 49 49 49 49 49 49 49 49 49 49 49 49 49 49 49 49 49 49 49 49 49 49 49 49 49 49 49 49 49 49 49 49 49 49 49 49 49 49 49 49 49 49 49 49 49 49 49 49 49 49 49 49 49 49
42
17 18 10 19 10 6 15 18 7 9 15 14 0 13 0 7 1 12 4 10 7 7 17 4 0 10 8 1 6 0 9 0 18 17 19 5 2 11 0 9 20 13
66
15 1 24 3 29 25 29 13 26 0 22 2 3 12 12 26 13 0 5 5 26 10 13 0 8 20 5 16 14 12 15 27 13 4 30 16 29 24 29 20 23 16 20 26 27 32 17 7 0 20 12 26 30 23 24 5 8 27 19 23 6 0 17 18 4 13
22
5 10 7 6 2 10 6 1 0 0 4 4 4 10 6 9 7 2 2 6 1 9
58
15 6 20 10 15 21 27 17 11 9 10 14 22 9 18 28 6 14 23 16 21 2 12 13 16 11 26 22 28 23 0 15 1 12 17 8 26 7 26 0 16 7 7 9 9 25 9 15 10 3 23 2 27 7 16 14 10 5
82
4 11 3 33 27 27 7 11 18 33 21 28 33 10 33 30 20 10 29 6 8 34 32 37 29 38 4 23 31 25 38 35 37 2 30 25 30 39 37 7 33 19 37 25 30 31 17 11 1 5 17 9 0 11 8 30 8 14 16 39 1 14 35 40 16 24 24 5 24 22 14 17 1 11 3 33 1 20 3 2 28 23
100
49 49 48 48 47 47 46 46 45 45 44 44 43 43 42 42 41 41 40 40 39 39 38 38 37 37 36 36 35 35 34 34 33 33 32 32 31 31 30 30 29 29 28 28 27 27 26 26 25 25 24 24 23 23 22 22 21 21 20 20 19 19 18 18 17 17 16 16 15 15 14 14 20 13 12 12 11 11 10 10 9 9 8 8 7 7 6 6 5 5 4 4 3 3 2 2 1 1 0 0
99
0 0 0 0 0 0 0 0 0 0 0 0 0 0 0 0 0 0 0 0 0 0 0 0 0 0 0 0 0 0 0 0 0 0 0 0 0 0 0 0 0 0 0 0 0 0 49 49 49 49 49 49 49 49 49 49 49 49 49 49 49 49 49 49 49 49 49 49 49 49 49 49 49 49 49 49 49 49 49 49 49 49 49 49 49 49 49 49 49 49 49 49 49 49 49 49 49 49 49
99
0 0 0 0 0 0 0 0 0 0 0 0 0 0 0 0 0 0 0 0 0 0 0 0 0 0 0 0 0 0 0 0 0 0 0 0 0 0 0 0 0 0 0 0 0 0 49 49 49 49 49 49 49 49 28 49 49 49 49 49 49 49 49 49 49 49 49 49 49 49 49 49 49 49 49 49 49 49 49 49 49 49 49 49 49 49 49 49 49 49 49 49 49 49 49 49 49 49 49
100
0 1 2 3 4 5 6 7 8 9 10 11 12 13 14 15 16 17 18 3 20 21 22 23 24 25 26 27 28 29 30 31 32 33 34 35 36 37 38 39 40 41 42 43 44 45 46 47 48 49 49 48 47 46 45 44 43 42 41 40 39 38 37 36 35 34 33 32 31 30 29 28 27 26 25 24 23 22 21 20 19 18 17 16 15 14 13 12 11 10 9 8 7 6 5 4 3 2 1 0
100
25 22 11 22 44 28 48 23 10 4 9 6 24 41 32 40 45 43 7 36 49 37 17 1 34 16 42 15 25 41 11 6 34 3 2 44 18 13 36 29 16 27 46 42 39 35 45 35 0 12 30 5 39 14 32 3 27 2 47 20 30 24 20 7 14 28 38 21 26 31 37 4 8 46 38 40 5 43 18 33 33 26 23 21 29 10 23 17 19 48 31 49 13 8 0 9 19 1 32 47
99
49 49 49 49 49 49 49 49 49 49 49 49 49 49 49 49 49 49 49 49 49 49 49 49 49 49 49 49 49 49 49 49 49 49 49 49 49 49 49 49 49 49 49 49 49 49 49 49 49 49 49 0 0 0 49 0 0 0 0 0 0 0 0 0 0 0 0 0 0 0 0 0 0 0 0 0 0 0 0 0 0 0 0 0 0 0 0 0 0 0 0 0 0 0 0 0 0 0 0
100
11 20 30 17 38 38 32 26 9 18 22 13 16 43 29 22 35 15 3 27 47 24 46 48 19 10 39 8 41 33 2 5 31 30 14 32 47 44 7 11 41 49 23 28 8 14 39 44 36 6 1 2 26 23 0 43 4 42 16 45 29 4 17 31 12 34 20 48 37 45 27 6 7 33 21 42 13 3 35 12 49 5 10 24 15 1 40 36 19 37 25 46 21 9 0 28 40 18 34 25
99
5 8 18 48 18 15 49 38 27 9 27 32 46 11 33 32 12 47 35 23 34 39 42 10 4 5 6 38 24 22 41 31 32 10 31 0 25 30 40 5 41 18 37 37 29 22 22 41 20 9 16 6 48 9 16 5 16 25 45 40 49 36 21 31 48 2 31 26 34 23 31 28 41 20 17 22 42 39 16 14 49 34 21 49 45 39 6 11 14 1 1 13 40 24 46 38 28 29 16
92
2 44 27 32 14 10 12 19 18 34 29 10 28 2 34 1 0 15 38 5 15 18 28 12 41 11 6 23 36 43 8 39 35 35 19 3 39 32 16 11 14 45 15 36 41 44 31 41 13 17 41 23 35 17 35 24 28 35 1 13 26 3 0 15 32 19 12 26 45 22 31 7 15 41 44 11 39 23 6 0 41 41 23 24 6 6 3 35 36 44 42 16
100
25 48 39 40 35 25 21 23 20 28 29 32 44 8 33 16 9 31 11 39 28 4 1 2 10 44 47 48 46 16 45 19 47 14 38 49 3 30 2 17 23 7 46 10 41 49 14 22 43 29 18 26 13 13 30 37 45 34 24 0 33 11 5 17 26 6 25 34 15 1 19 37 38 0 35 12 27 24 36 20 4 15 36 40 7 12 21 27 22 8 42 5 32 31 43 3 18 6 41 42
62
1 25 20 10 8 13 12 22 19 30 10 22 3 30 4 7 16 18 6 26 12 10 9 11 19 20 27 19 2 2 8 2 25 28 12 0 8 24 22 27 22 1 16 25 29 18 0 14 3 6 8 16 16 17 27 3 4 23 20 7 23 28
99
49 48 48 47 47 46 46 45 45 44 44 43 43 42 42 41 41 40 40 39 39 38 38 37 37 36 36 35 35 34 34 33 33 32 32 31 31 30 30 29 29 28 28 27 27 26 26 25 25 24 24 23 23 22 22 21 21 20 20 19 19 18 18 17 17 16 16 15 15 14 14 13 13 12 12 11 11 10 10 9 9 8 8 7 7 6 6 5 5 4 4 3 3 2 2 1 1 0 0
84
14 8 7 39 10 3 38 11 3 17 11 18 24 29 23 1 10 38 28 23 21 25 29 32 34 24 10 7 32 34 4 4 0 12 41 9 13 37 18 14 12 29 32 34 14 14 36 23 10 20 4 29 3 33 17 37 14 27 2 4 19 5 6 18 15 5 27 28 0 1 0 10 30 30 3 0 2 37 23 10 15 25 40 19
100
49 49 49 49 49 49 49 49 49 49 49 49 49 49 49 49 49 49 49 49 49 49 49 49 49 49 49 49 49 49 49 49 49 49 49 49 49 49 49 49 49 49 49 49 49 49 49 38 49 49 49 49 0 0 0 0 0 0 0 0 0 0 0 0 0 0 0 0 0 0 0 0 0 0 0 0 0 0 0 0 0 0 0 0 0 0 0 0 0 0 0 0 0 0 0 0 0 0 0 0
99
0 1 2 3 4 5 6 7 8 9 10 11 12 13 14 15 16 17 18 19 20 21 22 23 24 25 26 27 28 29 30 31 32 33 34 35 36 37 38 39 40 41 42 43 44 45 46 47 48 49 48 47 46 45 44 43 42 41 40 39 38 37 36 35 34 33 32 31 30 29 28 27 26 25 24 23 22 21 20 19 18 17 16 15 14 13 12 11 10 9 8 7 6 5 4 3 2 1 0
99
22 0 2 48 6 3 30 31 46 38 44 44 41 17 33 45 15 29 35 14 16 27 34 40 24 4 39 15 26 12 18 47 0 32 23 25 35 23 8 1 22 6 13 7 42 7 48 32 21 38 9 39 10 8 17 5 3 36 1 46 4 45 47 12 9 31 30 13 11 26 14 25 27 2 40 28 21 24 28 20 42 49 19 11 34 36 33 19 5 29 41 18 43 43 37 20 37 10 16
99
49 49 49 49 49 49 49 49 49 49 49 49 49 49 49 49 49 49 49 49 49 49 49 49 49 49 49 49 49 49 49 49 49 49 49 49 49 49 49 49 49 49 49 49 49 49 49 49 49 49 49 49 49 49 49 49 49 49 49 49 49 49 49 49 49 49 49 49 49 49 49 49 49 49 49 49 49 49 49 49 49 49 49 49 49 49 49 49 49 49 49 49 49 49 49 49 49 49 49
86
0 0 0 42 42 42 0 42 0 42 0 42 0 42 42 0 42 0 42 42 42 0 0 42 42 42 0 42 42 0 0 42 0 0 0 42 0 0 42 23 0 42 42 0 0 42 42 0 42 0 42 0 42 0 42 0 42 42 42 0 0 0 42 0 0 42 0 0 0 42 42 0 0 0 0 0 42 42 0 0 0 0 42 42 0 0
100
0 1 2 3 4 5 6 7 8 9 10 11 12 13 14 15 16 17 18 19 20 21 22 23 24 25 26 27 28 29 30 31 32 33 34 35 36 37 38 39 40 41 42 43 44 45 46 47 48 49 49 48 47 46 45 44 43 42 41 40 39 38 37 36 35 34 33 32 31 30 29 28 27 26 25 24 23 22 21 20 19 18 17 16 15 14 13 12 11 10 9 8 7 6 5 4 3 2 1 0
99
15 45 15 29 36 44 22 35 6 13 38 9 16 26 38 38 13 34 33 29 25 25 47 36 1 2 39 31 48 22 47 15 20 14 47 6 10 19 43 16 33 32 28 1 10 18 42 25 4 25 4 30 0 1 18 1 5 7 30 6 32 29 21 2 44 20 10 4 40 3 23 25 37 1 26 47 19 18 22 23 45 26 5 45 30 24 49 37 33 29 43 15 9 17 17 5 37 27 9
99
40 19 38 25 11 48 14 27 45 27 42 29 49 43 37 49 4 23 17 30 2 22 19 15 17 41 10 30 46 13 13 36 32 2 11 46 2 27 23 47 7 17 28 6 10 15 6 14 40 25 44 45 49 16 10 16 9 23 48 5 36 12 43 21 16 6 17 18 36 40 17 43 10 45 49 20 12 7 37 4 35 33 49 34 49 12 3 10 37 1 17 23 15 10 46 31 19 15 1
86
42 42 42 42 42 42 35 42 42 42 42 42 42 42 42 42 42 42 42 42 42 42 42 42 42 42 42 42 42 42 42 42 42 42 42 42 42 42 42 42 42 42 42 42 42 42 42 42 42 42 42 42 42 42 42 42 42 42 42 42 42 42 42 42 42 42 42 42 42 42 42 42 42 42 42 42 42 42 42 42 42 42 42 42 42 42
100
48 9 7 1 0 3 40 20 18 8 21 23 15 17 26 44 49 39 27 30 48 30 38 40 31 28 44 2 46 8 0 44 17 10 46 17 13 38 39 33 47 12 6 12 31 32 9 30 23 38 12 21 20 2 14 1 31 10 5 27 18 7 21 35 17 19 5 33 10 46 16 9 9 25 23 40 9 32 23 33 22 35 6 42 38 20 43 21 33 0 48 1 8 21 39 27 43 46 10 5
43
4 10 19 18 5 7 20 18 16 9 10 10 5 14 15 11 15 19 12 15 6 21 11 6 5 16 10 2 9 15 20 11 3 15 7 7 0 3 3 14 11 11 2
100
10 31 36 42 35 18 35 9 42 22 16 4 3 12 32 35 41 3 14 12 13 11 31 39 10 29 15 34 17 24 39 27 7 26 20 42 46 7 4 38 29 22 44 35 34 26 20 27 29 36 39 45 0 22 34 10 1 49 44 18 25 33 48 32 9 20 25 7 27 31 45 9 3 41 44 39 19 14 16 49 3 7 46 3 29 30 13 32 31 7 1 6 42 1 38 4 21 15 11 48
72
27 25 16 4 31 21 0 2 8 4 17 10 1 17 6 16 32 25 19 3 35 26 7 7 19 24 10 34 35 25 31 26 15 27 11 26 28 11 9 0 32 26 10 13 23 32 29 19 2 12 2 1 18 10 24 2 14 14 16 14 4 11 20 35 2 11 5 31 23 14 31 35
99
49 49 49 49 0 49 49 0 49 0 49 0 49 49 0 49 49 0 0 0 0 49 0 49 0 49 49 49 0 49 0 25 49 49 0 49 0 49 49 49 0 0 0 49 49 0 49 49 0 49 49 0 0 49 49 49 0 0 0 0 0 0 0 49 49 0 0 49 0 49 49 0 49 49 49 0 49 0 49 49 0 49 49 0 0 49 49 49 49 49 49 49 49 49 0 0 0 0 0
82
0 0 40 40 40 0 40 40 40 40 0 40 0 40 40 0 0 40 40 40 0 40 0 40 40 4 0 0 40 40 0 40 40 40 0 0 40 40 40 40 40 0 0 40 40 40 40 40 0 40 0 0 0 0 40 40 0 0 0 40 40 0 0 0 40 40 40 40 0 0 0 40 0 0 0 40 0 0 0 0 40 0
100
0 1 2 3 4 5 6 7 8 9 10 11 12 13 14 15 16 17 18 19 20 21 22 23 24 25 26 27 28 29 30 31 32 33 34 35 36 37 38 39 40 41 42 43 44 45 46 47 48 49 49 48 47 46 45 44 43 42 41 40 39 38 37 36 35 34 33 32 31 30 29 28 27 26 25 24 23 22 21 20 19 18 49 16 15 14 13 12 11 10 9 8 7 6 5 4 3 2 1 0
99
49 49 49 49 49 49 49 49 49 49 49 49 49 49 49 49 49 49 49 49 49 49 49 49 49 49 49 49 49 49 49 49 49 49 49 49 49 49 49 49 49 49 49 49 49 49 49 49 49 49 49 49 49 49 0 0 0 0 0 0 0 0 0 0 0 0 0 0 0 0 0 0 0 0 0 0 0 0 0 0 0 0 0 0 0 0 0 0 0 0 0 0 0 0 0 0 0 0 0
95
47 47 47 47 47 47 47 47 47 47 47 47 47 47 47 47 47 47 47 47 47 47 47 47 47 47 47 47 47 47 47 47 47 47 47 47 47 47 47 47 47 47 47 47 47 47 47 47 47 47 47 47 47 47 47 47 47 47 47 47 47 47 47 47 47 12 47 47 47 47 47 47 47 47 47 47 47 47 47 47 47 47 47 36 47 47 47 47 47 47 47 47 47 47 47
46
14 19 1 0 21 0 4 6 5 17 16 21 15 19 17 5 5 11 9 21 7 5 6 1 11 18 3 21 12 19 9 3 10 10 21 8 4 19 14 9 8 8 1 17 21 19
100
0 0 1 2 3 3 3 3 4 4 5 5 5 5 6 7 7 7 9 9 9 10 10 10 11 13 15 17 19 20 20 21 21 22 22 23 23 24 25 26 27 27 28 28 28 28 29 30 31 31 32 33 33 41 33 34 34 35 36 36 36 36 36 36 37 37 37 37 38 38 39 39 39 40 40 40 40 40 40 41 41 41 42 43 43 44 45 45 46 47 47 47 47 48 48 48 48 49 49 49
100
1 1 2 2 2 2 3 3 5 5 5 5 6 7 8 8 8 8 9 9 10 10 11 12 12 12 12 13 13 13 14 14 14 15 16 18 18 19 19 21 22 22 24 24 25 26 26 27 27 27 27 27 29 30 30 30 31 33 33 33 33 34 34 35 35 35 35 36 37 37 37 37 38 39 39 39 40 40 40 41 42 42 43 43 44 44 45 46 46 46 46 46 46 47 47 48 48 48 48 49
24
10 5 1 6 7 6 6 4 10 8 5 1 4 4 8 1 4 10 1 0 2 8 8 2
3
0 1 1
2
0 0
100
49 0 0 0 0 0 49 49 49 0 0 0 49 0 49 0 49 49 49 49 0 49 49 49 49 0 0 0 49 0 0 49 0 0 49 49 49 0 0 0 0 0 0 0 0 49 0 49 0 49 0 49 0 49 0 49 49 0 49 49 49 49 0 49 0 49 0 49 49 0 49 49 0 49 49 49 0 49 0 0 0 49 49 0 0 49 0 0 0 49 49 49 49 49 0 49 0 25 0 49
100
0 1 2 3 4 5 6 7 8 9 10 11 12 13 14 15 16 17 18 19 20 21 22 23 24 25 26 27 28 29 30 31 32 33 34 35 36 37 38 39 40 41 42 43 44 45 46 47 48 49 49 48 47 46 45 44 8 42 41 40 39 38 37 36 35 34 33 32 31 30 29 28 27 26 25 24 23 22 21 20 19 18 17 16 15 14 13 12 11 10 9 8 7 6 5 4 3 2 1 0
100
49 49 49 49 49 49 49 49 49 49 49 49 49 49 49 49 49 49 49 49 49 49 49 49 49 49 49 49 49 49 49 49 49 49 49 49 49 49 49 49 49 49 49 49 49 49 49 49 49 49 49 49 49 0 0 0 0 0 0 0 0 0 0 0 0 0 0 0 0 0 0 0 0 0 0 0 0 0 0 0 0 0 0 0 0 0 0 0 0 0 0 0 0 0 0 0 0 0 0 0
100
49 49 48 48 47 47 45 44 43 43 42 42 41 41 41 40 39 38 38 37 37 36 36 36 36 35 35 34 34 34 6 31 30 28 28 28 28 27 27 27 27 26 26 24 24 23 23 23 22 22 21 21 21 20 19 19 17 17 17 17 16 16 16 15 15 15 15 14 14 13 13 12 12 11 8 8 8 8 7 6 6 5 5 5 4 4 4 3 3 2 2 1 1 0 0 0 0 0 0 0
99
0 0 0 1 1 1 2 3 3 3 3 4 5 5 5 5 5 5 5 6 7 7 8 8 9 9 10 10 12 14 15 15 16 16 17 17 17 17 18 18 18 18 19 20 20 20 21 21 22 22 23 23 23 23 24 24 24 25 25 26 26 27 28 30 30 30 30 31 33 33 35 36 36 38 38 39 39 40 41 41 42 43 43 44 45 46 46 46 46 47 47 47 47 48 48 48 49 49 49
100
0 0 0 0 0 0 0 0 0 0 0 0 0 0 0 0 0 0 0 0 0 0 0 0 0 0 0 0 0 0 0 0 0 0 0 0 0 0 0 0 0 0 0 0 0 0 0 0 0 0 49 49 49 49 49 49 49 49 49 49 49 49 49 49 49 49 49 49 49 49 49 49 49 49 49 49 49 49 49 49 49 49 49 49 49 49 49 49 49 49 49 49 49 49 49 49 49 49 49 49
66
32 32 32 32 32 32 32 32 32 32 32 32 32 32 32 32 32 32 32 32 32 32 32 32 32 32 32 32 32 32 32 32 32 32 32 32 32 32 32 32 32 29 32 32 32 32 32 32 32 18 32 32 32 32 32 32 32 32 32 32 32 32 32 32 32 32
100
0 0 1 1 2 2 3 3 4 4 5 5 6 6 7 7 8 8 9 9 10 10 11 11 12 12 13 13 14 14 15 15 16 16 17 17 18 18 19 19 20 20 21 21 22 22 23 23 24 24 25 25 26 26 27 27 28 28 29 29 30 30 31 31 32 32 33 33 34 34 35 35 36 36 37 37 38 44 39 39 40 40 41 41 42 42 43 43 44 44 45 45 46 46 47 47 48 48 49 49
9
3 2 1 2 0 4 0 2 4
92
45 45 45 45 45 45 45 45 45 45 45 45 45 45 45 45 45 45 45 45 45 45 45 45 45 45 45 45 45 45 45 45 45 45 45 45 45 45 45 45 45 45 45 45 45 45 45 45 45 45 45 45 45 45 45 45 45 45 45 45 45 45 45 45 45 45 45 45 45 45 45 45 45 45 45 45 45 45 45 45 45 45 45 45 45 45 45 45 45 45 45 45
100
49 49 49 49 49 48 48 48 48 47 47 46 46 45 45 45 44 42 42 41 40 40 40 38 38 38 37 37 36 36 35 35 35 34 34 34 34 34 33 33 33 32 31 30 29 29 29 27 26 26 26 25 24 24 24 23 23 21 19 18 16 16 16 16 16 16 15 15 13 12 12 11 11 10 10 10 10 9 8 8 8 7 6 6 6 5 5 5 4 4 4 4 1 0 0 0 0 0 0 0
99
49 48 48 47 47 46 46 45 45 44 44 43 43 42 42 41 41 40 40 39 39 38 38 37 37 36 36 35 35 34 34 33 33 32 32 31 31 30 30 29 29 28 28 27 27 26 26 25 25 24 24 23 23 22 3 21 21 20 20 19 19 18 18 17 17 16 16 15 15 14 14 13 13 12 12 11 11 10 10 9 9 8 8 7 7 6 6 5 5 4 4 3 3 2 2 1 1 0 0
100
1 13 23 14 48 4 29 44 44 42 2 5 24 31 24 34 0 11 47 40 37 32 12 6 41 32 33 8 28 38 20 15 20 27 14 22 25 37 39 13 49 19 9 34 36 29 16 27 17 15 49 18 43 3 45 5 17 43 31 33 30 48 38 16 28 10 4 7 2 11 1 25 18 21 35 9 42 36 30 2 39 35 0 12 21 46 22 26 26 47 45 46 23 19 3 41 7 8 6 10
3
0 0 1
23
3 7 4 2 8 8 3 9 8 11 7 6 0 2 3 6 6 2 1 3 0 6 2
30
9 7 2 1 6 0 10 7 6 1 0 13 3 0 2 6 13 5 10 1 12 14 10 10 5 3 0 10 13 4
100
26 29 41 44 5 47 24 27 37 36 9 32 49 15 27 36 2 21 1 12 35 25 6 5 20 2 13 38 40 19 29 35 8 17 47 28 49 7 48 23 11 28 31 14 37 46 33 45 19 10 43 1 8 0 31 0 6 10 33 34 25 21 13 18 39 38 32 11 46 3 16 14 9 42 3 4 26 30 44 39 34 24 43 12 30 40 17 16 18 22 48 41 15 42 20 23 45 22 4 7
100
0 1 2 3 4 5 6 7 8 9 10 11 12 13 14 15 8 17 18 19 20 21 22 23 24 25 26 27 28 29 30 31 32 33 34 35 36 37 38 39 40 41 42 43 44 45 46 47 48 49 49 48 47 46 45 44 43 42 41 40 39 38 37 36 35 34 33 32 31 30 29 28 27 26 25 24 23 22 21 20 19 18 17 16 15 14 13 12 11 10 9 8 7 6 5 4 3 2 1 0
99
0 0 1 1 2 2 3 3 4 4 5 5 6 6 7 7 8 8 9 9 10 10 11 11 12 12 13 13 14 14 15 15 16 16 17 17 18 18 19 19 20 20 21 21 22 22 23 23 24 24 25 25 26 26 27 27 28 28 29 29 30 30 31 31 32 32 33 33 34 34 35 35 36 36 37 37 38 38 39 39 40 40 41 41 42 42 43 43 44 44 45 45 46 46 47 47 48 48 49
95
0 47 47 0 0 47 47 47 47 47 47 0 0 0 0 0 47 47 0 0 0 47 0 0 0 0 0 0 47 47 0 47 0 47 47 0 47 0 0 0 0 47 0 0 0 47 0 47 0 47 47 0 0 0 0 47 0 0 47 47 0 47 47 0 1 0 47 0 47 47 0 47 0 47 47 0 0 47 0 0 0 47 23 47 47 0 0 0 0 47 47 0 0 0 47
72
35 35 35 35 35 35 35 35 35 35 35 35 35 35 35 35 35 35 35 35 35 35 35 35 35 35 35 35 35 35 35 35 35 35 35 35 35 35 35 35 35 35 35 35 35 35 35 35 35 35 35 35 35 35 35 35 35 35 35 35 35 35 35 35 35 35 35 35 35 35 35 35
32
15 1 8 14 12 9 0 12 6 8 1 11 4 4 12 8 15 11 12 13 6 8 7 11 12 15 13 1 2 0 5 1
10
0 1 1 4 1 0 2 3 3 1
99
0 1 2 3 4 5 6 7 8 9 10 11 12 13 14 15 16 17 18 19 20 21 22 23 24 25 26 27 28 29 30 31 32 33 34 35 36 37 38 39 40 41 42 43 44 45 46 47 48 49 48 47 46 45 44 43 42 41 40 39 38 37 36 15 34 33 32 31 30 29 28 27 26 25 24 23 22 21 20 19 18 17 16 15 14 13 12 11 10 9 8 7 6 5 4 3 2 1 0
100
49 49 48 48 47 47 46 46 45 45 44 44 43 43 42 42 41 41 40 40 39 39 38 38 37 37 36 36 35 35 34 34 33 33 32 32 31 31 30 30 29 29 28 28 27 27 26 26 25 25 24 24 23 23 22 22 21 21 20 20 19 19 18 18 17 17 16 16 15 15 14 14 13 13 12 12 11 11 10 10 9 9 8 8 7 7 6 6 5 5 4 4 3 3 2 2 1 1 0 0
99
49 0 49 0 49 49 49 49 0 49 0 0 49 49 0 49 49 0 0 49 0 0 0 0 49 0 49 0 49 49 49 0 49 0 0 49 49 49 0 49 49 0 49 0 0 0 49 49 0 49 0 0 49 49 0 49 49 49 49 0 49 0 0 0 0 0 49 49 0 0 49 49 0 0 49 0 0 0 49 49 0 0 49 49 49 0 0 0 49 49 49 0 49 49 49 49 0 0 49
100
13 38 32 18 34 49 8 41 27 38 18 48 42 24 40 47 22 41 13 2 33 15 9 5 7 45 20 26 2 7 10 4 17 27 17 24 23 32 16 37 31 44 36 37 14 28 29 0 0 3 31 4 3 14 11 6 39 5 33 46 30 21 29 43 1 42 46 21 6 12 15 25 10 1 45 39 19 44 28 35 25 9 49 23 36 43 8 26 11 20 40 16 34 12 22 48 30 19 19 47
100
49 49 49 49 49 49 49 49 49 49 49 49 49 49 49 49 49 49 49 49 49 49 49 49 49 49 49 49 49 49 49 49 49 49 49 49 49 49 49 49 49 49 49 49 49 49 49 49 49 49 49 5 49 49 49 49 49 49 49 49 49 49 49 49 49 49 49 49 49 49 49 49 49 49 49 49 49 49 49 49 49 49 49 49 49 49 49 49 49 49 49 49 49 49 49 49 49 49 49 49
82
40 40 40 40 40 40 40 40 40 40 40 40 40 40 40 40 40 40 40 40 24 40 40 40 40 40 40 40 40 40 40 40 40 40 40 40 40 40 40 40 40 40 40 40 40 40 40 40 40 40 40 40 40 40 40 40 40 40 40 40 40 40 40 40 40 40 40 40 40 40 40 40 40 40 40 40 40 40 40 40 40 40
100
0 49 49 49 0 49 0 0 0 0 49 0 49 49 0 49 49 49 49 0 49 0 0 0 0 49 0 0 0 49 0 0 0 49 49 0 0 49 0 0 49 49 49 0 0 49 49 49 0 49 49 0 49 0 0 49 49 0 0 49 49 0 49 49 49 49 0 0 0 0 0 0 0 49 0 0 49 0 0 49 49 49 49 0 49 49 49 0 0 49 49 49 49 49 49 49 0 49 49 0
86
35 20 15 36 9 28 13 35 23 7 26 41 16 17 13 8 18 29 34 33 9 27 40 31 25 10 21 4 12 7 26 4 19 33 32 28 18 37 13 33 36 39 23 9 6 38 10 24 14 1 7 16 20 39 39 37 6 9 41 10 16 16 14 27 6 3 12 17 32 25 42 26 14 15 35 20 0 37 36 7 30 0 15 7 40 11
92
0 0 0 0 45 0 0 0 45 45 45 0 0 45 45 0 0 45 45 0 45 45 0 45 0 0 45 45 45 0 45 45 0 45 45 45 45 0 45 0 45 0 0 45 45 0 0 45 45 45 45 0 0 0 0 0 0 45 0 45 45 45 0 45 0 0 0 0 0 45 0 45 45 45 0 0 45 0 45 0 45 45 45 0 45 45 0 45 0 0 45 0
100
0 0 0 0 0 0 0 0 0 0 0 0 0 0 0 0 0 0 0 0 0 0 0 0 0 0 0 0 0 0 0 0 0 0 0 0 0 0 0 0 0 0 0 0 0 0 0 0 0 0 18 0 0 0 0 0 49 49 49 49 49 49 49 49 49 49 49 49 49 49 49 49 49 49 49 49 49 49 49 49 49 49 49 49 49 49 49 49 49 49 49 49 49 49 49 49 49 49 49 49
99
49 49 49 49 49 49 49 49 49 49 49 49 49 49 49 49 49 49 49 49 49 49 49 49 49 49 49 49 49 49 49 49 49 49 49 49 49 49 49 49 49 49 49 49 49 49 49 5 49 49 49 49 49 49 49 49 49 49 49 49 49 49 49 49 49 49 49 49 49 49 49 49 49 49 49 49 49 49 49 49 49 49 49 49 49 49 49 49 49 49 49 49 49 49 49 49 49 49 49
91
13 22 37 30 39 24 26 21 8 3 3 13 25 1 10 19 41 24 24 28 30 34 34 26 15 15 14 7 19 6 34 32 22 25 11 15 43 37 30 45 34 33 12 13 29 16 33 24 41 5 6 19 39 35 45 2 4 14 10 24 14 44 4 30 17 15 39 8 6 23 1 35 5 7 2 28 24 29 6 13 34 6 26 22 35 20 24 40 28 28 12
97
0 42 1 16 0 8 21 1 36 46 32 10 44 1 36 16 26 11 3 38 0 31 33 5 16 8 22 29 29 43 33 34 36 35 1 36 48 27 42 35 25 30 1 20 31 43 41 13 5 44 3 11 32 41 21 48 5 43 28 34 37 18 19 29 9 25 16 8 4 14 48 34 44 6 5 31 0 46 45 10 47 4 21 35 45 42 34 2 42 19 41 30 37 12 16 46 37
95
28 15 1 29 1 24 39 18 27 13 15 26 36 15 40 34 45 8 42 1 1 41 16 19 44 23 26 14 24 31 13 4 14 14 20 15 7 11 1 34 24 16 28 28 47 36 14 45 12 8 14 13 2 30 32 14 22 11 29 46 10 42 2 24 24 15 39 47 2 9 2 42 41 46 23 41 35 37 6 47 46 36 13 16 18 13 30 40 24 27 6 34 37 8 10
100
25 18 8 4 25 43 41 41 33 3 46 31 10 31 3 9 11 30 45 13 38 30 5 37 33 24 11 44 46 12 47 44 22 19 28 21 32 12 29 23 19 16 36 18 42 4 49 29 10 37 39 0 36 15 8 6 47 2 49 27 5 34 22 35 48 40 7 24 27 13 45 20 26 35 1 7 15 28 2 14 17 17 34 1 39 38 43 32 3 4 6 21 48 9 14 40 42 20 16 23
100
0 0 1 1 2 2 3 3 4 4 5 5 6 6 7 7 8 8 9 9 10 10 11 11 12 12 13 13 14 14 15 15 16 16 17 17 18 18 19 19 20 20 21 21 22 22 23 23 24 24 25 25 26 26 27 27 28 28 29 29 30 30 31 31 32 32 33 33 34 34 35 35 36 36 37 37 38 38 39 39 40 40 41 41 42 42 43 43 44 44 45 45 46 46 47 47 48 48 49 49
100
27 32 10 16 25 17 18 40 2 30 8 27 41 21 35 45 12 4 38 42 32 8 28 15 10 37 1 48 22 0 37 26 35 0 9 19 47 29 6 36 5 44 30 25 23 22 12 26 39 2 23 11 7 16 46 3 4 36 43 11 28 33 49 7 17 15 46 3 19 48 24 47 29 49 45 20 1 20 14 34 40 43 21 41 33 44 39 34 31 24 6 31 9 18 14 5 38 13 13 42
99
46 16 0 45 11 18 2 23 30 6 49 28 14 40 18 9 33 7 32 30 26 17 37 27 24 42 6 35 20 2 46 8 41 21 27 23 25 10 10 20 9 28 48 4 26 19 12 7 0 3 36 19 48 47 33 1 43 14 22 17 11 40 8 25 31 16 24 38 13 3 47 37 5 42 13 29 32 34 41 21 5 31 36 44 39 44 22 15 38 39 12 45 4 34 15 1 43 35 29
40
1 9 2 2 16 16 14 4 7 19 12 12 3 5 16 4 19 11 12 18 2 1 9 18 4 18 17 10 16 9 9 17 10 3 19 18 0 6 2 19
3
1 1 1
99
0 0 1 1 2 2 3 3 4 4 5 5 6 6 7 7 8 8 9 9 10 10 11 11 12 12 13 13 14 14 15 15 16 16 17 17 18 18 19 19 20 20 21 21 22 22 23 23 24 24 25 25 26 26 27 27 28 28 29 29 30 30 31 31 32 32 33 33 34 34 35 35 36 36 37 37 38 38 39 39 40 40 41 41 42 42 43 43 44 44 45 45 46 46 47 47 48 48 35
99
0 0 1 1 1 3 4 4 5 5 5 5 6 6 7 7 8 8 48 9 9 10 10 11 11 11 12 12 14 15 15 15 17 18 18 18 18 19 20 20 20 20 22 23 24 24 24 25 25 27 28 28 29 29 29 29 31 31 32 32 32 33 33 34 34 35 35 35 36 36 37 38 39 39 40 40 40 40 41 41 42 42 43 43 43 43 44 45 45 46 47 47 47 47 47 48 48 48 49
