100 100 5
525 592 666 538 118 166 649 517 890 507 949 993 358 988 409 298 619 179 428 811 42 863 440 675 443 826 825 652 676 231 235 511 37 675 613 563 477 94 631 1000 519 379 851 35 235 827 367 683 709 209 77 291 526 306 89 98 275 379 217 329 538 205 694 379 276 494 598 334 416 421 346 245 234 303 256 380 343 984 888 842 549 619 942 583 396 921 942 619 193 665 566 94 264 602 366 761 927 294 107 868
919 114 292 834 182 243 861 358 963 706 814 17 824 953 309 543 668 179 677 811 274 994 74 497 65 742 299 272 701 56 438 964 430 130 932 103 806 549 409 941 578 42 389 927 925 928 913 255 625 815 644 697 535 148 935 701 565 857 49 827 915 579 153 415 530 388 586 826 767 966 643 804 501 197 628 365 376 54 876 168 733 821 231 305 645 223 430 155 946 525 651 436 205 416 843 439 167 255 490 66
863 340 743 349 859 522 232 86 641 529 570 999 552 918 327 559 89 157 372 46 825 830 936 304 226 366 343 220 549 503 393 80 989 180 129 811 64 665 530 564 210 325 847 718 659 761 587 552 675 6 514 879 664 664 434 273 972 332 980 664 485 435 378 871 695 697 474 825 896 37 270 985 671 42 463 846 165 442 472 399 505 261 568 312 168 423 946 812 232 901 728 303 732 104 471 445 572 372 717 453
304 922 256 367 691 330 813 356 11 454 426 985 225 72 816 604 381 639 239 909 115 455 598 858 959 226 512 446 628 12 706 296 878 356 593 904 594 241 337 799 480 724 301 679 283 900 585 738 295 789 313 605 710 975 23 596 191 375 211 962 318 529 211 497 138 537 119 624 2 459 720 340 390 635 50 871 779 947 346 457 18 562 851 752 532 741 269 522 629 298 552 164 497 226 260 636 83 638 356 545
592 750 894 19 354 828 445 596 760 579 470 686 349 359 538 597 651 226 179 843 271 680 566 682 422 325 95 598 859 371 785 270 923 330 269 594 975 773 764 93 370 807 356 595 557 465 864 942 44 711 692 743 148 696 20 980 294 627 148 402 285 872 154 828 448 50 924 646 285 572 351 690 61 233 409 622 319 645 734 855 738 780 205 475 564 706 710 557 767 398 812 651 570 348 343 261 734 210 660 788
537 663 570 566 904 876 387 872 63 142 305 150 110 814 8 525 115 523 858 643 635 250 857 581 277 531 617 854 421 684 132 548 666 938 111 206 602 461 544 453 42 302 702 779 808 239 931 327 377 579 249 555 441 438 879 936 229 919 99 250 516 152 298 772 114 791 966 350 906 559 31 341 701 512 322 955 266 514 464 234 652 87 330 211 790 842 209 12 113 160 628 851 20 405 298 23 104 764 973 708
443 323 513 662 588 395 414 463 863 876 31 323 676 876 566 233 516 321 230 581 267 244 671 565 399 963 807 31 794 226 775 185 837 477 593 850 937 394 561 126 149 580 782 4 874 144 588 913 783 482 780 598 664 354 998 442 294 629 375 73 456 411 54 399 39 927 447 921 984 701 28 873 82 998 498 98 91 127 511 120 477 278 223 384 93 25 473 871 277 517 62 999 386 891 885 566 683 632 548 505
724 86 618 107 468 553 424 452 358 312 686 858 769 676 530 136 22 827 761 478 938 999 3 647 782 236 587 98 107 145 387 770 735 802 494 28 922 176 998 588 904 360 44 492 137 619 669 897 914 386 899 62 79 437 777 39 533 467 649 264 150 790 617 254 710 772 435 659 687 303 58 784 35 819 738 885 720 557 193 592 193 282 1000 46 379 111 361 915 226 910 625 700 537 294 812 746 587 331 406 672
303 556 7 561 786 299 272 773 145 545 776 618 754 656 4 515 520 634 683 183 147 141 873 316 220 47 513 338 557 471 840 948 237 231 608 922 885 798 939 393 477 197 974 151 668 419 82 376 862 791 511 98 443 545 255 535 9 256 393 846 134 438 146 119 884 800 163 607 619 447 856 473 7 835 271 591 540 929 406 755 681 39 695 564 521 571 306 182 663 54 21 126 624 415 365 845 510 960 674 372
378 3 492 656 186 801 450 661 642 817 659 75 614 554 277 646 557 202 105 591 903 937 264 73 597 749 660 85 794 958 911 118 376 753 572 694 379 227 797 681 244 958 464 667 331 756 880 444 154 543 455 259 759 901 954 489 34 94 648 65 139 50 704 292 739 763 694 350 304 438 169 136 147 961 639 920 709 789 190 671 593 764 934 714 603 778 94 831 988 369 499 998 274 211 129 170 548 887 38 674
678 438 464 969 966 766 159 420 279 598 536 667 686 435 754 980 881 699 491 107 512 421 812 953 644 114 903 183 366 764 999 844 668 166 424 360 822 477 84 28 359 420 478 437 882 955 824 267 31 50 337 328 77 933 114 185 230 446 396 364 781 936 99 799 827 531 466 444 942 530 355 440 547 231 142 738 350 158 968 551 588 577 442 638 899 672 859 14 269 463 172 972 501 513 927 721 299 34 466 595
392 139 14 272 807 455 120 692 528 276 63 98 489 503 422 957 792 131 510 747 274 54 826 52 756 108 315 577 299 356 972 742 681 408 850 843 198 560 18 496 816 577 852 487 939 878 232 387 282 998 389 717 995 957 34 651 468 795 31 912 544 285 721 645 413 472 370 471 821 679 675 332 216 998 264 706 346 685 66 202 881 959 830 367 930 579 630 463 368 386 973 642 508 84 264 887 227 72 913 574
867 382 137 695 585 951 879 962 717 613 400 25 746 248 498 710 933 615 954 559 492 677 521 359 816 911 852 764 900 491 129 547 116 5 49 75 339 589 279 224 128 198 425 904 595 539 542 212 139 537 597 935 368 478 414 705 869 12 127 648 209 948 419 830 537 163 837 7 399 813 339 751 883 997 458 461 251 880 513 775 996 134 557 137 857 942 29 200 142 950 951 570 216 726 434 996 702 820 365 424
515 894 96 78 614 144 807 299 457 691 231 172 852 76 567 668 303 722 343 146 309 56 486 699 223 504 850 826 762 182 360 848 27 872 505 5 649 18 628 995 940 575 985 664 569 641 501 594 80 655 778 454 150 197 166 775 1 623 158 500 583 179 179 97 42 29 540 840 176 594 84 60 61 873 118 166 755 64 815 671 160 875 377 903 116 747 905 826 404 698 697 824 832 961 150 786 951 927 666 950
70 369 211 679 578 439 313 359 371 750 220 567 213 384 666 277 512 541 513 365 442 127 508 677 977 131 295 869 125 461 275 515 425 725 973 665 667 910 958 311 942 121 938 321 647 371 894 416 350 104 609 612 235 735 713 66 332 449 916 297 476 544 819 741 237 338 250 87 131 520 948 159 725 115 445 6 644 980 724 709 580 962 582 721 451 189 307 686 983 225 869 367 169 112 205 604 880 658 562 916
262 19 935 731 944 571 373 368 714 5 12 709 83 156 468 527 439 930 609 538 457 139 341 272 547 679 873 373 111 34 187 18 979 35 433 126 497 269 830 877 371 253 736 327 411 741 507 669 310 220 322 603 148 588 871 645 181 655 769 428 191 289 871 713 904 309 34 112 784 890 863 118 544 417 630 911 719 202 124 856 951 388 25 574 441 298 277 391 274 538 606 522 114 796 847 187 148 981 90 666
283 327 331 250 676 490 32 219 597 406 545 997 343 23 529 668 40 532 467 736 780 480 470 798 865 140 124 515 207 98 166 631 866 164 401 860 104 434 724 779 159 558 419 627 39 732 960 25 214 436 616 54 503 23 627 916 379 995 104 320 645 402 879 259 563 772 3 945 775 919 163 846 173 642 147 435 317 132 159 865 498 218 535 905 141 796 896 614 207 636 443 94 826 732 887 60 103 940 950 360
420 869 82 411 229 468 842 279 278 945 432 975 920 241 952 125 384 688 812 595 623 76 833 696 405 220 816 273 841 483 877 995 359 605 934 844 724 75 49 237 297 974 679 570 231 980 710 79 136 995 93 538 255 41 864 484 194 856 244 919 329 306 811 952 426 426 184 715 251 851 584 657 591 991 991 994 896 842 853 1000 196 36 604 87 566 932 852 729 926 708 225 909 917 177 275 999 641 17 286 230
502 176 576 30 925 810 468 255 626 550 380 524 675 516 822 707 968 754 728 885 60 170 739 908 641 685 775 452 174 749 677 162 890 438 739 301 547 617 920 857 732 437 870 797 863 991 78 725 614 497 677 795 734 508 480 66 83 683 913 579 429 415 454 55 844 190 485 237 318 739 755 863 394 774 219 381 593 597 898 184 89 158 433 749 381 389 364 536 244 834 126 988 169 128 818 52 468 343 330 434
66 29 453 593 998 214 821 996 475 889 346 577 38 458 461 247 926 293 327 479 954 496 737 315 847 848 387 81 840 388 950 710 38 500 385 666 235 760 629 417 502 306 194 580 817 302 259 85 565 110 870 604 70 225 579 642 584 321 388 967 416 788 691 603 394 701 150 921 196 228 801 650 225 402 209 968 466 588 949 310 424 899 876 907 450 313 511 259 19 783 609 535 937 914 70 102 701 331 695 608
265 131 207 213 713 612 998 643 325 310 594 862 216 337 995 601 830 51 816 534 307 598 263 136 793 131 884 345 70 990 499 259 209 432 344 112 298 752 746 219 412 360 449 478 956 101 957 62 204 151 326 18 551 253 387 613 447 10 606 408 346 299 591 144 246 270 365 261 937 770 836 420 885 92 56 319 602 636 50 409 136 609 98 366 921 746 84 293 37 83 413 58 69 482 770 434 771 569 653 696
165 220 921 39 553 259 224 800 301 614 519 279 615 47 444 209 462 873 140 73 403 390 507 340 423 576 858 185 211 835 733 581 795 34 305 137 358 272 163 149 317 330 887 263 3 725 153 98 60 395 445 589 141 677 272 795 221 585 728 180 75 992 451 456 910 318 422 893 726 525 976 226 710 375 162 724 771 846 185 350 777 98 276 922 493 395 863 364 832 343 280 554 750 633 767 168 276 400 717 597
779 400 106 404 160 983 607 93 207 782 610 720 882 662 485 498 654 535 711 394 873 355 951 15 552 377 966 4 944 824 626 194 551 656 466 519 679 282 850 13 926 117 279 973 197 545 575 635 519 613 201 262 724 77 921 589 762 908 994 305 138 258 481 927 827 867 136 648 731 366 387 151 108 968 208 149 390 233 241 666 282 172 214 570 263 296 617 746 556 505 514 382 595 826 484 234 526 134 385 661
923 201 134 648 1000 639 898 49 411 692 908 394 649 477 24 60 759 874 393 916 310 225 327 769 561 726 998 186 569 845 750 623 307 965 281 114 870 275 662 858 373 587 499 100 203 402 418 855 682 78 113 68 220 704 932 687 788 142 907 979 58 666 715 835 929 431 825 794 110 615 861 804 471 920 210 6 825 16 569 79 396 981 341 981 578 780 754 650 215 328 998 814 961 69 581 15 161 435 62 524
62 207 572 571 751 353 861 466 274 474 759 585 221 994 73 874 724 555 971 217 267 532 924 382 44 317 793 835 521 21 771 719 453 103 502 668 896 667 899 969 772 555 94 23 112 627 158 630 365 213 937 450 935 388 193 214 289 421 759 554 372 356 756 940 537 616 625 19 949 77 304 395 969 860 192 233 661 997 324 974 299 887 676 608 167 350 283 243 155 1000 547 433 485 308 858 661 183 490 435 847
860 6 40 191 922 607 508 58 990 205 185 307 435 855 103 580 182 759 279 860 968 665 871 579 336 873 493 371 29 543 852 818 4 496 747 847 691 450 616 568 11 496 457 267 147 344 384 305 458 592 874 229 849 859 445 934 805 244 331 931 25 111 308 793 28 76 195 9 570 593 947 205 499 648 866 595 869 83 50 198 153 273 729 199 63 378 102 867 413 961 501 116 478 748 26 779 713 24 545 999
215 942 380 713 116 39 91 728 88 518 296 900 672 884 784 353 89 920 376 507 764 451 315 329 431 912 843 662 394 811 291 396 327 243 709 203 983 852 620 360 96 339 294 445 35 227 585 375 97 928 473 808 560 756 308 105 584 252 619 817 856 525 625 854 244 792 208 510 200 813 862 520 883 799 95 749 96 478 379 992 326 404 258 190 239 362 426 830 451 562 366 155 876 896 561 369 853 202 215 186
984 199 840 270 283 884 321 778 236 261 873 863 284 453 1000 953 408 732 696 441 83 837 861 343 209 315 129 282 175 863 712 266 464 370 239 161 454 376 652 913 192 28 889 390 633 9 120 284 878 836 862 717 430 437 925 762 129 640 500 633 969 654 448 854 821 495 175 16 663 818 793 970 472 206 896 774 902 888 570 110 219 165 464 418 278 279 636 604 82 891 658 271 25 548 491 315 718 182 641 342
815 314 300 28 820 45 638 967 768 459 828 282 58 778 880 836 913 131 934 40 930 864 925 153 801 217 592 462 898 773 66 612 947 52 171 233 468 318 214 342 12 871 631 71 760 336 386 182 593 628 412 784 308 292 277 167 704 585 432 252 974 895 515 142 280 27 835 107 551 566 907 714 960 743 654 806 202 119 372 393 491 104 277 592 842 699 303 827 590 348 365 575 662 284 272 527 898 17 721 372
835 329 802 925 264 638 851 845 96 925 149 145 334 694 979 23 422 100 827 705 724 152 459 153 620 986 275 205 427 689 694 460 897 229 268 985 964 663 292 924 86 289 573 12 538 446 618 536 150 212 840 670 144 307 210 561 560 744 375 528 845 267 900 528 52 49 869 768 214 252 536 754 116 854 928 472 172 148 150 434 867 443 97 482 607 530 909 843 823 714 390 37 496 835 962 435 474 951 535 55
232 193 86 113 266 139 397 764 42 876 961 646 670 240 910 173 118 446 587 842 935 573 556 904 155 862 853 119 51 137 91 322 856 192 281 435 419 143 152 315 54 109 294 877 842 309 787 592 254 695 605 73 255 829 960 897 899 591 439 793 37 951 882 141 157 867 196 767 486 930 323 674 920 482 574 791 345 519 450 346 273 248 242 911 802 876 188 302 829 145 114 582 533 91 822 507 509 711 767 877
180 884 293 741 896 688 341 15 416 923 949 448 789 866 754 360 885 415 100 993 163 864 719 831 249 200 11 612 907 199 537 196 87 629 454 293 648 391 185 687 840 392 909 168 543 553 273 102 108 463 717 694 146 423 943 944 569 711 423 107 312 722 388 719 501 378 190 322 966 704 701 43 914 420 371 484 186 892 322 85 317 530 881 573 246 258 280 51 840 890 568 267 506 174 331 870 997 928 548 748
964 252 736 636 633 241 41 217 143 278 543 745 863 283 375 296 170 180 166 739 950 836 684 425 659 801 523 167 704 10 795 483 226 318 271 497 488 776 627 376 14 317 651 533 316 431 627 428 630 525 773 644 116 974 257 73 629 932 123 184 511 311 490 965 103 675 656 967 854 608 518 128 264 674 450 628 793 802 719 17 838 923 462 240 622 567 96 386 47 296 947 410 583 1000 99 711 387 320 126 139
962 469 358 781 918 492 772 711 379 523 876 976 929 601 276 160 968 916 863 928 217 642 323 886 670 215 280 767 856 247 898 159 203 27 892 760 559 85 563 420 514 969 325 157 168 110 33 70 323 129 483 873 486 14 754 384 20 964 718 176 125 91 961 142 456 470 56 462 800 408 439 807 133 557 991 985 393 460 619 188 435 801 410 867 560 828 241 342 98 181 321 809 692 928 402 701 471 332 681 370
639 519 163 340 472 804 797 124 411 502 954 371 899 103 288 8 473 355 421 473 181 597 143 963 215 215 116 465 355 229 595 977 709 381 174 956 532 180 194 974 808 217 948 642 218 254 697 643 892 114 400 926 249 72 90 996 610 24 960 709 59 638 660 954 261 781 266 477 800 96 379 800 331 996 823 112 730 778 718 437 722 274 356 873 820 135 86 186 736 642 903 323 312 799 545 431 234 489 639 571
206 72 539 908 458 872 21 256 608 429 623 354 834 424 721 307 925 340 735 371 46 100 410 127 560 237 647 820 355 190 129 213 50 894 451 124 189 875 613 256 233 990 210 591 511 515 980 182 382 582 972 688 148 683 252 719 41 493 807 82 133 62 642 615 193 434 359 998 654 398 304 886 480 268 904 388 57 921 771 799 501 482 830 441 492 373 862 612 802 129 606 856 115 108 999 114 698 969 783 76
575 687 694 320 308 627 166 942 482 457 404 177 958 460 765 709 379 128 573 581 860 263 684 759 342 129 862 801 881 208 872 442 576 618 511 583 186 160 990 565 964 456 995 482 837 841 626 869 91 213 584 376 228 865 274 427 382 381 713 690 295 673 45 414 455 178 454 379 435 570 56 162 881 291 735 943 915 656 551 113 693 753 246 803 691 114 700 385 556 762 468 759 651 547 849 129 987 477 276 225
90 900 303 675 867 502 830 811 82 109 949 952 951 155 266 935 52 616 977 206 889 556 137 861 201 760 126 755 837 974 325 933 194 987 78 899 196 952 810 1 591 671 200 155 427 886 97 679 576 201 718 441 121 519 215 26 393 579 145 949 667 213 850 129 996 238 721 274 149 535 638 575 765 121 724 946 396 580 884 929 940 798 475 660 252 454 388 129 310 479 239 3 353 615 998 865 365 773 586 360
372 410 602 664 548 16 961 187 633 572 9 805 947 657 104 521 447 944 550 232 340 486 157 750 161 971 529 717 978 671 474 389 828 471 777 335 389 523 695 10 121 492 675 594 933 231 742 830 196 703 993 836 214 559 444 934 216 914 974 630 593 695 475 876 404 264 470 725 485 584 238 278 206 708 9 68 550 262 14 984 568 981 848 841 330 669 399 341 733 139 890 298 630 922 178 402 854 924 38 242
40 590 524 118 577 290 643 487 129 725 300 680 980 401 128 33 819 363 824 573 380 611 613 647 231 707 992 783 615 814 843 110 265 223 17 957 140 234 424 574 332 519 641 329 542 424 674 664 655 976 453 578 669 153 811 411 717 897 164 663 751 506 453 398 362 219 164 47 434 210 26 547 320 297 692 981 979 619 685 962 741 61 706 350 2 277 921 964 431 761 613 105 572 441 535 477 799 790 732 850
338 312 329 858 52 821 53 441 603 214 117 273 987 587 685 151 926 405 362 166 701 848 80 895 606 696 772 441 525 79 542 577 669 911 302 545 385 862 730 411 367 668 710 996 766 692 222 820 436 809 493 39 670 831 93 394 886 161 930 447 426 353 407 558 267 5 806 652 570 533 370 912 668 183 128 565 125 235 39 801 518 839 884 131 169 147 879 892 728 101 785 741 687 387 415 805 713 182 290 138
574 56 423 634 137 625 743 479 802 808 601 54 174 759 972 719 591 187 536 172 794 544 704 494 711 380 238 980 87 917 675 973 925 830 486 110 676 343 23 711 13 766 441 913 734 501 783 293 490 168 400 254 222 810 789 306 505 262 41 811 710 477 558 811 652 420 762 593 253 695 742 949 881 223 753 347 87 32 794 66 215 892 285 102 403 82 455 802 651 115 779 512 525 574 321 600 752 990 129 551
360 646 487 712 195 62 959 683 426 204 385 9 868 543 581 473 973 763 74 993 612 606 299 42 877 947 702 43 874 90 426 222 91 990 204 463 425 573 29 450 635 292 838 451 943 883 323 382 71 239 688 909 852 271 63 160 801 709 358 58 76 862 474 157 801 818 136 2 490 730 805 957 308 519 345 223 386 52 423 75 273 604 287 568 825 828 882 499 403 271 55 338 979 79 785 54 67 83 288 75
354 561 704 277 972 58 563 302 284 272 856 737 963 349 587 770 794 738 646 661 554 876 700 862 445 514 731 477 165 355 818 266 597 912 438 546 727 947 375 336 83 60 515 599 533 319 249 207 654 208 527 136 201 157 865 541 583 10 999 405 294 871 604 184 119 144 606 870 618 86 9 74 273 729 932 306 157 240 848 430 524 353 664 777 642 96 72 167 632 838 56 174 846 277 648 812 277 467 709 529
959 911 875 494 934 517 152 925 824 957 201 305 906 963 515 183 161 545 842 521 619 285 611 880 950 902 423 382 201 223 475 941 610 813 690 829 264 918 51 392 231 575 433 246 564 310 550 503 531 388 620 232 971 416 418 148 19 48 994 827 105 971 323 50 20 260 269 695 639 830 34 466 381 919 632 92 12 902 761 858 706 571 5 936 54 946 303 681 775 281 301 922 253 324 537 742 423 542 863 25
842 19 67 123 467 317 312 446 934 184 843 931 700 245 978 408 884 715 694 308 11 682 530 33 170 191 939 910 607 83 331 408 553 596 969 299 854 108 834 958 538 37 589 640 16 906 250 849 535 810 484 251 909 576 858 239 222 199 419 628 436 548 30 98 773 860 849 267 156 254 148 525 190 628 139 76 160 529 575 118 343 408 97 175 355 863 439 518 333 203 828 32 925 973 182 958 299 233 59 841
83 329 761 680 307 837 573 233 541 32 298 301 395 858 356 456 680 767 254 270 235 230 494 272 10 584 88 519 922 171 14 886 780 438 286 902 403 12 469 40 637 141 621 208 836 709 490 927 295 176 206 109 350 78 785 331 907 646 173 266 687 340 273 303 263 960 918 911 159 696 667 334 666 161 963 356 824 147 291 398 647 607 859 227 730 603 294 436 599 65 697 519 371 225 176 198 476 895 749 524
102 797 708 592 501 526 365 461 205 583 68 444 148 997 337 535 98 609 142 561 403 493 233 904 793 738 638 49 49 114 5 772 25 352 25 49 492 435 103 612 987 892 303 246 590 20 310 213 111 377 14 128 656 758 287 216 219 430 989 74 151 745 601 52 783 850 867 219 955 916 896 959 544 401 597 431 196 518 269 618 757 564 920 385 916 538 673 20 32 388 274 849 218 591 837 924 487 175 614 763
54 839 918 258 22 803 624 322 307 70 4 953 958 670 620 773 360 570 998 860 412 43 341 231 448 786 483 738 305 92 272 627 10 369 205 612 536 764 879 481 954 759 310 289 770 200 935 944 636 461 176 592 832 127 375 343 496 907 32 241 186 565 441 517 24 600 197 764 574 269 108 257 419 321 70 633 398 704 166 841 701 516 183 763 531 598 741 816 292 595 448 442 238 144 438 826 434 3 529 542
703 775 140 180 528 153 405 901 526 780 211 257 403 705 662 467 643 191 631 830 285 953 40 320 202 793 42 385 559 367 233 369 553 180 717 794 429 542 959 722 183 991 281 110 541 884 278 794 288 529 148 21 853 933 408 531 159 944 224 754 469 657 970 555 783 518 927 293 457 836 121 801 291 428 896 321 406 130 50 45 89 42 904 60 496 450 619 949 370 131 848 186 914 368 263 654 308 544 995 299
470 370 942 88 150 180 773 202 415 965 660 555 921 17 708 813 894 318 228 960 782 12 142 746 704 107 755 478 335 782 224 257 578 498 106 671 757 195 337 239 179 104 508 542 751 109 859 784 601 181 578 730 903 155 516 299 749 912 66 439 81 273 574 568 850 560 416 700 559 571 21 106 93 978 141 216 225 385 685 805 801 102 257 589 664 488 586 731 541 543 288 614 864 487 335 23 961 276 264 389
693 825 993 625 675 800 253 180 59 785 370 605 478 373 754 773 329 595 130 802 361 405 986 90 577 101 845 19 810 245 955 119 52 849 96 585 901 159 209 100 417 159 466 24 852 844 635 723 872 892 726 314 818 833 391 936 870 899 701 888 633 227 557 784 496 576 864 273 210 574 301 351 896 462 426 132 706 265 133 675 883 375 57 346 25 208 592 290 301 760 667 442 488 599 578 942 244 803 857 924
99 211 807 257 124 437 328 520 407 306 776 638 403 45 74 438 512 560 962 67 202 821 109 882 762 528 184 19 744 33 272 552 554 988 302 246 877 96 49 120 894 54 85 45 147 52 936 133 166 266 117 468 990 879 778 771 928 498 510 150 125 311 917 860 72 386 721 735 953 393 277 860 961 201 600 687 596 285 395 489 36 398 351 741 83 314 644 792 259 67 236 30 78 99 182 753 896 692 549 948
690 822 751 95 393 966 866 820 49 681 558 296 445 700 185 990 44 197 663 826 100 385 770 592 895 522 843 777 143 887 345 578 192 553 986 42 77 958 250 675 504 120 746 55 76 642 889 641 867 552 653 112 692 672 134 182 848 305 993 236 690 857 22 614 262 696 267 21 217 963 815 743 549 863 45 134 125 539 290 386 717 148 32 811 971 223 650 360 950 509 437 805 376 745 76 622 803 328 311 779
280 895 249 87 833 843 719 187 767 321 705 936 403 102 322 273 366 434 880 922 720 915 750 995 387 937 260 309 347 41 772 464 847 997 750 776 609 162 315 503 307 658 181 571 96 644 547 300 625 799 738 875 143 162 931 611 890 995 784 423 400 605 636 927 939 872 194 238 779 570 344 957 442 742 267 679 208 709 834 274 886 569 8 25 489 105 629 399 65 184 492 413 471 489 645 888 434 345 941 665
800 20 739 376 513 864 881 416 30 423 626 608 945 711 37 58 231 858 165 448 497 609 876 216 549 226 737 746 347 306 314 886 339 125 599 117 145 164 631 428 190 1000 919 652 578 877 397 913 818 124 278 533 255 335 389 667 565 762 902 187 384 935 170 1000 211 216 310 344 181 26 653 23 480 604 305 92 18 215 867 229 294 343 929 790 751 885 404 391 282 982 692 609 178 953 935 401 671 238 24 577
832 878 79 852 126 697 263 199 846 103 606 11 674 898 15 856 699 799 842 809 914 81 118 217 231 232 284 735 788 316 414 597 497 980 82 560 103 720 503 772 116 33 473 384 424 674 846 104 295 367 121 84 6 615 629 339 921 425 337 437 1 916 460 391 10 767 183 266 406 704 58 80 410 559 666 308 364 594 415 476 72 210 229 926 431 49 649 421 613 244 188 731 878 33 453 795 786 529 218 656
828 865 409 822 73 789 897 337 810 159 809 479 627 342 921 859 8 529 628 548 428 760 38 135 813 44 939 432 493 825 649 959 417 673 969 319 702 328 583 966 967 795 131 664 623 973 518 526 392 609 715 371 910 696 843 380 833 750 822 705 403 752 617 176 632 615 359 341 225 348 264 768 47 95 834 375 682 58 787 969 281 932 950 250 938 407 85 448 919 713 825 821 318 740 280 895 490 345 803 945
64 762 295 962 713 507 765 870 641 341 84 239 450 846 493 910 722 507 452 956 730 444 974 121 25 173 352 467 390 239 584 125 426 422 650 745 640 704 689 448 132 676 873 951 387 385 970 788 630 557 818 392 253 567 688 197 816 3 285 648 574 925 886 251 774 282 92 637 248 196 50 978 285 876 602 476 763 528 89 29 238 118 227 721 598 401 599 755 83 837 234 321 106 590 11 446 717 255 115 236
881 271 506 515 95 797 441 238 600 808 622 772 343 396 294 625 471 988 135 517 85 106 253 370 111 520 966 558 411 953 449 335 670 116 367 21 10 925 642 488 273 713 911 936 726 792 425 32 368 454 709 730 213 672 457 167 282 574 480 357 863 631 290 406 200 313 343 446 893 959 546 67 900 207 614 566 565 691 127 742 465 51 927 482 598 279 357 908 836 284 412 688 899 474 612 671 773 377 114 324
966 926 433 775 903 254 351 508 238 243 219 671 831 535 478 56 520 300 54 511 767 866 504 485 675 192 205 840 673 250 143 104 255 659 533 329 206 750 366 586 470 349 29 460 417 80 363 304 607 858 457 420 682 341 921 163 899 630 888 227 196 70 803 309 517 539 452 721 851 245 748 954 216 120 482 163 493 566 604 37 776 868 697 801 562 213 241 810 583 659 117 886 22 9 951 673 349 793 27 744
444 780 352 883 185 571 866 83 469 839 592 129 497 223 979 615 693 772 342 210 52 993 770 541 719 504 347 225 854 127 191 174 683 969 982 337 798 435 928 469 247 93 915 268 225 868 752 190 206 257 586 17 194 465 836 123 228 392 33 386 483 599 682 830 787 188 252 973 526 962 931 128 295 862 333 956 113 144 290 789 766 193 912 262 220 511 339 299 403 764 731 500 383 139 543 869 363 600 739 29
932 417 811 631 252 862 502 350 315 197 991 239 430 76 467 299 900 49 789 408 27 709 692 515 369 664 870 627 148 137 502 541 923 944 433 800 729 638 345 750 762 74 894 149 997 476 156 64 381 765 413 953 27 602 664 342 803 60 753 360 682 12 107 891 900 868 287 231 441 810 894 436 683 514 948 970 64 514 113 443 270 759 489 464 588 355 991 705 410 602 322 54 392 867 918 814 4 190 397 682
474 294 49 402 84 812 347 354 874 255 127 364 871 470 803 859 593 291 948 693 64 664 962 854 418 938 495 725 615 995 405 686 1000 811 119 358 633 745 553 628 406 183 888 913 126 87 754 643 81 40 615 773 981 970 10 1 737 383 255 667 374 813 417 38 179 959 19 834 215 66 554 365 48 841 250 601 155 771 751 197 300 783 340 298 963 189 329 263 899 796 304 674 665 181 929 989 857 53 860 898
364 295 973 598 604 407 812 860 649 43 753 203 241 970 269 269 251 400 767 798 302 452 468 989 577 144 929 924 475 339 58 862 576 953 323 974 589 161 42 730 599 157 300 473 578 618 895 726 916 139 717 220 609 789 658 271 15 530 475 215 501 592 943 143 195 957 870 514 452 133 870 954 910 540 477 165 201 866 290 542 287 111 884 250 38 368 835 281 660 464 163 849 525 623 13 430 968 151 616 420
966 655 914 70 475 901 407 628 70 100 895 692 492 137 76 393 943 328 549 451 665 904 322 889 473 525 501 752 31 311 353 118 458 589 492 56 802 503 44 467 422 608 878 220 487 2 409 537 859 110 999 287 681 269 784 474 319 352 43 405 268 533 736 681 28 174 589 729 180 579 919 714 605 178 908 328 547 189 131 811 888 526 541 806 73 607 690 851 529 93 788 743 170 190 79 203 982 396 750 243
427 414 960 21 501 573 374 417 704 283 867 693 731 581 845 765 708 958 919 266 808 456 699 270 438 232 15 128 627 216 306 667 101 373 392 533 102 418 795 916 696 732 471 287 453 223 842 735 253 951 926 174 625 230 467 640 146 438 745 43 880 180 290 140 315 849 743 17 832 970 584 680 318 784 750 736 789 613 625 83 529 147 118 891 872 37 181 189 852 268 501 400 108 597 374 250 718 275 485 451
138 807 675 27 227 844 106 438 230 830 135 27 186 750 191 887 122 214 139 180 822 927 231 290 995 285 558 411 864 988 845 237 672 370 351 723 977 953 223 583 943 767 296 19 175 271 733 747 899 563 480 657 733 449 634 617 490 493 74 868 368 565 196 198 305 260 550 273 290 922 670 670 174 442 215 663 74 986 441 487 719 366 19 912 421 592 499 112 526 615 14 198 322 603 77 908 657 232 387 648
271 242 856 516 760 340 513 644 17 314 914 7 90 275 87 485 410 664 104 235 229 650 356 729 786 227 462 344 338 396 118 705 44 199 838 669 915 227 953 507 989 371 687 266 778 268 162 799 881 734 694 476 709 639 802 630 299 865 918 9 417 288 388 512 667 936 121 289 468 102 414 655 172 215 9 401 708 906 103 929 848 460 732 544 265 200 480 246 878 476 160 23 889 587 997 219 335 96 562 399
818 846 260 263 540 353 88 724 588 349 109 534 499 757 354 140 69 912 114 62 621 834 272 269 935 461 299 468 148 480 513 893 150 909 655 530 459 50 887 59 285 8 465 861 739 561 948 360 551 21 116 618 177 48 12 212 9 940 692 273 763 412 683 893 947 667 585 546 557 624 742 861 716 420 294 208 284 159 851 471 443 69 16 456 461 105 766 755 845 459 376 688 19 443 22 8 53 403 60 330
847 694 200 293 34 428 348 472 358 121 57 167 974 291 716 833 674 523 39 529 419 144 441 280 195 636 193 534 834 82 642 528 908 751 619 1000 308 497 43 694 617 81 327 905 255 354 245 646 138 703 871 31 592 952 590 775 327 610 719 734 860 140 957 443 835 11 626 547 314 497 151 780 933 943 59 373 594 499 370 597 480 506 85 637 961 328 272 431 951 776 839 380 227 649 857 339 535 542 738 37
39 861 307 708 596 478 579 438 523 623 796 978 545 385 357 331 757 482 263 802 228 562 708 326 429 798 358 375 403 704 7 837 339 671 566 990 631 225 437 666 90 355 909 203 822 982 573 498 605 628 339 107 40 155 223 707 969 86 213 723 664 877 662 502 599 388 121 181 626 787 424 679 285 442 409 880 395 543 502 634 336 989 628 723 366 432 252 18 835 376 705 449 924 1000 686 320 256 718 933 11
848 4 497 733 789 86 559 711 865 762 658 924 596 626 303 849 687 346 49 443 771 599 676 583 270 957 30 817 416 393 72 775 940 504 345 693 261 577 207 604 19 518 407 806 614 558 402 725 377 761 129 114 189 329 750 322 138 476 382 711 715 326 38 944 526 194 338 84 17 915 349 348 11 315 485 730 566 313 658 76 52 325 460 37 833 436 283 193 294 726 693 299 405 551 220 782 513 712 674 205
687 819 997 778 895 75 861 998 98 844 845 217 765 37 49 986 774 786 25 957 8 470 549 474 90 642 4 83 576 685 40 632 648 821 787 67 405 877 764 602 687 761 837 409 710 547 767 226 635 323 870 923 659 568 565 458 672 106 376 806 750 47 52 856 852 786 513 946 41 453 604 518 915 274 714 587 466 476 917 737 729 689 159 782 345 851 549 28 49 325 480 34 205 673 828 734 700 678 697 739
330 6 888 30 139 966 662 19 125 315 856 638 34 684 688 13 579 294 961 214 355 919 740 791 190 463 600 13 91 987 816 829 443 805 409 239 279 728 161 330 90 486 554 957 824 369 955 922 376 916 754 825 184 581 642 284 898 907 988 612 987 552 128 728 385 727 228 612 255 970 236 97 677 28 868 896 351 229 945 523 558 606 985 503 434 922 408 204 304 36 599 537 927 654 474 2 484 403 491 543
835 729 712 382 300 494 225 110 811 538 233 446 308 547 509 929 824 263 218 435 494 88 216 896 449 916 764 195 965 32 472 866 968 278 927 761 349 576 56 88 498 918 42 42 710 684 638 282 23 922 671 510 735 218 954 630 748 92 112 781 248 330 475 516 873 851 924 158 963 969 815 514 51 560 267 434 408 722 364 249 326 892 204 913 998 984 644 687 503 253 832 34 653 136 274 479 201 149 121 24
734 656 634 662 108 105 459 882 922 901 39 195 470 912 922 851 945 20 15 654 102 844 763 61 105 65 613 916 238 890 883 405 703 223 918 523 245 169 173 373 886 258 49 538 258 262 727 924 534 639 383 953 447 529 399 947 644 350 725 528 995 430 276 584 447 431 292 408 811 801 95 440 825 827 665 795 712 581 434 833 759 701 177 846 482 189 797 999 106 247 761 363 792 929 55 637 812 182 542 881
368 832 685 169 598 191 812 263 513 552 238 113 422 718 238 235 820 33 69 283 964 122 792 609 165 25 978 223 882 755 533 441 396 253 322 848 747 746 488 904 289 679 559 863 782 789 195 914 579 600 469 673 335 197 948 838 249 297 213 90 751 869 502 274 562 311 760 720 750 42 429 154 394 233 632 3 620 715 844 918 757 803 132 81 855 722 106 729 628 878 604 232 711 151 972 395 143 991 377 696
417 803 385 803 967 913 615 756 324 396 183 489 979 163 83 743 986 749 831 878 38 618 915 845 385 69 262 200 57 218 241 678 697 438 794 650 61 427 78 58 876 624 76 838 438 386 884 880 88 908 611 82 985 714 256 436 854 717 931 683 473 263 305 68 380 63 8 263 498 714 4 723 191 326 281 297 353 466 928 402 920 598 284 359 449 567 120 758 331 365 597 90 452 946 274 567 268 888 52 325
107 423 224 300 568 947 803 331 915 597 664 816 450 96 911 751 960 242 336 18 787 206 630 499 148 824 395 103 121 254 950 15 680 964 234 527 385 738 457 557 276 143 644 233 624 660 346 241 343 244 704 74 75 918 705 476 246 302 273 631 15 609 133 275 577 798 919 358 606 516 772 809 764 664 275 255 296 664 459 330 484 827 806 394 945 9 130 873 796 313 501 397 182 447 317 945 521 510 546 216
574 118 203 196 631 120 42 61 667 592 693 792 891 45 48 645 581 8 985 310 263 491 97 46 418 429 758 993 365 701 75 13 494 4 175 510 845 450 927 951 851 766 780 432 488 994 169 507 315 176 228 76 252 805 747 219 37 847 980 307 153 732 615 456 708 265 363 967 87 520 971 107 888 41 490 804 904 895 120 846 99 420 785 276 171 650 25 926 778 76 326 326 405 954 826 419 781 461 841 825
338 998 611 37 821 617 774 277 302 857 567 651 388 68 694 690 790 275 228 595 740 12 763 169 772 220 728 921 952 871 776 87 402 343 293 472 774 313 447 256 545 620 938 312 509 491 805 290 22 172 435 952 179 996 41 833 977 620 222 94 97 500 11 680 60 556 80 834 403 858 815 373 482 340 207 946 352 187 917 407 644 397 908 92 533 140 418 672 379 295 534 262 645 555 534 925 999 255 882 720
853 855 267 89 788 790 247 232 430 174 457 753 738 728 86 941 106 509 552 371 608 466 490 401 97 332 66 605 537 159 840 425 479 398 817 776 373 765 125 10 627 755 518 177 51 249 981 863 542 891 991 850 442 458 689 729 299 859 588 29 538 316 280 422 483 196 945 488 621 2 371 689 832 42 186 555 484 771 666 652 785 764 645 531 658 613 678 649 800 403 6 294 53 563 314 864 768 670 222 318
563 249 742 187 594 817 413 816 722 930 783 76 845 256 261 811 407 41 247 316 224 87 481 743 149 766 382 226 245 884 88 328 860 113 765 430 49 247 404 591 656 36 248 540 544 58 483 173 414 606 936 709 781 709 518 474 634 414 365 374 393 868 485 192 13 869 125 52 92 242 669 430 809 61 739 496 973 148 442 636 41 745 94 407 224 424 424 817 639 575 558 748 385 196 857 452 215 424 785 736
833 181 578 545 84 868 992 475 407 270 139 858 551 528 149 445 543 153 611 483 447 640 42 781 675 384 745 619 48 27 386 234 640 713 949 832 19 20 326 298 303 297 417 3 302 489 85 238 478 229 201 338 692 757 327 184 607 424 255 113 839 112 779 152 295 544 568 210 772 48 811 771 501 329 819 320 282 191 365 166 252 716 102 537 115 355 759 865 29 170 349 541 337 801 736 553 591 114 911 814
645 200 930 790 293 475 332 18 584 700 947 428 294 103 83 361 25 363 772 256 563 3 310 883 478 27 681 43 975 596 820 344 308 309 785 634 183 471 366 202 768 930 944 943 353 373 235 882 970 34 727 503 696 698 226 184 614 69 992 78 190 795 893 117 268 756 317 255 398 636 891 790 967 11 214 535 316 875 852 579 219 103 280 651 571 638 690 263 917 973 218 762 23 2 783 120 510 895 37 510
469 90 105 388 138 758 542 845 232 603 248 485 207 963 936 617 532 602 598 639 167 146 985 99 650 643 990 552 997 610 675 124 969 98 787 599 292 723 672 450 773 175 473 371 21 25 770 468 330 422 772 157 520 503 616 305 842 45 116 410 221 175 497 643 395 317 443 785 524 593 234 752 395 130 655 660 304 969 829 409 739 476 40 201 702 471 246 569 350 308 159 480 37 447 709 822 489 294 78 756
7 443 880 562 722 678 142 93 661 369 754 365 60 487 566 357 866 38 28 498 29 236 536 15 449 500 423 576 385 780 724 290 873 43 520 434 20 36 387 808 603 24 854 92 67 915 843 9 627 13 661 875 268 117 646 723 149 538 48 31 533 804 94 597 175 278 512 180 997 190 514 131 449 68 84 840 955 485 661 55 189 483 737 425 703 463 339 101 541 735 872 481 643 976 521 980 499 831 986 287
501 75 795 514 234 200 614 983 253 313 773 408 779 93 252 903 609 440 39 166 724 99 151 81 887 841 416 539 85 692 115 450 10 722 749 217 660 539 898 220 76 204 960 288 161 325 280 240 173 375 826 332 688 972 577 759 442 852 929 64 459 884 875 307 833 539 233 65 882 835 818 762 704 378 823 91 103 301 210 929 498 573 982 829 311 245 364 774 860 697 417 104 710 38 781 348 490 37 105 659
370 468 221 89 153 133 324 240 525 415 191 469 811 608 930 603 458 900 250 97 521 916 360 967 695 671 408 75 218 286 317 795 511 814 677 232 469 178 938 717 651 232 440 209 459 291 292 891 470 290 463 97 950 188 355 425 952 184 117 668 316 411 542 574 923 890 446 396 688 213 586 440 376 462 210 72 977 431 811 323 659 115 810 181 216 145 819 23 698 708 219 29 18 640 68 43 682 345 937 649
976 576 156 379 855 41 850 105 76 648 944 584 646 477 581 503 843 89 705 848 871 701 910 916 488 596 845 419 148 127 77 946 555 757 51 532 403 930 409 467 250 194 127 19 110 403 20 114 344 58 359 390 869 344 509 547 362 105 82 222 468 669 731 293 811 903 429 824 419 25 133 393 507 11 728 815 655 491 312 126 288 980 481 353 721 755 254 482 760 5 764 617 865 292 680 1000 925 595 504 642
176 161 482 863 639 651 952 972 109 302 34 813 673 959 999 803 963 581 287 870 226 630 121 633 532 811 832 528 970 682 909 38 990 750 963 379 374 2 909 274 138 218 748 728 756 152 687 723 242 382 661 283 431 925 275 136 25 264 614 338 401 654 976 581 101 11 215 428 815 849 661 501 105 996 276 239 73 543 817 298 841 416 411 297 224 396 335 590 179 991 495 688 159 669 69 509 559 992 385 877
409 701 126 124 816 17 118 208 923 933 864 986 351 637 19 69 289 179 209 408 776 904 804 684 63 585 502 996 737 152 633 960 370 462 956 775 897 373 137 394 526 149 403 22 737 220 110 973 967 282 977 409 831 66 860 144 941 572 782 961 319 116 728 948 895 923 773 546 364 54 12 777 151 94 793 256 325 78 233 386 731 727 859 701 638 779 262 48 859 494 77 101 662 923 539 473 637 846 575 902
305 159 398 71 114 75 779 900 983 385 202 658 24 650 873 728 978 11 588 243 267 310 824 305 972 531 524 732 864 190 963 918 663 406 475 949 179 423 967 354 371 282 673 259 233 1 9 394 774 760 11 872 503 165 752 785 233 595 451 38 488 862 389 511 990 652 501 629 215 353 8 222 782 219 603 6 322 705 522 831 758 599 61 421 964 51 873 994 510 731 947 94 787 999 105 240 180 785 729 424
995 507 823 446 474 691 352 537 717 58 777 552 858 547 375 795 368 853 218 602 219 952 149 882 736 795 319 421 954 971 683 677 81 385 847 859 331 116 562 27 76 242 171 884 251 281 210 987 116 114 920 956 649 905 631 103 152 694 104 469 725 762 50 846 405 508 841 984 683 19 772 791 278 383 278 258 770 616 644 38 959 55 966 785 809 574 266 261 211 437 946 522 60 519 137 211 173 763 755 300
225 532 148 203 204 178 250 545 699 116 82 639 803 976 688 863 623 621 353 275 227 214 174 965 959 1000 524 878 269 129 867 809 99 960 902 84 416 344 3 74 342 216 779 763 130 223 148 602 528 739 861 776 866 468 724 412 654 241 522 113 686 974 868 892 821 934 573 147 726 315 50 923 769 810 997 359 85 940 652 40 874 496 749 538 790 425 526 776 393 302 188 865 504 683 609 556 183 736 272 99
358 21 377 335 368 447 39 796 724 264 172 316 41 827 367 261 101 950 403 829 657 860 872 942 986 645 6 909 387 465 444 893 803 135 164 379 708 630 534 673 565 476 452 654 825 475 558 844 134 500 589 732 561 670 713 32 222 514 676 637 57 406 75 268 583 721 507 666 511 476 463 283 699 414 402 658 299 556 354 203 296 755 141 356 284 745 466 634 579 52 52 86 229 167 382 668 961 172 12 986
65 593 158 588 772 915 849 380 120 633 121 625 119 677 422 179 204 312 162 748 522 854 691 273 718 349 292 821 839 320 747 691 577 888 65 398 253 119 681 745 890 288 44 775 435 116 739 134 157 767 608 516 775 968 301 278 110 486 425 505 314 293 463 994 284 703 247 587 943 594 112 100 749 146 269 13 615 176 668 389 224 307 433 189 13 892 968 278 238 350 777 934 158 474 173 566 106 862 203 607
539 433 461 68 575 822 228 387 930 942 304 90 639 828 189 425 216 820 290 446 153 404 970 635 496 395 242 525 581 259 608 174 796 318 673 828 134 698 86 990 853 176 50 819 771 222 226 669 711 256 166 537 56 246 541 362 851 698 734 784 857 923 813 423 80 616 863 203 220 759 199 701 622 288 601 871 631 396 241 687 903 314 513 176 679 491 923 50 449 799 852 39 977 507 786 637 930 571 92 458
63 446 839 350 168 26 924 693 959 797 954 861 951 321 448 446 460 14 246 583 835 628 181 540 916 397 690 794 372 500 604 570 951 753 957 472 530 697 425 7 822 190 223 939 689 333 892 248 196 639 818 702 202 680 24 952 373 847 511 173 633 786 148 522 771 915 822 602 602 943 677 128 613 890 991 666 48 465 790 220 993 810 221 676 847 793 531 114 120 517 249 902 860 337 140 813 156 814 931 731
68 58 41 57 10 70 39 37 20 5 99 100 90 38 67 77 39 63 80 40 30 68 40 19 48 93 89 18 46 81 32 48 26 26 10 47 32 61 34 10 12 7 19 83 90 82 24 28 90 77 90 84 64 52 48 4 31 49 43 68 4 9 53 18 79 9 62 67 7 76 100 26 52 9 94 25 87 52 90 98 43 28 86 12 35 15 33 58 60 2 82 77 11 55 25 82 33 38 85 87
100 68 26 35 0 20 90 18 9 92 31 21 45 57 38 16 44 99 46 87 26 57 27 23 72 60 53 41 17 0 27 84 75 36 81 38 86 94 59 16 17 67 22 51 100 71 68 62 17 13 42 49 6 68 6 67 62 24 75 23 82 75 94 37 68 100 24 76 2 22 59 2 1 95 65 19 12 92 26 31 22 17 36 40 28 42 42 45 53 40 57 61 83 53 34 10 17 72 100 47
56 24 23 64 54 50 74 2 19 19 28 0 56 50 13 47 11 12 55 31 62 58 94 90 14 27 17 70 5 99 91 57 71 69 26 96 67 90 63 11 33 2 75 16 1 6 59 67 2 56 82 48 66 62 100 13 16 5 85 47 59 78 56 76 97 27 23 98 65 63 21 46 66 58 69 3 50 29 91 55 7 84 76 74 59 82 28 84 86 32 35 68 1 14 81 86 97 76 90 62
60 86 12 88 75 71 67 94 1 96 40 70 15 35 7 40 24 62 88 94 100 41 31 61 88 99 14 46 35 55 45 9 95 75 26 10 75 57 22 94 26 13 34 72 28 100 42 37 36 85 31 100 50 12 18 47 12 32 92 8 45 8 58 66 99 75 39 99 48 73 0 14 15 36 23 3 34 86 23 31 94 1 88 66 51 71 44 8 71 64 95 63 57 53 12 27 63 57 1 46
99 100 12 19 92 40 48 43 16 35 77 62 50 26 7 88 98 69 0 9 94 12 74 72 69 71 55 6 10 90 24 57 53 33 91 30 46 18 1 54 35 16 56 58 84 76 4 63 80 7 42 13 47 42 87 46 11 1 98 22 41 38 48 53 29 84 82 89 26 13 85 49 38 14 66 91 10 31 80 66 4 82 44 25 58 47 73 53 20 7 34 61 7 9 53 69 17 62 41 82
24 74 21 88 32 45 68 42 44 76 33 17 88 10 1 1 47 92 90 64 20 74 29 32 1 38 43 73 82 82 77 54 44 95 44 9 88 77 41 13 7 37 65 100 63 39 38 64 7 92 70 27 24 100 31 52 83 84 58 67 33 73 10 72 52 62 29 18 75 35 65 58 82 49 43 66 17 79 76 20 65 47 46 15 48 76 87 90 96 71 29 87 82 1 66 81 5 46 51 27
28 70 91 15 56 88 65 100 37 2 47 55 65 78 94 83 3 65 37 50 71 88 65 75 93 43 77 33 54 50 14 5 68 91 27 37 11 74 36 23 3 50 13 27 66 47 49 2 39 47 89 8 76 92 54 96 79 44 26 86 54 64 63 96 16 86 79 53 51 70 95 41 61 16 86 41 93 37 90 43 17 70 29 4 12 91 29 80 26 93 73 37 17 48 5 5 88 1 89 68
29 61 21 84 4 48 26 56 68 35 44 99 2 89 58 24 51 100 77 23 5 10 58 46 14 80 16 38 86 73 20 17 4 38 5 91 46 39 58 24 44 63 52 64 13 42 9 25 63 25 92 28 61 42 43 68 100 53 29 99 69 76 50 10 18 45 73 66 18 58 8 4 31 90 29 22 74 75 48 89 59 41 53 11 41 85 1 65 99 2 44 7 51 19 40 17 68 94 94 81
30 3 56 27 24 10 91 20 16 88 28 13 82 57 85 83 76 43 78 2 42 15 62 34 37 55 54 29 70 75 48 77 16 58 4 73 19 38 21 9 19 0 55 47 58 13 63 98 53 60 24 88 13 58 57 18 55 16 80 33 100 94 13 96 68 15 55 24 60 78 27 11 4 13 15 89 71 1 46 3 84 66 72 80 18 52 16 39 27 88 22 90 64 6 49 5 78 94 76 67
64 15 27 3 24 18 79 71 36 30 82 48 98 99 99 79 57 28 42 30 80 27 59 99 44 45 22 90 97 37 14 10 90 49 2 39 34 30 7 86 12 68 96 57 7 100 54 94 55 18 58 6 0 23 63 45 54 65 54 37 90 17 66 8 20 33 60 72 53 6 92 53 31 84 79 29 33 34 42 91 55 20 39 100 72 4 41 21 29 14 78 77 21 30 9 55 33 81 23 86
84 89 99 57 29 91 69 34 82 95 55 47 73 33 38 80 50 12 29 67 52 90 5 8 37 13 30 30 20 67 35 47 12 27 37 42 80 51 86 58 19 3 81 41 95 29 41 32 52 45 92 5 89 62 10 6 77 0 76 55 20 59 80 44 65 35 73 5 50 23 30 75 0 95 68 5 71 1 71 45 31 15 76 88 28 22 69 4 4 14 77 23 100 6 51 35 97 91 39 36
83 77 51 50 76 39 34 75 53 53 22 76 78 34 90 27 93 93 98 30 18 26 75 27 80 87 42 15 61 93 76 47 19 34 48 5 62 86 39 35 49 46 95 7 29 1 52 36 80 71 93 31 41 34 59 42 89 0 47 47 67 99 54 45 94 23 62 15 99 36 84 31 1 20 65 25 5 65 76 17 10 79 22 11 2 12 68 95 18 94 39 7 42 78 31 64 52 61 3 93
72 69 62 46 28 38 7 26 6 92 12 75 27 48 63 78 89 90 70 74 28 7 53 74 25 79 70 62 82 44 0 33 12 14 42 24 51 82 98 59 34 15 38 94 97 74 3 54 28 10 47 35 1 22 89 1 77 91 75 10 85 55 67 60 15 15 62 60 45 42 47 68 35 36 71 0 79 16 40 16 74 16 88 70 46 45 53 73 78 10 0 66 60 68 1 51 27 10 8 1
19 61 38 42 47 31 67 99 48 0 72 82 67 20 74 54 30 74 62 75 21 49 61 54 79 84 70 85 22 15 40 98 98 38 77 69 20 95 79 89 60 12 6 91 12 86 27 22 43 8 72 43 54 39 79 77 69 54 36 37 91 32 35 92 65 16 62 67 87 93 17 17 28 52 46 65 67 49 39 94 67 97 11 56 50 13 5 54 48 45 25 12 5 34 90 12 65 11 80 64
80 68 26 99 3 2 42 72 92 46 87 60 10 98 24 93 6 64 61 34 74 33 76 42 80 25 10 79 5 42 25 62 97 7 64 7 46 80 51 3 37 92 75 25 89 26 86 96 0 19 32 95 28 97 47 14 9 81 80 54 88 89 73 18 9 71 8 86 69 94 80 78 11 1 29 40 24 45 55 28 76 44 91 83 10 40 11 32 13 27 75 82 9 19 49 55 81 84 39 57
64 3 63 73 22 86 0 52 71 1 68 49 46 75 83 33 72 68 98 16 76 63 30 19 64 23 15 99 39 100 51 16 13 22 61 24 68 67 19 95 75 65 10 72 71 70 74 89 31 22 22 59 29 12 2 36 12 52 52 59 3 13 88 96 98 58 18 96 3 34 78 39 47 65 0 40 42 15 25 60 46 85 2 78 48 96 68 66 13 13 32 94 90 83 1 7 48 81 70 25
69 11 27 4 38 86 80 43 0 93 70 53 60 25 35 65 57 42 30 14 81 47 45 43 45 15 80 11 19 76 36 65 25 89 0 25 29 41 47 8 80 54 61 72 72 40 5 71 62 84 65 55 91 63 67 97 79 96 26 85 40 61 21 92 78 85 54 76 52 44 92 58 4 69 3 56 19 38 64 67 31 30 57 72 83 46 43 97 36 32 35 66 74 28 48 27 68 40 44 4
69 2 26 18 88 49 89 93 37 18 75 73 42 24 6 44 96 68 46 89 44 79 59 0 67 4 14 52 19 30 79 1 89 69 51 93 62 76 55 10 8 61 62 44 31 80 26 67 78 89 40 47 56 6 77 68 53 33 74 35 2 50 60 3 39 77 66 47 45 0 73 70 58 11 41 45 65 83 23 57 13 38 7 15 94 99 76 68 88 45 24 64 0 78 43 57 91 56 78 42
49 2 57 79 99 47 19 72 99 39 64 0 26 10 68 36 12 21 15 43 69 73 71 63 12 17 94 88 37 38 45 3 6 34 22 23 84 87 7 43 6 59 37 70 16 2 96 28 36 10 96 33 66 54 76 83 78 94 3 45 31 57 14 7 9 13 2 15 66 48 6 7 72 80 87 42 60 20 73 24 47 92 45 22 30 3 42 49 45 43 95 85 2 32 16 60 35 0 19 20
43 64 58 20 16 89 86 71 50 2 0 5 16 51 91 36 69 29 20 40 56 53 10 37 97 69 57 57 78 46 23 71 59 9 41 52 24 40 62 62 36 72 2 90 88 88 95 2 48 90 70 11 65 70 12 61 86 73 12 45 83 30 8 39 76 82 39 2 74 32 33 70 69 55 90 45 86 0 33 16 79 36 9 86 23 25 54 29 21 24 88 74 8 35 36 32 53 31 28 26
93 91 26 63 56 69 17 50 75 44 80 6 83 29 6 57 26 11 32 90 63 97 9 24 1 71 45 50 19 65 67 92 40 71 4 33 18 58 93 26 11 6 12 73 36 27 10 53 62 100 21 81 12 22 69 31 75 42 41 51 4 69 97 86 69 29 41 2 4 57 43 24 7 70 89 51 97 52 61 96 82 68 84 28 44 23 3 78 73 46 29 97 8 88 74 100 22 68 56 37
95 0 50 78 94 55 21 43 9 100 68 80 1 77 96 98 25 64 40 42 25 81 40 12 21 27 85 2 50 26 25 88 55 71 77 62 38 51 5 93 62 81 30 12 65 81 99 66 94 4 19 17 39 26 94 50 38 100 37 41 59 38 79 24 77 75 97 41 21 34 35 79 90 14 25 41 55 83 30 76 10 88 75 92 80 86 46 8 10 100 19 89 85 45 29 96 5 49 16 38
29 11 99 66 15 29 79 92 14 0 43 82 31 47 93 31 89 100 13 48 10 31 79 59 55 55 25 97 89 11 16 87 32 89 98 15 95 16 38 1 2 92 35 46 51 0 72 42 66 82 87 79 36 65 22 67 41 74 19 10 33 24 6 69 82 95 90 12 4 27 94 91 24 47 92 16 17 14 85 29 79 90 76 26 70 14 13 25 36 56 6 29 2 51 27 52 28 9 17 73
87 0 41 91 6 75 21 98 51 9 43 69 59 99 43 72 65 75 69 55 74 70 69 83 81 81 17 10 70 5 48 66 18 63 73 7 30 39 59 33 81 21 10 20 29 58 91 52 30 81 41 58 36 89 33 64 90 58 7 29 0 100 7 62 82 29 53 24 9 78 54 60 0 12 91 99 76 77 87 77 87 100 46 27 92 1 26 82 33 47 30 48 48 81 25 50 94 30 89 69
51 2 43 3 25 3 32 8 87 70 59 87 99 37 21 40 72 20 60 2 53 39 40 100 91 65 46 74 87 80 95 7 63 16 11 76 51 34 88 83 45 58 84 37 100 62 93 94 38 6 26 17 30 44 5 64 93 65 56 76 99 94 37 89 91 2 56 57 97 8 31 92 77 98 33 99 72 7 19 58 68 88 97 23 45 65 56 15 53 99 99 2 38 0 45 29 84 81 47 46
25 35 76 75 91 16 32 93 31 82 29 52 29 3 6 43 8 38 49 4 71 60 37 14 17 31 88 49 95 94 11 59 83 29 46 41 89 94 14 65 41 27 91 75 99 62 76 27 45 39 78 60 5 49 71 84 72 12 83 17 53 45 61 55 73 51 17 2 36 93 52 42 54 92 41 58 89 21 97 86 68 88 63 63 98 76 47 44 71 37 25 55 97 80 74 53 59 71 54 64
25 7 47 43 39 17 85 30 81 15 96 52 69 22 16 47 27 91 85 49 18 35 38 44 79 98 14 79 55 94 97 72 25 23 76 41 18 72 96 41 46 25 79 17 43 2 72 76 49 88 65 24 42 80 80 12 77 81 38 56 81 35 21 89 36 15 3 32 72 39 70 44 88 34 95 29 13 85 48 62 20 98 31 73 27 9 67 67 66 58 49 45 56 73 52 67 66 24 22 14
10 14 20 69 26 54 1 39 87 56 57 89 71 34 42 82 17 62 45 32 9 39 40 41 10 14 90 59 21 21 14 11 44 24 0 64 12 79 93 20 21 63 53 52 98 95 68 90 99 14 78 38 33 68 65 98 91 26 98 37 48 18 35 9 57 98 61 84 53 71 71 10 44 94 59 66 64 93 43 54 58 81 1 19 69 54 10 27 88 73 16 63 37 35 21 24 2 46 94 98
0 87 64 77 83 65 87 86 49 7 2 26 8 97 0 99 46 18 36 61 65 28 0 40 6 90 35 33 19 2 98 21 61 97 67 87 66 91 44 68 7 30 82 55 62 1 33 76 39 73 44 89 32 3 46 18 74 62 62 70 57 30 91 76 21 68 100 55 25 58 72 93 23 73 2 39 78 41 13 14 55 73 68 85 47 39 27 76 37 71 59 46 72 28 57 60 77 60 17 82
39 36 90 36 75 28 65 57 98 100 15 84 72 97 80 29 27 62 66 57 27 53 2 41 43 34 36 89 4 4 81 61 32 60 48 45 30 68 3 13 45 85 71 98 7 49 29 2 3 8 17 63 20 60 74 38 21 52 40 85 33 73 70 2 79 42 41 77 28 75 22 76 32 75 54 37 88 42 8 27 89 83 18 7 85 65 49 46 11 12 10 56 22 41 16 79 6 82 91 9
62 20 72 43 76 43 48 79 3 67 49 99 17 8 58 87 79 74 82 42 16 69 30 93 34 98 95 61 46 38 34 25 19 57 17 73 6 71 54 44 46 8 98 46 28 1 21 22 54 13 79 13 7 17 64 43 52 50 80 34 39 16 68 30 27 67 33 72 25 87 51 68 14 61 9 63 55 25 88 55 55 67 55 59 36 11 37 67 37 50 28 1 0 63 15 32 84 9 40 86
66 73 43 48 47 7 33 13 80 88 66 92 77 5 55 90 80 41 83 18 45 6 91 14 98 1 27 73 8 18 66 31 73 5 26 58 81 7 34 64 14 32 35 62 76 25 68 99 51 11 80 15 99 92 83 81 39 16 73 77 36 71 99 62 22 82 82 74 81 85 77 87 15 28 67 63 98 68 23 17 86 98 64 51 62 90 3 77 96 2 15 5 17 11 60 24 30 62 85 37
57 66 47 49 84 26 80 94 90 44 90 44 34 65 83 3 21 51 59 27 78 77 10 74 38 64 27 83 8 62 38 36 43 34 27 35 37 71 41 95 15 94 6 52 14 82 68 16 88 20 96 17 87 64 29 37 22 67 42 2 76 87 10 28 54 69 65 48 86 38 4 58 1 40 20 24 100 35 99 99 51 10 7 62 66 88 77 9 67 37 69 19 20 8 55 98 97 92 51 20
61 43 11 88 79 73 18 86 87 46 92 3 63 25 40 62 29 64 44 7 65 83 46 46 65 41 27 91 48 19 36 91 17 63 43 91 2 65 7 59 80 62 90 79 96 71 28 22 95 50 41 40 32 58 47 30 44 1 54 28 39 27 53 65 54 68 58 84 28 13 20 62 6 29 35 40 91 11 0 49 50 5 39 39 12 19 2 55 9 28 80 45 30 88 3 44 13 43 17 100
37 24 56 74 96 33 43 53 73 82 55 66 2 7 65 23 83 24 93 69 8 40 1 50 61 52 44 45 12 24 73 52 56 94 98 54 66 65 99 10 13 29 11 23 77 55 17 17 2 72 3 81 79 55 24 66 82 27 26 15 48 11 88 18 91 20 59 97 49 16 10 71 80 9 52 19 90 23 82 77 95 88 82 83 98 87 100 36 69 97 63 97 57 65 9 7 81 40 98 37
83 51 49 32 85 14 21 0 68 69 65 72 30 93 56 94 50 48 53 79 13 39 56 44 43 88 38 45 27 59 75 48 36 100 57 57 90 0 88 88 26 9 29 15 16 53 24 51 46 3 23 83 12 79 99 79 9 89 62 84 51 7 88 65 41 74 29 18 56 82 37 83 57 10 6 64 94 14 57 12 17 59 98 59 10 2 92 55 14 16 98 22 95 71 78 56 89 12 72 91
35 4 92 33 22 36 53 78 1 25 16 94 96 86 87 74 25 13 15 53 41 36 48 81 14 65 10 30 12 82 91 74 17 44 85 0 9 58 52 25 25 99 100 100 70 82 55 16 78 12 39 86 77 11 75 46 2 85 49 4 52 48 97 38 41 11 12 14 74 58 20 75 32 2 91 93 42 9 95 48 53 85 50 2 5 35 58 22 23 26 34 91 77 52 93 55 89 70 18 44
41 1 0 55 60 31 49 55 31 18 71 70 64 31 29 35 74 61 88 88 9 29 50 63 16 31 58 97 80 18 32 52 72 16 67 3 78 59 24 81 56 57 7 54 0 60 72 84 63 94 94 30 51 83 15 94 21 51 90 3 80 92 96 5 61 91 73 9 48 59 97 45 99 84 83 30 99 43 32 62 57 57 30 34 48 54 35 13 19 48 27 65 36 40 31 44 38 90 77 93
47 90 77 44 45 22 72 44 89 76 26 91 25 73 44 59 47 19 2 24 10 45 30 69 16 58 70 84 20 44 24 38 88 9 43 55 15 72 64 25 99 100 83 9 71 38 74 82 33 48 38 82 82 29 56 34 10 20 36 99 47 32 21 98 88 35 6 33 59 52 82 60 71 14 48 11 52 71 48 84 100 84 4 35 38 3 99 87 48 17 73 49 58 37 43 76 97 11 67 96
53 31 59 20 91 81 83 58 81 60 17 10 62 56 69 74 20 39 96 21 61 87 96 51 70 23 67 72 66 79 66 46 84 74 27 0 65 17 26 88 28 62 99 84 5 95 79 66 82 100 45 4 24 24 63 35 56 15 43 12 70 19 80 94 33 37 58 67 34 76 47 87 59 5 52 59 42 10 91 61 11 54 48 51 41 85 59 32 75 45 52 82 56 51 68 80 1 9 78 80
18 93 33 3 67 19 86 92 33 10 20 31 27 58 74 80 58 44 17 29 94 47 77 3 44 82 23 38 91 60 0 79 5 4 19 46 71 50 21 46 32 17 6 48 12 57 6 36 48 71 95 23 12 48 12 28 48 95 90 49 87 5 30 31 99 58 90 25 27 96 99 40 38 4 0 2 21 56 99 99 79 78 80 43 61 17 84 74 49 41 26 93 100 5 44 68 69 50 31 34
0 34 24 34 31 64 20 98 21 42 76 11 39 63 78 23 31 23 23 88 93 69 37 24 22 50 7 61 66 3 86 15 21 0 13 61 85 6 45 3 5 51 78 89 27 58 100 8 12 98 92 0 22 7 16 39 90 80 20 98 9 81 75 99 51 53 75 51 26 36 15 44 41 19 10 64 28 66 6 28 57 81 15 62 74 56 100 23 34 0 91 68 61 56 77 61 91 15 52 59
77 59 85 91 73 72 1 88 8 67 34 0 83 66 87 93 23 57 81 76 41 89 67 13 13 61 24 32 64 100 29 66 96 91 0 87 56 69 83 29 9 82 48 86 53 97 31 33 86 15 56 87 24 42 39 8 48 28 2 35 92 99 58 16 65 40 68 38 18 46 44 12 30 63 84 54 11 97 65 57 18 55 35 29 27 16 57 94 21 76 56 57 51 39 85 85 69 17 94 99
19 0 36 96 80 96 55 55 62 98 13 40 55 75 6 5 67 60 19 44 99 6 90 6 41 70 16 2 99 41 88 8 66 7 43 22 98 80 81 85 96 73 79 32 80 88 15 82 77 26 22 37 59 9 39 12 55 99 39 11 49 44 37 49 53 15 29 91 22 84 3 56 49 26 67 14 92 38 41 36 81 12 75 48 41 81 7 34 46 90 80 62 58 80 3 56 52 18 78 12
99 31 11 83 20 4 91 78 40 27 48 55 83 93 80 92 88 50 96 76 5 54 64 8 63 43 88 47 88 83 51 14 84 16 20 73 18 62 68 78 39 2 59 26 31 86 53 14 4 83 50 48 37 1 79 52 73 93 63 84 91 30 100 54 95 99 95 4 38 14 99 69 40 84 3 41 98 41 22 25 85 32 36 71 5 13 68 31 71 41 100 15 86 97 96 57 5 92 63 84
82 17 81 26 87 84 51 42 47 92 25 25 94 17 96 34 90 97 52 93 66 100 46 89 13 22 4 96 96 23 33 32 84 74 92 21 20 49 12 6 73 80 88 26 75 8 63 97 15 94 32 21 88 28 13 79 98 19 82 61 51 92 75 30 67 72 53 76 62 49 6 56 11 81 50 54 39 68 69 69 31 46 77 65 18 63 16 39 5 69 20 71 32 47 82 80 81 80 70 70
29 7 71 21 15 37 67 94 25 20 95 28 15 66 21 45 94 10 2 18 4 62 71 32 67 32 100 80 43 29 35 31 18 65 14 73 20 100 2 98 72 26 39 27 62 79 94 14 97 57 54 5 13 45 72 96 98 49 4 77 60 51 43 18 93 69 98 59 78 84 85 8 19 35 37 26 10 27 1 46 25 7 71 61 3 42 21 44 92 90 29 42 5 44 71 68 64 28 98 40
63 81 7 62 74 54 8 57 1 94 1 71 44 59 19 83 95 43 6 79 69 79 59 19 27 63 76 46 94 48 17 30 55 51 44 50 52 87 62 43 90 64 49 41 22 26 100 48 55 68 70 25 71 76 15 49 16 95 100 84 13 0 58 50 35 69 48 54 29 18 72 70 81 70 7 73 36 19 35 57 15 37 45 65 48 8 51 82 46 79 28 44 95 81 76 98 32 32 81 97
50 90 50 91 9 91 63 79 20 11 93 37 74 23 98 25 38 82 79 27 85 52 30 55 0 39 9 19 38 78 61 43 69 50 22 32 40 16 39 85 25 55 93 29 83 99 30 0 65 89 93 97 10 34 86 83 3 21 100 93 38 84 79 25 14 48 12 28 84 61 88 88 63 97 28 74 42 94 68 3 36 32 84 29 47 48 76 80 76 72 20 41 18 66 1 21 60 1 29 39
33 57 99 9 41 2 3 94 83 82 28 72 90 13 85 82 96 3 36 92 100 6 44 96 35 8 10 24 97 28 89 60 49 15 60 87 85 31 54 19 25 55 97 2 92 77 50 34 90 76 58 55 2 48 63 13 31 66 50 65 33 8 18 90 63 72 96 7 2 9 9 31 79 82 65 15 22 11 99 44 32 89 15 28 71 64 85 51 8 50 82 91 60 53 50 49 29 50 81 2
22 61 79 31 55 79 58 84 40 57 25 42 100 41 95 43 9 58 54 87 52 55 71 51 67 41 42 35 76 90 29 74 7 72 16 77 1 51 91 69 49 10 94 29 80 30 33 81 55 41 17 85 0 73 6 26 1 11 92 43 76 26 91 95 82 5 98 37 60 71 71 81 28 50 6 11 49 67 6 36 38 54 29 73 65 14 7 35 29 16 67 91 24 21 55 78 35 44 65 5
82 45 28 88 94 92 63 32 46 96 75 65 27 90 54 3 14 69 13 72 95 91 20 87 49 99 54 71 54 43 27 46 3 80 73 80 23 81 71 14 29 8 7 41 59 1 89 65 9 4 14 27 35 94 51 69 42 57 27 39 0 48 92 82 20 99 21 83 21 9 100 64 94 41 81 7 48 82 16 79 13 56 52 4 39 52 14 17 92 12 20 68 73 57 44 12 7 27 65 48
71 59 91 63 84 25 27 32 39 38 89 48 8 76 38 5 62 80 78 42 86 79 88 18 77 7 94 83 62 0 0 85 37 67 31 64 26 57 1 99 35 88 83 54 79 73 28 74 48 98 55 63 68 23 89 72 26 45 98 86 69 67 43 1 98 37 79 81 25 22 27 46 90 15 93 14 72 97 59 60 86 17 29 78 53 89 70 94 62 44 77 70 63 87 55 28 37 31 80 63
78 100 2 40 86 47 38 48 45 23 78 76 40 67 94 92 27 57 59 64 9 43 55 66 62 46 31 55 98 90 31 48 83 99 68 53 41 89 6 64 34 71 73 75 50 36 70 29 52 96 32 83 39 79 67 0 76 89 15 44 64 87 73 33 95 26 1 85 32 15 82 35 6 96 51 82 46 94 76 80 21 56 99 67 82 6 71 18 65 8 67 93 18 44 71 4 87 42 55 17
42 21 0 87 47 4 64 26 15 18 90 5 15 88 38 36 89 95 83 68 23 60 4 97 33 81 65 48 93 53 11 15 91 56 2 62 78 95 7 87 30 30 9 6 10 83 58 56 70 9 67 82 100 29 57 70 62 23 89 26 18 96 2 16 3 84 83 93 8 38 99 75 88 5 8 26 38 3 18 40 75 38 37 10 14 100 30 21 43 49 69 18 52 64 77 65 93 41 19 56
87 45 21 50 33 64 34 35 53 95 13 89 43 49 36 46 28 0 89 38 49 41 22 6 63 88 1 7 1 53 80 97 23 76 25 59 56 79 7 63 29 84 74 39 69 78 45 26 18 45 34 14 10 42 15 51 1 20 90 96 0 82 37 49 43 81 43 5 62 75 53 72 31 41 23 99 94 1 46 86 72 59 79 27 58 60 6 72 90 71 4 12 57 41 70 13 96 13 53 35
83 51 69 81 37 13 22 49 13 31 14 34 12 68 37 96 62 56 3 67 55 49 67 8 70 47 74 50 76 54 7 97 45 5 48 76 27 51 81 58 40 38 63 88 85 42 59 60 21 19 2 41 84 4 94 61 14 2 98 16 65 98 95 45 57 19 39 100 57 13 57 68 33 70 62 93 16 24 91 49 42 71 78 54 99 79 29 70 69 86 18 0 100 37 46 35 85 82 41 59
1 78 55 30 79 15 18 57 14 41 79 5 2 77 15 72 17 65 37 36 63 99 55 51 73 31 50 61 9 48 33 46 92 77 27 84 75 80 6 74 7 87 23 44 83 22 64 45 75 8 5 54 34 100 42 4 28 94 89 8 4 67 11 69 79 81 76 50 31 74 3 59 18 90 60 89 10 92 11 48 45 97 15 6 12 43 51 7 50 99 28 22 11 42 41 9 36 87 10 53
42 84 77 97 99 66 78 25 49 69 98 39 64 41 29 35 40 37 27 67 99 95 46 92 68 87 46 33 49 97 40 20 7 36 63 90 6 96 9 42 70 23 8 18 63 6 51 37 84 93 49 25 36 71 7 82 66 94 30 26 36 23 23 25 63 75 20 2 54 76 7 23 65 96 4 49 43 86 2 40 42 64 19 44 3 85 43 55 65 17 74 97 80 50 25 16 32 70 90 59
47 6 50 43 23 63 11 59 30 20 46 24 0 81 4 37 100 95 24 39 31 81 71 24 66 74 24 92 24 29 47 10 12 34 30 87 53 51 39 13 17 1 28 96 68 54 61 66 25 16 90 34 42 50 65 40 98 98 83 37 51 79 34 92 93 8 16 11 38 76 81 90 4 25 41 59 17 44 18 85 2 23 66 91 10 31 51 74 66 73 75 40 46 81 64 31 16 69 68 76
13 60 87 40 18 3 75 54 60 12 24 54 72 55 69 57 64 90 47 46 68 53 44 40 88 60 50 71 55 45 78 70 71 7 81 26 72 54 74 7 22 19 35 5 9 40 67 47 86 81 13 18 11 14 20 37 25 9 14 69 2 78 100 77 69 60 32 86 30 12 8 14 34 6 75 30 81 60 99 18 58 18 86 0 32 37 57 91 39 94 20 21 29 65 3 46 66 79 47 8
65 52 9 97 57 98 29 26 35 5 69 52 72 84 37 55 64 73 100 47 95 14 25 26 29 20 79 48 68 100 2 94 52 67 55 37 82 46 68 18 61 73 99 82 72 25 32 90 8 56 11 47 88 89 35 85 63 27 29 84 85 58 10 40 99 39 71 26 5 85 12 11 55 29 52 91 61 13 79 12 33 37 33 21 72 89 85 34 67 57 63 85 3 33 64 4 75 19 40 88
44 77 7 60 71 90 91 85 46 70 81 56 65 73 14 86 93 60 100 74 5 82 29 46 55 22 71 53 6 23 77 69 47 64 3 5 62 19 17 84 70 71 46 21 80 54 43 70 52 18 49 83 84 44 89 56 82 45 70 49 9 77 48 0 33 48 24 85 60 27 23 25 33 44 72 65 37 74 20 19 41 75 9 87 71 89 80 28 55 38 39 84 99 3 90 61 74 89 84 52
86 17 4 67 71 87 68 25 20 45 95 18 77 54 9 7 54 93 59 69 41 92 21 1 41 44 86 85 90 41 59 45 84 22 20 7 60 100 39 53 36 94 4 42 93 28 52 23 31 54 96 46 82 74 95 55 56 87 70 48 16 20 48 11 37 39 16 91 48 89 64 6 52 16 70 8 37 39 16 26 20 19 0 98 40 53 20 10 44 4 32 85 38 21 80 42 60 60 54 59
60 25 70 93 26 70 4 92 3 65 50 62 4 79 92 15 46 15 21 29 61 35 59 76 82 54 31 77 20 73 58 58 16 90 17 90 33 98 52 76 45 16 78 43 47 42 39 88 89 11 88 81 37 1 59 36 88 64 58 69 27 4 85 48 57 89 51 54 48 31 11 0 78 20 75 26 11 69 86 3 22 14 38 2 87 48 77 35 57 76 38 73 91 15 62 74 44 63 100 95
72 65 86 17 64 16 67 77 41 7 12 45 91 53 14 16 47 67 88 89 3 17 79 24 59 54 100 23 1 35 81 62 52 41 71 79 23 50 33 59 75 96 9 29 93 27 20 75 39 20 54 89 31 46 23 64 79 74 60 78 81 97 36 81 92 9 66 75 41 81 57 9 19 18 5 64 67 7 98 59 46 77 29 44 66 3 73 96 75 95 72 100 46 47 22 72 79 57 69 14
15 59 57 66 7 70 91 37 24 25 36 93 59 57 1 30 8 75 56 12 88 65 28 54 68 89 89 25 52 89 5 52 29 16 82 0 38 30 89 2 51 90 94 32 49 72 48 5 3 26 72 27 31 40 20 64 26 81 31 24 24 29 47 54 86 23 97 71 99 38 35 90 5 48 26 46 49 55 9 78 87 47 96 53 7 75 40 15 56 40 10 95 52 12 90 62 75 0 91 41
65 83 47 43 39 26 79 69 43 84 43 75 18 23 5 17 70 71 82 67 58 17 96 20 46 13 63 98 60 31 93 11 93 91 3 11 9 7 39 5 66 32 15 82 98 16 58 85 38 70 77 48 7 88 0 67 75 1 37 72 7 62 7 0 47 53 39 23 70 4 7 73 96 6 84 66 57 56 93 80 1 62 37 64 73 35 69 80 39 64 23 85 18 28 48 89 9 84 59 74
67 37 68 63 44 7 95 42 26 20 34 34 97 23 30 13 35 96 84 89 36 57 53 14 83 68 40 30 90 62 41 58 77 69 28 73 46 58 25 18 12 99 30 34 80 74 31 96 51 19 4 95 30 54 7 83 64 72 23 87 90 36 35 42 88 25 45 75 57 78 10 40 66 20 94 79 12 56 59 61 23 20 21 92 94 28 18 71 2 68 21 30 22 11 49 15 80 58 43 40
29 12 38 98 62 8 39 35 19 70 4 62 86 50 53 1 30 35 24 78 77 72 60 37 16 40 100 79 28 11 32 11 28 43 5 42 86 91 29 17 78 34 52 41 11 8 76 25 20 60 27 43 6 48 81 37 60 41 30 78 75 63 47 26 10 45 32 75 6 29 52 62 47 63 17 59 52 45 52 92 9 5 52 66 89 82 53 24 66 13 16 32 81 82 57 74 4 48 30 15
36 70 83 83 4 90 76 71 94 38 4 28 89 55 60 6 61 72 87 27 37 16 58 55 83 21 2 26 0 25 84 56 86 1 55 76 37 55 63 7 72 39 32 90 16 97 32 67 33 7 91 57 35 25 31 85 15 82 21 19 35 95 79 99 67 17 4 82 89 96 29 86 63 79 26 54 91 31 19 34 81 9 15 20 25 21 65 73 9 10 86 65 17 24 4 44 6 64 39 38
70 81 73 6 81 11 71 42 27 9 89 30 84 69 44 30 63 52 18 65 90 28 94 66 80 57 63 61 19 85 87 0 35 90 57 52 93 36 15 4 84 51 43 38 9 95 23 62 35 28 14 72 26 8 31 72 97 95 97 29 60 83 87 88 73 59 90 6 94 72 100 24 5 38 42 62 66 16 56 72 75 8 69 68 32 14 63 70 76 86 43 3 68 48 92 96 38 28 37 70
88 41 17 38 59 3 43 14 16 95 99 25 45 34 44 57 45 84 72 47 96 78 41 7 35 14 19 96 43 75 30 73 65 60 91 40 10 54 64 12 64 78 53 91 31 40 46 79 32 9 13 49 82 47 82 60 74 99 81 95 45 56 96 7 94 84 73 92 33 46 22 83 17 55 28 99 95 4 22 32 49 86 66 22 65 34 63 65 75 89 62 28 27 28 90 7 51 53 82 18
41 58 43 73 60 3 37 100 93 27 79 26 58 92 5 52 6 65 9 74 66 3 82 23 19 32 68 2 23 92 41 94 11 60 83 62 3 23 30 59 91 28 14 76 80 9 21 99 95 62 63 12 6 52 84 47 30 92 62 40 12 18 88 81 69 57 87 100 83 99 16 98 5 67 56 80 41 88 85 19 38 2 74 51 97 13 32 20 86 86 52 76 79 83 52 51 53 43 26 1
88 47 76 91 17 17 70 77 91 4 13 85 73 5 47 27 62 31 44 59 9 5 70 2 85 66 50 73 23 3 20 32 82 26 58 85 47 1 9 14 78 0 46 42 64 13 11 80 42 37 13 72 60 62 25 97 76 36 100 67 96 10 86 81 95 32 74 2 28 74 73 23 13 96 28 25 23 95 14 31 13 27 62 16 27 4 52 7 17 89 68 71 69 53 67 63 61 72 45 79
48 20 29 75 31 5 88 49 55 22 41 46 67 19 73 23 71 16 87 50 88 49 50 39 39 31 54 64 36 23 94 32 86 63 9 73 28 62 88 53 21 75 32 22 91 60 49 65 34 7 32 36 27 30 47 49 29 30 37 26 76 65 85 38 3 74 13 7 97 20 79 9 14 44 44 70 18 25 93 51 29 10 79 58 23 5 96 10 54 68 85 96 34 44 45 6 69 57 71 91
2 13 87 98 9 65 13 72 85 24 19 45 79 20 76 49 93 72 29 39 19 3 46 94 75 48 58 51 40 63 84 39 6 81 75 76 34 4 84 31 65 50 31 57 47 82 36 45 22 73 99 46 33 4 14 2 28 79 52 60 72 55 29 18 24 19 88 79 44 15 50 75 22 27 95 41 15 71 55 7 48 11 61 66 17 13 10 37 97 71 46 19 46 44 60 71 15 60 24 88
26 83 64 82 82 0 10 95 18 34 92 64 74 95 98 82 48 15 56 9 55 66 94 58 14 26 13 53 68 20 27 62 11 71 72 64 44 11 38 47 87 64 93 14 68 75 69 75 54 72 73 99 39 60 35 59 83 38 4 38 89 5 70 70 85 56 54 59 15 42 75 33 27 14 78 76 3 63 66 64 32 39 79 71 81 28 11 16 94 85 52 68 36 90 2 47 93 86 70 87
87 0 5 67 64 17 27 90 22 8 19 76 13 30 75 18 4 8 23 8 19 80 37 61 93 95 30 78 37 35 93 11 39 96 83 86 8 90 16 72 22 2 26 75 43 27 99 34 8 3 64 99 47 59 89 99 6 90 45 3 64 81 17 77 56 46 88 36 65 46 12 97 36 45 24 93 37 94 87 30 39 20 94 56 36 80 67 41 53 1 36 44 95 1 31 52 38 48 47 5
57 37 44 58 50 93 14 69 94 61 61 1 65 21 40 49 66 70 27 63 45 54 73 99 63 37 60 71 22 88 63 20 71 24 73 50 84 37 24 44 4 42 98 31 11 55 73 88 29 61 35 89 33 5 12 39 64 70 95 78 72 71 57 52 96 57 75 35 100 49 81 80 27 80 35 51 78 50 83 100 16 72 22 89 7 3 61 46 96 5 86 84 70 24 45 42 91 80 17 58
18 10 100 61 51 63 71 10 7 55 79 38 2 71 46 37 88 44 100 95 90 79 50 62 88 51 0 58 23 30 39 94 63 2 2 66 29 82 23 84 74 32 50 28 64 4 89 41 47 29 37 30 39 37 2 83 94 72 52 3 1 10 42 40 58 2 19 80 5 52 23 70 32 3 22 41 37 9 93 64 84 75 39 70 99 54 45 10 91 44 48 63 100 15 10 62 17 90 18 18
85 91 4 40 59 58 19 80 84 62 57 85 95 84 45 14 87 18 97 3 13 53 4 5 59 51 64 89 18 22 7 58 48 57 51 22 46 11 69 59 1 27 2 68 28 55 62 17 44 17 50 69 67 52 71 42 66 60 99 47 18 92 95 65 5 48 42 76 22 71 11 82 8 50 14 42 28 88 16 6 20 37 42 47 26 43 59 26 15 4 28 63 56 93 41 95 12 97 62 3
95 78 41 85 60 75 10 40 20 77 93 8 12 81 73 29 13 51 20 1 39 61 10 13 12 14 74 73 35 82 11 99 35 8 65 6 30 98 41 60 17 8 93 76 75 60 36 94 6 54 74 41 92 56 53 21 71 59 90 26 44 25 32 21 76 58 48 47 78 48 60 99 24 18 39 91 12 34 39 94 31 40 36 99 92 51 51 77 30 14 38 66 88 99 53 23 82 38 49 92
71 42 6 74 77 41 27 63 34 22 84 86 93 50 38 4 29 45 87 43 1 86 42 78 39 7 92 18 35 46 33 25 8 15 87 28 72 48 44 20 69 52 61 84 32 30 96 45 90 71 64 91 73 29 40 12 79 40 84 58 61 7 10 20 95 89 50 42 39 54 24 25 81 88 89 85 85 95 20 92 85 91 65 55 72 98 13 12 29 43 33 20 55 71 93 3 28 73 62 44
27 39 3 29 18 4 74 32 24 82 84 55 88 81 67 8 22 80 26 24 84 15 39 86 13 64 100 57 93 33 84 68 65 32 23 16 15 21 47 34 60 71 64 82 82 46 48 2 36 80 51 23 98 74 18 18 62 77 51 10 79 99 92 31 74 36 37 23 79 36 87 40 8 91 51 43 67 39 81 5 18 12 9 24 60 91 100 66 14 31 1 83 63 20 60 89 49 97 27 41
16 50 74 81 59 26 62 71 44 48 43 23 47 71 95 56 81 12 68 0 42 19 51 94 70 10 71 67 82 28 38 64 1 86 35 25 76 25 58 47 97 26 37 87 14 21 35 56 55 52 71 46 89 31 45 78 28 51 48 2 62 35 62 82 68 100 8 12 8 83 34 25 97 52 15 24 93 19 26 78 36 3 95 43 49 92 85 93 76 6 73 91 85 44 45 86 70 43 40 30
97 63 86 31 25 53 71 25 43 90 85 91 5 3 13 90 50 0 83 68 76 45 67 23 11 26 33 44 84 73 21 43 47 52 71 14 85 15 93 95 78 75 40 90 100 12 53 73 85 24 78 78 33 89 50 55 63 25 55 83 87 25 94 61 36 37 82 93 83 26 0 44 34 28 65 55 100 8 50 73 12 20 97 90 26 89 92 30 99 91 61 52 38 6 74 73 7 64 14 34
74 78 0 30 83 70 99 78 26 39 89 92 40 69 90 97 45 0 69 92 38 100 51 72 61 85 87 24 80 100 28 80 68 35 8 96 19 59 39 12 78 25 22 87 56 69 42 29 89 54 15 40 24 29 31 17 18 26 56 1 94 77 20 6 77 40 36 34 58 27 100 75 3 25 5 72 57 53 91 1 96 6 40 61 55 77 63 36 37 49 33 24 90 70 93 44 63 1 77 44
21 28 32 47 99 99 38 6 71 53 43 86 19 69 10 83 99 17 18 1 90 37 86 37 86 92 9 3 57 41 76 16 68 11 12 70 86 40 34 51 88 69 8 78 15 96 75 88 23 10 21 63 10 66 22 80 90 24 69 80 3 60 34 70 67 4 36 67 90 77 92 93 52 41 33 26 61 18 34 12 34 91 59 16 10 61 62 8 25 45 50 43 32 72 74 1 54 71 85 62
58 99 26 59 82 11 61 97 23 33 47 71 40 55 30 55 14 21 14 100 17 55 51 42 70 46 23 2 86 43 25 10 41 92 93 39 89 69 77 45 7 100 65 21 54 43 18 7 31 33 3 40 22 81 49 86 88 85 26 59 61 45 79 38 99 90 19 73 43 11 75 6 35 38 64 92 74 63 63 97 48 16 5 55 96 20 76 51 49 39 22 41 86 43 14 81 96 82 30 5
7 90 72 29 43 66 10 81 7 16 36 87 26 75 54 48 0 62 91 74 99 63 57 92 68 62 11 98 64 49 19 7 60 54 51 18 40 41 4 50 50 61 65 18 83 53 46 30 5 59 53 30 11 79 80 13 8 29 37 49 37 44 27 51 37 28 70 31 62 56 16 34 93 72 78 38 4 9 0 20 4 17 54 29 43 84 30 10 37 27 47 36 81 97 70 45 85 41 31 37
61 87 26 26 94 1 21 53 5 54 6 63 16 39 80 30 96 13 79 98 47 63 15 69 27 50 59 27 92 46 86 59 81 72 36 54 12 95 8 27 72 73 4 57 14 79 43 56 14 93 20 25 46 5 57 100 12 91 22 78 92 22 43 19 74 78 63 32 22 50 92 44 42 99 22 12 76 10 94 47 67 42 62 49 100 47 73 56 53 97 29 96 52 17 21 18 11 26 45 92
98 81 76 27 48 65 89 36 63 88 2 69 91 71 92 67 10 54 53 1 32 77 27 54 58 6 72 93 54 3 89 38 82 42 93 4 19 45 58 61 37 78 87 18 57 56 48 72 83 33 41 92 9 92 98 29 99 7 72 98 68 29 66 27 80 63 94 68 84 93 82 16 25 16 64 7 48 39 67 3 52 6 37 26 82 6 85 51 32 93 8 94 3 51 56 80 75 29 23 67
32 2 8 52 82 96 34 8 9 24 20 92 78 39 21 16 8 29 92 95 82 79 88 23 65 82 51 59 10 80 85 78 1 46 59 15 100 14 71 35 53 30 18 66 53 86 51 2 100 46 59 88 91 85 93 41 77 0 89 90 65 94 48 44 13 89 72 43 62 10 17 7 64 31 16 54 55 98 37 52 93 40 38 62 99 44 100 88 55 14 54 37 64 68 70 75 17 58 80 15
11 45 71 51 51 97 80 26 85 1 89 63 72 56 85 58 34 43 61 60 74 36 91 75 3 80 28 14 65 40 77 47 67 81 5 97 70 84 70 72 15 20 83 60 0 4 76 86 83 90 51 73 74 60 59 80 35 57 49 7 50 62 18 45 2 9 66 12 90 91 11 34 6 97 48 79 81 99 36 50 78 49 99 70 72 2 0 12 93 23 52 29 39 79 55 16 44 4 13 74
92 1 73 85 79 8 96 6 46 70 24 1 4 59 54 36 51 57 49 52 55 63 64 80 19 65 16 72 87 70 36 81 55 63 76 54 57 49 56 78 23 87 12 87 14 95 86 82 89 100 63 15 94 92 64 69 3 71 30 45 49 95 6 64 66 20 53 44 75 87 14 67 78 90 71 36 47 45 16 75 41 75 97 14 70 10 77 82 41 11 88 16 96 58 18 73 67 55 13 50
73 25 27 36 83 97 12 14 11 70 70 27 79 93 53 2 88 37 5 53 48 16 79 54 50 79 33 81 25 1 72 22 39 79 90 63 59 61 11 8 33 28 81 99 46 36 100 70 65 53 95 69 6 31 65 62 85 0 5 27 70 45 74 40 86 61 52 8 63 4 49 15 46 37 95 57 42 91 47 16 30 22 32 10 21 89 19 19 25 34 1 42 44 92 43 10 48 3 66 17
4 60 46 11 98 10 73 97 4 86 5 86 19 82 50 98 23 83 64 30 10 72 80 94 81 17 64 62 76 75 39 92 57 8 86 32 8 77 87 39 57 56 5 63 81 5 52 46 49 97 46 88 61 78 5 61 100 93 7 51 51 80 59 95 9 18 13 22 62 39 96 95 20 13 62 32 40 78 1 64 13 59 19 27 36 20 59 93 78 64 68 46 91 0 22 88 48 54 11 39
86 71 94 24 89 80 14 31 55 60 57 38 82 91 60 28 10 30 31 6 88 5 29 83 72 61 44 67 11 96 81 43 83 46 26 62 54 57 26 12 26 84 98 92 0 45 12 6 28 73 10 3 65 80 62 67 57 71 34 53 12 49 45 50 100 69 55 55 38 96 21 84 23 88 64 84 58 60 57 38 62 15 88 50 32 95 15 94 10 12 14 20 27 10 87 87 43 77 60 23
64 22 35 0 32 45 34 77 42 15 42 53 84 29 94 46 80 47 20 96 41 48 48 63 89 84 46 19 76 77 15 24 75 46 76 63 91 82 41 96 47 77 38 51 2 2 11 63 41 8 4 22 94 68 23 66 29 75 51 6 88 91 33 68 55 67 50 73 90 75 90 93 9 45 14 6 44 41 80 74 96 5 9 48 54 7 49 59 13 61 88 17 79 10 95 7 72 96 17 20
73 97 29 46 10 62 88 54 42 98 49 37 42 88 78 8 67 19 98 35 42 52 60 94 29 91 32 16 23 30 19 39 67 5 18 35 96 2 26 15 66 97 26 41 74 71 80 5 29 55 28 47 98 69 30 39 5 3 39 35 97 25 34 68 53 48 47 51 5 11 14 24 50 30 51 79 15 71 84 40 2 83 80 12 39 50 91 46 36 43 21 56 2 37 99 38 39 54 69 49
1 73 65 82 47 88 16 54 49 13 82 94 4 57 6 12 66 97 23 70 89 83 85 0 77 8 53 64 1 7 45 5 50 93 13 12 91 85 68 87 71 28 96 62 81 20 12 65 73 59 13 67 86 50 74 62 87 32 7 82 31 91 17 25 32 46 65 88 5 74 87 9 20 82 73 98 59 36 97 44 73 13 77 89 28 4 72 23 77 50 25 57 62 6 25 66 67 64 49 66
51 68 42 16 77 95 75 14 81 60 71 50 14 50 1 47 39 26 28 52 69 39 26 80 43 58 80 29 11 70 70 77 79 57 56 90 80 55 13 90 3 72 2 50 75 41 56 63 47 85 61 38 50 79 92 7 2 99 28 68 21 12 88 12 24 12 78 59 13 35 2 79 6 1 38 78 31 36 23 45 49 46 54 47 94 93 86 41 54 18 22 34 31 11 35 86 93 61 70 49
57 53 39 80 9 65 24 25 25 40 37 79 98 36 76 66 40 95 36 97 8 18 11 4 72 74 1 14 58 0 96 14 82 89 82 66 42 76 22 49 33 79 11 5 26 24 19 61 20 53 46 25 94 28 14 31 21 37 36 5 15 70 51 75 97 88 29 7 78 46 50 48 37 60 79 49 30 28 17 45 79 46 8 24 62 16 38 55 46 1 6 94 68 63 60 86 48 27 34 79
99 60 46 30 48 61 13 56 43 77 21 50 83 81 60 96 40 87 97 69 54 90 96 23 42 74 51 97 8 15 72 19 47 32 8 48 96 45 96 44 31 12 75 1 0 17 5 52 91 38 71 30 11 44 100 75 89 51 19 60 87 26 56 49 70 87 15 26 63 38 67 66 64 74 7 84 24 100 7 40 16 47 17 61 21 86 18 8 90 62 14 95 16 72 63 25 33 95 19 11
75 46 65 70 90 53 36 45 82 38 44 22 40 36 33 48 94 11 10 71 31 10 94 99 1 40 24 29 41 19 80 9 62 66 47 40 33 43 17 35 91 45 25 40 60 80 94 69 54 61 19 41 25 2 79 64 52 76 63 22 79 85 61 58 7 68 14 60 91 21 93 54 44 44 12 41 84 97 88 50 37 100 36 24 62 70 95 56 57 24 64 43 100 92 44 65 82 96 7 29
37 44 11 51 56 54 75 4 8 83 97 60 57 89 24 52 50 83 69 27 94 82 5 77 52 6 81 23 93 57 63 35 18 15 61 59 38 65 7 34 47 63 72 98 89 8 50 1 87 78 46 65 62 30 54 69 37 49 93 97 25 75 22 55 18 85 67 9 26 4 9 59 1 50 80 33 16 64 37 2 43 62 35 56 31 86 100 88 92 27 47 8 90 9 91 54 75 12 93 70
57 35 67 95 21 41 40 83 79 87 18 31 42 43 29 90 14 2 17 56 78 37 87 32 76 56 15 94 98 28 44 68 56 68 92 84 72 54 87 98 90 2 78 40 77 98 64 96 49 55 82 87 16 46 10 56 57 55 22 92 39 15 77 40 16 36 38 8 47 91 29 90 69 46 4 73 69 12 21 24 35 55 93 77 56 79 10 19 81 53 40 62 10 92 50 17 59 89 28 75
72 99 77 29 99 100 85 5 37 73 64 50 22 78 57 84 23 39 17 6 17 61 27 97 70 43 59 94 79 64 69 57 19 97 52 82 91 81 83 5 29 89 47 73 71 13 41 69 100 63 86 90 62 83 59 27 83 57 77 19 23 77 68 72 97 31 73 92 25 88 95 78 2 38 95 7 21 84 89 67 98 7 23 25 90 96 54 29 100 50 12 51 48 57 79 44 86 16 39 87
87 82 85 34 56 19 22 85 63 92 54 54 68 50 46 15 12 24 37 59 63 80 55 58 72 24 13 6 91 21 67 0 2 2 3 53 66 22 74 18 52 10 13 72 51 11 66 49 91 55 5 91 20 68 4 13 45 57 40 34 54 66 13 76 0 55 24 99 96 57 55 37 52 4 46 71 33 13 46 100 50 62 62 34 67 79 6 66 100 70 37 48 69 10 63 33 49 17 8 10
87 2 29 74 20 16 53 96 60 27 76 90 54 60 57 31 55 73 51 68 70 18 65 45 55 97 43 98 84 86 93 33 56 72 0 68 44 49 69 98 15 75 59 38 74 89 92 15 78 4 75 56 91 97 44 90 22 62 80 96 90 51 81 15 49 51 45 92 85 64 90 12 44 33 57 76 1 66 4 32 5 49 49 19 3 46 2 86 9 96 41 98 16 86 5 37 42 34 64 77
13 28 63 2 38 88 22 7 10 59 16 1 86 21 46 11 39 85 82 83 62 88 58 78 29 37 11 46 98 6 100 12 0 63 42 15 94 4 33 47 51 69 97 56 32 18 8 67 24 82 1 2 48 76 83 56 17 7 49 49 52 66 98 49 63 64 22 73 58 43 46 32 32 85 59 10 78 5 26 38 44 85 57 100 4 20 69 98 51 83 25 78 33 62 28 61 41 48 5 14
64 19 6 55 60 88 26 43 5 39 54 50 5 58 70 91 79 47 94 14 58 62 8 54 43 25 85 42 32 35 19 95 96 19 30 1 11 96 71 33 47 34 30 39 17 51 0 22 4 74 16 44 11 81 92 96 79 18 11 40 63 7 73 7 26 34 6 34 86 29 48 53 45 1 58 87 74 90 18 13 1 30 82 54 100 73 26 4 10 65 17 2 18 44 53 45 89 46 57 30
55 8 32 54 76 65 25 87 35 52 91 94 42 53 41 23 64 42 51 90 29 66 59 45 8 34 89 12 13 53 27 22 64 69 83 88 74 38 50 15 90 99 22 0 28 76 38 56 47 12 75 47 60 37 60 18 10 83 91 99 67 7 31 81 44 8 67 7 59 18 82 95 2 58 98 84 44 89 25 92 7 41 40 49 8 87 99 74 77 99 36 80 52 14 91 65 40 39 20 94
59 16 26 26 65 25 74 28 65 56 95 50 40 89 88 87 53 37 25 85 8 33 32 82 23 12 97 67 93 75 96 91 59 45 22 12 9 78 62 56 45 92 91 78 74 53 40 19 96 27 28 27 10 39 85 8 98 20 72 51 91 45 96 44 42 36 100 61 48 53 22 27 21 57 21 94 96 43 48 92 26 55 81 83 5 74 1 30 70 42 98 22 56 37 26 59 38 97 23 80
52 5 71 35 40 28 18 63 83 0 46 58 88 77 8 68 71 16 36 60 39 43 20 50 62 36 22 32 57 22 47 7 15 4 66 52 34 64 63 8 7 35 69 3 37 100 68 97 57 95 51 41 13 75 91 9 37 85 74 6 25 43 62 2 59 89 59 44 78 70 23 45 18 18 83 85 42 37 97 41 29 64 14 79 24 21 22 26 12 48 61 68 62 22 84 51 83 48 84 99
36 14 30 19 16 13 35 38 10 100 24 6 67 56 45 74 22 48 23 48 66 22 55 65 36 0 94 54 49 45 19 76 32 77 16 15 2 16 29 43 18 28 81 44 3 31 22 0 5 22 26 46 63 87 48 77 60 80 9 28 58 44 91 3 0 3 99 41 30 0 87 50 82 9 3 97 77 47 41 89 19 24 8 35 21 71 30 86 26 27 32 87 61 7 75 2 9 15 50 25
37 75 94 83 84 63 42 78 72 65 30 89 53 28 75 17 12 63 85 15 95 61 55 21 41 84 63 19 58 74 10 21 54 97 15 31 47 81 61 80 50 13 78 31 96 30 21 61 48 36 8 7 9 84 53 52 97 3 45 63 96 92 82 53 71 24 3 3 27 80 44 89 97 38 54 57 38 62 33 84 65 92 35 33 83 48 43 43 42 66 90 50 19 18 11 95 7 71 19 20
60 87 79 67 56 81 68 66 11 88 61 37 91 38 17 69 97 92 78 61 7 28 69 55 94 14 69 30 72 89 35 17 77 74 10 7 38 15 23 91 17 30 4 93 64 31 27 82 41 94 47 56 69 54 71 60 14 33 83 32 72 95 67 32 63 47 0 12 98 58 30 94 93 55 95 23 67 43 33 75 49 78 83 25 42 22 37 100 15 66 48 86 28 47 81 18 25 89 95 0
15 89 68 58 22 47 72 73 53 65 84 68 9 69 77 25 80 76 66 73 75 81 44 60 2 53 5 29 53 21 84 86 33 18 47 2 68 36 91 48 58 66 2 76 33 27 11 80 8 64 89 37 20 27 88 20 37 72 41 0 63 84 16 31 82 46 94 42 41 35 59 40 63 16 13 2 90 68 6 77 55 59 16 35 10 78 78 47 30 66 50 69 74 86 38 99 53 85 49 52
78 45 16 66 82 97 11 99 29 82 63 70 20 44 17 18 90 41 72 48 85 94 62 16 54 66 28 61 32 0 85 53 47 44 0 90 62 98 39 87 23 49 3 44 82 1 75 81 85 0 18 95 12 62 2 100 93 98 22 12 78 44 68 56 97 54 27 54 29 53 54 59 87 39 29 100 72 82 96 88 6 41 93 16 97 23 6 99 47 43 77 38 41 29 48 24 9 32 54 14
68 33 65 51 67 78 84 16 79 66 37 63 94 53 67 41 81 58 11 68 22 17 15 100 94 81 47 78 26 71 29 57 28 75 24 9 40 10 6 11 7 22 4 46 13 10 6 90 81 48 48 55 91 27 52 22 2 63 66 99 47 55 16 79 57 82 92 89 27 34 4 33 52 28 16 91 93 67 16 9 95 22 4 92 71 63 13 75 70 9 6 45 6 84 93 2 40 84 25 95
26 82 43 14 33 43 80 50 21 4 64 95 19 9 76 99 47 17 54 81 48 18 84 99 6 14 61 59 56 17 67 36 43 45 79 66 10 72 52 59 82 50 28 67 15 50 5 64 98 29 69 23 20 82 68 25 90 61 80 98 12 49 29 9 12 12 67 31 95 45 75 88 90 63 47 9 54 67 95 14 24 17 23 97 15 94 88 64 5 67 20 20 95 20 44 32 34 18 83 16
9 76 7 61 7 34 47 35 21 67 46 81 72 62 76 10 80 23 43 68 6 87 49 19 61 12 37 87 25 21 86 10 0 54 78 95 56 15 52 77 79 100 3 70 57 20 77 37 43 97 17 77 67 43 71 96 30 44 72 78 19 22 33 71 38 4 46 17 30 17 44 72 62 49 9 35 68 83 74 12 24 22 31 78 89 31 6 56 50 1 34 41 92 53 5 58 22 56 34 64
35 75 73 44 54 72 75 20 38 23 32 98 70 8 96 10 87 51 55 2 45 66 97 55 7 18 83 40 90 46 92 68 51 45 9 85 53 35 53 93 70 17 26 85 94 31 96 46 89 40 54 62 27 13 83 54 91 24 7 97 34 70 82 81 27 30 99 41 20 28 26 33 57 26 92 28 91 8 21 57 75 48 82 15 73 31 53 39 97 99 25 34 95 17 50 41 13 97 33 67
79 14 23 71 52 74 22 95 34 17 77 73 100 44 93 89 78 9 88 87 54 89 22 15 44 62 23 69 43 59 15 78 92 11 65 69 95 37 10 75 53 47 24 41 1 53 72 57 50 74 82 86 39 82 74 44 62 55 41 16 14 32 71 64 7 45 23 44 3 64 52 36 73 73 65 11 32 19 41 4 46 91 29 22 97 25 17 51 50 17 50 90 6 60 35 25 42 49 46 43
87 98 18 16 58 68 84 21 20 100 66 75 55 74 77 88 18 34 20 80 92 87 51 10 37 43 8 24 40 50 74 79 97 6 94 41 47 69 38 5 95 96 95 96 97 93 60 17 34 54 91 93 13 35 90 19 56 0 61 84 90 51 15 12 38 33 62 50 88 68 73 11 83 92 50 63 99 25 67 95 94 85 39 99 83 6 9 25 16 99 9 60 87 13 40 51 18 54 51 76
90 98 35 44 8 5 63 86 41 37 91 64 32 32 7 96 57 39 59 75 32 53 37 11 67 22 63 59 16 96 97 86 44 4 29 84 30 98 78 76 51 92 1 33 31 65 97 56 61 67 25 18 57 46 39 81 83 90 39 44 33 84 99 72 36 9 39 70 84 10 46 70 16 58 2 44 27 1 36 21 26 15 81 14 39 53 46 99 86 78 61 89 0 40 13 43 35 43 40 90
77 77 44 46 17 43 26 90 78 9 84 14 72 67 40 0 59 86 34 57 16 13 28 52 90 18 61 67 50 38 88 86 25 70 82 52 21 97 20 59 24 58 71 73 89 53 54 9 65 65 29 98 33 10 66 96 81 44 98 37 33 57 25 37 35 65 34 24 27 8 35 20 37 11 54 43 6 63 37 11 6 34 53 38 61 49 73 45 20 13 94 31 23 70 62 84 19 63 11 15
32 99 24 79 85 95 88 88 54 57 47 6 38 65 51 34 22 87 82 89 3 28 42 54 91 26 54 74 40 39 87 31 59 1 38 13 1 70 28 98 54 56 22 62 16 31 64 13 8 66 14 98 41 54 93 91 4 61 94 58 7 50 1 78 58 70 71 66 41 41 48 99 79 31 49 84 28 14 2 27 67 81 56 64 1 27 89 31 22 66 31 5 3 42 51 46 23 83 7 27
25 96 35 42 62 57 0 9 3 51 46 44 16 43 35 2 75 67 100 16 65 87 82 50 17 14 25 21 24 3 2 73 20 40 81 82 64 38 41 61 46 62 22 60 81 2 91 21 47 49 8 80 67 80 31 59 14 48 66 85 37 33 33 19 91 57 52 97 46 33 25 76 32 13 41 36 2 66 72 30 80 89 38 23 91 9 41 1 79 67 54 42 51 69 17 7 93 20 74 35
81 65 6 43 51 5 44 30 79 99 61 85 49 25 60 47 52 33 53 80 45 79 80 65 78 30 17 22 45 90 74 1 49 1 33 54 39 100 12 44 54 50 59 26 37 67 69 69 66 55 5 56 15 71 19 86 51 29 55 6 12 96 37 41 70 92 26 87 78 22 10 15 33 55 16 12 71 64 43 96 79 98 44 87 83 27 17 69 76 99 54 94 89 36 1 14 52 46 50 10
49 31 53 6 85 57 94 30 39 42 47 64 39 14 100 79 79 77 38 46 20 38 60 53 55 56 96 12 39 39 5 66 15 47 89 96 70 29 10 65 58 70 40 94 69 20 24 4 26 23 97 64 86 84 25 80 89 99 84 87 31 54 46 65 63 28 74 95 42 75 29 49 53 37 90 28 97 56 65 33 51 15 0 48 83 43 73 49 85 59 49 47 32 5 78 56 1 70 55 37
63 73 79 19 37 11 99 22 90 53 66 49 19 1 29 59 96 100 54 15 55 97 79 32 31 59 13 53 71 22 66 15 21 91 83 56 71 11 97 94 96 82 8 47 17 34 48 37 39 23 2 10 97 11 28 54 71 53 94 73 25 62 36 19 97 83 66 68 4 64 12 77 39 85 70 61 73 14 71 98 80 25 53 27 39 17 4 71 68 93 4 80 70 81 1 94 8 3 37 98
10 95 14 4 23 90 26 100 81 81 6 48 9 67 79 4 85 46 83 91 96 61 4 86 0 24 41 97 26 40 57 2 97 57 72 53 25 20 24 28 71 22 34 21 30 77 36 58 20 57 67 67 11 29 43 97 71 38 7 97 84 100 54 6 99 60 88 73 87 98 0 91 75 93 36 27 67 76 76 50 91 7 0 37 74 29 37 88 88 62 79 34 72 17 26 18 20 16 89 38
75 37 10 94 67 2 64 22 97 64 54 91 30 38 47 86 23 57 62 82 61 94 14 63 56 6 14 64 5 67 30 13 4 42 73 53 37 14 65 45 98 59 3 66 77 33 17 44 39 87 91 34 3 30 11 48 3 32 88 42 28 0 97 99 71 15 33 11 41 42 55 35 100 52 83 69 4 45 25 74 43 52 66 5 3 11 43 57 7 4 68 1 18 6 21 95 94 25 50 69
52 70 70 93 14 29 6 70 4 90 1 3 48 87 58 7 2 91 43 68 83 74 29 95 48 92 20 93 5 22 88 43 92 93 84 61 56 98 29 85 9 53 85 14 32 12 25 96 91 63 67 27 16 35 34 14 54 28 7 23 75 65 7 32 2 40 8 94 86 10 43 87 45 97 5 84 60 86 60 40 45 44 2 96 45 36 62 77 57 72 60 69 32 29 44 3 17 30 48 90
54 14 18 68 61 65 80 26 91 27 96 14 29 59 74 47 75 77 29 0 14 0 84 48 69 3 54 35 78 28 20 60 93 90 41 7 93 96 7 78 79 76 42 61 48 93 99 96 70 8 88 74 85 92 91 59 10 73 17 66 17 55 29 90 39 42 78 74 17 75 77 85 3 93 28 41 57 55 98 68 78 18 18 100 36 71 39 48 54 95 21 92 50 42 13 89 12 98 100 19
14 13 62 62 96 29 50 96 29 27 76 94 67 80 63 5 11 30 73 7 1 94 98 10 5 52 32 83 74 91 49 67 4 46 87 59 95 59 24 27 15 98 42 56 49 37 97 11 99 74 36 80 95 25 62 90 81 38 25 32 33 43 46 41 49 70 60 82 35 20 70 39 78 65 55 0 69 0 25 73 51 57 24 89 96 65 85 65 54 19 3 30 85 31 2 33 44 29 18 98
20 45 12 100 33 72 46 6 36 77 63 49 6 33 9 22 26 12 36 64 12 89 1 86 86 69 100 80 46 95 6 19 76 73 63 91 7 20 63 18 87 71 20 34 40 64 12 71 98 2 66 12 35 6 65 55 56 38 85 66 73 87 28 30 91 5 65 13 8 45 90 6 17 49 45 1 8 57 7 5 58 21 82 8 87 90 40 26 75 65 19 87 98 41 90 43 56 24 90 62
90 35 52 51 55 45 79 29 2 25 54 56 58 3 64 58 94 85 63 71 74 18 31 96 37 35 47 23 58 2 97 3 9 26 14 20 65 87 53 77 57 9 72 32 50 43 16 70 27 38 6 11 57 0 9 6 13 60 22 91 49 43 41 97 90 55 26 46 7 81 85 23 52 2 23 26 77 2 53 11 73 61 56 95 38 93 65 81 83 63 84 51 87 68 96 39 6 33 11 76
51 87 89 98 19 47 91 22 100 60 58 60 41 68 57 56 25 46 16 56 25 1 10 8 57 46 46 36 76 50 38 99 19 36 91 36 61 53 20 54 91 51 95 79 6 13 65 92 92 19 79 77 57 46 45 53 86 76 83 66 2 2 43 68 32 67 12 95 40 22 17 69 77 84 38 83 39 40 50 32 23 15 3 67 6 8 92 44 31 50 85 6 22 28 79 26 20 58 3 67
38 55 98 53 11 81 38 44 74 27 60 40 46 27 67 84 12 44 60 58 58 81 6 53 55 31 51 58 76 42 6 61 100 92 93 37 88 91 68 92 2 74 87 32 97 56 22 88 99 77 78 7 16 68 35 53 83 95 98 94 33 63 74 48 47 93 91 17 93 14 55 49 0 87 8 98 58 34 96 61 13 73 17 47 93 67 0 60 0 13 49 91 94 2 68 99 85 7 18 84
2 91 28 18 45 75 16 91 67 4 91 24 87 62 77 72 16 96 20 47 88 7 42 7 34 85 100 68 28 82 69 45 42 94 100 53 94 42 5 36 32 80 25 77 76 100 62 82 93 79 90 26 7 11 77 9 74 53 76 84 2 35 33 56 49 54 52 62 71 34 59 28 87 60 90 81 57 15 67 65 99 94 36 20 42 69 30 71 88 0 47 84 34 24 26 94 63 11 65 63
6 3 3 8 24 96 29 23 1 36 59 87 85 37 63 14 11 92 98 59 78 3 3 9 81 36 32 11 45 12 83 31 38 35 64 60 51 34 79 55 75 17 9 33 92 58 12 46 69 76 56 50 69 35 8 21 50 89 100 79 81 18 69 92 90 77 37 73 25 85 32 41 23 45 1 54 15 52 66 80 78 100 36 50 42 66 45 18 96 54 22 19 60 21 7 87 16 75 44 35
87 80 94 10 11 27 66 97 55 98 24 88 7 33 77 64 15 46 48 92 58 44 64 89 12 96 5 37 67 85 53 44 7 63 58 94 62 23 62 46 52 65 91 36 55 82 59 47 57 98 29 46 17 53 51 74 25 99 4 84 31 80 28 55 81 0 90 81 24 50 70 29 16 21 73 15 24 95 64 46 64 75 65 74 9 43 9 55 35 41 78 95 51 33 85 75 77 24 88 9
29 82 45 13 94 29 88 85 19 38 1 3 31 22 66 79 57 68 38 71 42 68 80 78 66 98 70 29 93 45 94 82 47 5 17 10 42 14 92 42 67 42 37 34 93 59 85 5 71 9 14 72 78 65 89 13 23 68 70 18 37 47 92 48 67 63 31 15 32 88 92 84 33 2 35 77 81 68 1 20 31 37 25 43 17 25 68 65 5 67 98 100 72 46 31 2 14 78 64 41
22 12 17 21 4 91 93 89 12 40 83 3 18 100 55 49 42 90 37 28 57 22 58 95 59 88 0 85 56 99 68 6 60 3 19 86 24 45 66 45 58 60 22 25 79 23 82 98 5 65 40 38 56 96 91 98 77 20 92 8 84 23 98 9 84 57 53 40 47 24 45 95 15 5 77 88 17 44 31 85 85 24 47 40 34 71 13 8 36 62 97 75 100 33 68 63 70 70 53 8
37 23 64 32 78 21 29 89 84 99 13 1 49 88 21 48 54 79 29 100 49 60 30 73 47 5 86 52 68 53 63 46 73 83 51 67 75 22 46 89 71 4 26 46 13 95 24 84 65 41 29 19 91 28 1 11 67 82 32 47 88 44 94 51 74 66 15 6 58 43 96 85 26 14 5 80 12 18 37 25 36 68 87 37 3 0 80 73 32 81 46 39 33 42 42 93 84 46 3 1
45 25 21 27 65 75 5 6 28 56 50 68 15 39 89 38 1 46 26 20 56 50 29 82 86 44 85 59 71 52 12 96 76 88 40 93 24 79 98 33 76 81 34 58 31 89 64 86 61 82 33 18 21 28 71 82 96 21 72 57 61 36 77 17 26 91 44 25 53 35 100 79 12 76 14 12 80 99 1 71 27 49 84 96 96 27 1 73 86 88 74 49 56 26 1 52 69 22 76 89
24 88 72 50 64 44 13 60 3 85 28 26 86 25 60 0 17 15 2 49 92 9 1 35 54 27 79 13 63 78 95 71 81 70 31 84 71 47 69 66 0 28 40 75 74 59 7 87 23 40 95 89 36 5 15 48 60 32 39 99 70 58 94 62 42 94 22 43 4 61 14 76 17 89 11 2 60 0 60 53 80 74 86 34 20 18 73 26 80 10 75 78 25 42 46 79 29 34 41 94
41 47 68 91 96 95 76 36 55 72 85 75 71 80 12 57 58 52 79 14 68 76 81 50 79 3 44 39 75 49 37 67 58 10 88 33 6 63 22 21 42 33 37 78 31 96 70 31 0 43 82 12 45 71 16 85 51 2 39 85 46 44 59 55 12 48 7 9 67 19 11 54 84 99 68 91 74 56 46 50 4 40 92 49 97 37 85 5 84 6 78 80 85 35 57 33 36 40 15 96
55 51 1 83 56 38 21 86 90 35 96 11 85 73 32 45 36 6 2 2 34 100 46 14 100 41 14 96 66 79 100 90 2 25 25 46 71 100 52 50 65 50 49 88 44 85 36 74 28 32 90 22 77 48 58 37 27 60 0 86 11 16 18 37 63 39 24 94 55 6 42 10 41 57 88 46 64 25 39 35 86 10 41 48 45 31 84 90 38 2 11 79 94 23 54 43 50 68 24 6
6 19 71 10 67 88 38 84 23 94 20 85 63 85 18 4 81 20 65 3 9 64 75 84 78 70 33 78 88 61 26 27 85 59 73 61 30 92 69 11 23 55 32 49 14 75 1 100 78 88 24 40 24 70 76 77 94 38 36 87 28 77 48 85 25 63 53 44 49 76 96 87 50 1 98 8 64 91 94 22 5 26 60 85 52 79 61 24 0 3 94 54 72 46 93 16 37 38 61 40
76 84 45 21 93 26 17 35 18 27 17 8 11 18 89 62 49 17 61 90 43 13 14 50 8 30 75 48 50 43 27 21 71 62 85 7 96 68 16 20 25 26 18 48 43 0 9 8 94 50 81 12 93 1 28 14 93 12 5 78 12 45 64 85 39 7 93 37 94 86 68 46 46 11 55 64 18 75 73 94 32 85 34 31 13 85 92 16 48 33 97 76 90 92 67 71 88 66 40 44
92 65 97 64 13 34 11 83 98 31 11 85 97 62 66 18 12 6 87 12 89 91 13 41 98 81 37 23 45 16 30 79 48 21 19 89 47 12 65 33 32 98 82 79 58 73 8 46 82 94 20 82 91 68 0 47 58 69 5 67 27 79 3 22 31 76 84 55 80 90 34 23 1 12 57 64 76 23 88 8 67 43 30 3 72 47 16 75 2 70 44 50 11 4 99 92 16 70 44 67
24 19 31 25 90 87 67 11 92 41 95 6 66 62 31 7 44 1 4 76 70 44 24 47 80 37 14 30 73 51 30 50 75 46 30 20 61 16 100 34 60 3 17 95 8 61 37 66 65 80 54 54 92 57 99 86 50 24 54 26 27 25 96 16 32 4 77 33 58 62 83 45 34 24 35 8 78 61 26 18 44 61 84 38 70 40 98 46 47 22 58 46 55 83 41 71 71 3 73 38
22 95 3 41 27 38 82 8 63 71 22 83 7 34 78 74 73 17 73 4 90 51 36 10 14 52 24 70 86 10 77 95 64 92 77 34 84 14 100 19 56 41 48 28 66 24 60 22 56 98 11 27 19 65 71 6 78 99 53 82 45 96 51 5 15 54 84 54 32 49 47 73 73 37 6 11 100 44 76 82 48 9 54 28 57 94 16 0 41 79 34 12 21 17 79 44 63 7 47 89
78 27 74 49 4 59 57 1 49 85 95 45 87 29 76 82 70 34 33 92 78 97 86 38 1 48 22 27 10 58 80 28 19 11 76 1 31 82 55 50 23 53 6 47 49 97 97 13 40 0 23 39 11 50 23 8 86 48 59 83 75 5 61 74 49 17 86 36 3 2 25 17 81 83 84 84 47 84 39 37 36 5 99 74 34 22 37 45 76 2 98 15 97 65 32 62 74 46 73 60
38 5 77 8 33 25 17 83 94 40 86 30 44 1 21 70 92 19 64 92 5 90 87 52 53 40 73 36 4 1 68 74 32 40 100 78 73 45 80 38 10 73 69 45 10 68 27 37 89 10 28 57 80 28 50 30 57 37 35 66 93 5 29 51 96 0 66 82 73 99 60 10 85 56 70 8 51 57 79 97 19 56 13 61 99 25 49 14 24 47 25 85 77 20 56 93 92 8 77 69
25 57 2 43 60 42 65 79 86 57 85 80 6 31 30 24 11 65 11 74 58 98 78 64 43 19 37 89 27 12 66 31 75 11 85 56 98 83 61 50 71 27 98 12 35 63 3 64 12 60 99 36 56 18 25 90 7 24 41 23 64 68 41 19 18 38 27 33 0 35 60 55 57 57 41 99 80 68 7 53 51 39 90 48 93 58 84 36 52 16 47 25 45 77 100 37 79 83 68 86
96 74 66 14 84 84 50 53 35 99 12 70 62 19 70 99 56 56 25 55 5 36 79 0 56 95 26 34 93 83 20 43 71 8 3 73 25 73 68 75 69 53 74 100 86 0 24 78 41 6 54 31 72 7 87 99 37 18 21 51 59 72 41 92 5 10 87 51 24 97 29 38 11 59 42 22 50 82 74 81 45 30 2 43 49 7 13 41 76 26 19 54 17 75 36 65 47 21 38 39
11 12 27 90 1 28 84 92 37 80 71 3 13 95 1 1 58 6 95 93 94 100 42 94 48 97 32 10 3 100 31 45 46 36 90 70 38 68 35 36 59 20 2 64 79 40 96 39 54 9 58 6 35 37 16 28 16 72 32 24 37 48 81 75 72 47 59 3 2 69 61 31 31 83 51 24 10 47 97 32 30 13 71 3 40 6 88 53 42 29 9 96 59 52 46 83 26 86 42 43
52 28 2 73 88 72 7 83 12 1 81 97 55 36 6 21 29 87 44 16 65 1 6 26 36 77 75 55 55 21 41 78 27 25 43 53 86 24 55 28 23 81 60 44 94 37 35 99 48 1 0 4 22 14 40 34 91 43 89 37 29 73 28 10 83 59 21 20 67 81 51 86 77 4 85 29 68 40 97 72 57 98 19 67 30 64 62 20 16 79 42 3 84 3 48 94 38 69 9 12
6 90 79 76 36 53 64 56 25 69 53 92 100 52 48 53 93 69 99 64 32 12 80 100 96 83 51 7 69 49 16 36 45 68 26 16 51 89 23 67 20 100 47 91 21 69 22 72 7 72 60 12 68 78 17 96 68 50 84 89 98 77 13 12 51 45 65 67 36 90 70 55 56 73 56 74 85 39 50 38 89 71 87 15 89 65 82 15 30 10 62 35 35 32 58 38 23 92 87 38
91 42 67 61 35 91 48 30 63 99 75 21 88 16 97 38 56 10 84 14 100 13 68 42 24 35 58 34 35 30 13 77 36 56 95 2 52 44 63 14 8 42 26 84 5 49 30 75 42 62 13 30 81 26 69 40 19 57 42 31 39 4 76 15 97 57 21 14 43 45 62 49 7 42 20 93 75 68 39 52 80 75 48 25 5 80 24 55 86 89 36 77 82 77 93 29 5 51 15 86
51 27 9 9 88 31 73 75 77 70 33 68 16 79 41 95 8 74 74 76 48 86 35 35 19 45 21 63 43 32 40 11 8 94 42 52 38 78 28 64 79 47 5 68 79 56 33 1 16 57 16 57 81 72 72 85 62 66 69 38 42 47 96 51 83 24 88 74 0 99 5 90 74 90 69 39 97 42 88 9 25 15 92 60 26 60 28 44 93 19 77 93 80 42 62 85 96 41 0 71
80 49 52 96 96 68 3 71 75 35 76 97 97 25 73 26 40 90 48 33 34 54 17 95 68 61 56 100 76 80 36 66 92 28 100 49 81 87 59 53 38 14 77 55 14 17 11 43 61 82 39 100 32 79 81 26 28 91 96 67 58 61 18 76 99 21 41 15 60 40 100 2 100 75 85 92 0 69 8 32 36 97 5 59 29 80 93 47 85 98 0 80 67 91 60 35 5 84 88 30
40 38 19 64 84 6 16 51 10 89 41 37 23 63 46 8 80 69 43 36 14 24 51 44 82 19 3 15 84 63 33 59 98 63 31 97 62 91 24 62 13 22 98 86 11 94 27 58 42 34 81 62 48 52 20 12 21 57 75 58 0 49 25 14 66 18 14 8 30 90 42 11 47 48 38 100 48 58 56 4 60 19 54 18 56 61 47 81 95 88 1 87 26 51 14 58 0 56 40 37
99 25 98 39 8 47 15 60 90 85 10 91 21 30 40 20 61 35 23 100 38 26 34 89 42 27 78 21 79 45 96 1 74 35 9 9 28 41 71 89 77 96 30 89 74 74 17 7 15 40 0 86 5 28 83 22 92 37 87 33 20 14 52 96 18 93 96 40 1 37 7 100 82 14 58 29 67 28 41 83 50 23 96 70 81 47 89 78 53 60 23 34 96 41 6 76 99 73 7 31
71 20 1 37 40 34 66 88 80 98 10 85 93 72 8 15 26 52 56 71 69 81 3 3 71 1 30 15 51 73 19 19 1 10 33 84 0 89 62 33 70 70 92 76 53 63 68 57 53 3 67 16 95 100 92 56 97 80 71 52 23 11 74 11 99 45 76 0 82 86 50 44 33 45 86 62 70 16 30 19 41 3 2 41 8 100 23 63 22 36 64 88 78 94 83 85 18 45 22 86
100 85 65 73 21 50 81 95 48 89 1 35 19 95 20 60 26 95 98 86 34 40 22 93 77 19 79 52 37 96 43 82 76 18 14 68 96 44 19 85 66 42 57 87 86 62 8 23 73 98 62 97 4 76 30 28 92 32 2 21 0 98 25 76 79 62 4 71 0 89 54 60 72 32 20 29 63 7 94 37 17 71 6 63 30 84 56 21 66 13 72 14 91 23 56 93 54 17 7 35
73 69 68 35 4 15 8 18 29 97 25 69 66 56 91 52 16 80 1 67 32 48 60 4 32 67 10 56 37 13 16 14 80 97 74 84 24 19 78 33 94 0 75 82 91 73 30 50 55 32 53 64 96 82 27 87 96 64 79 61 52 12 76 97 85 28 85 34 6 66 46 11 70 0 66 81 18 30 21 75 58 84 24 4 60 41 81 26 29 32 33 66 0 50 25 85 30 67 9 76
7 2 27 46 29 12 17 89 0 64 22 59 83 89 73 20 73 40 52 99 33 11 64 35 36 13 79 90 97 14 100 66 92 90 78 40 49 46 72 87 29 49 87 23 86 12 32 39 21 70 51 59 36 57 73 23 25 5 76 77 27 51 60 65 74 77 46 62 60 5 43 90 33 88 24 1 9 65 3 59 48 71 66 27 0 26 3 63 17 48 75 47 1 21 84 5 68 65 79 73
87 98 6 42 41 40 95 81 66 1 99 38 37 59 94 87 97 81 82 69 97 23 12 87 35 83 29 67 91 30 50 50 36 80 32 20 59 53 43 87 38 87 70 28 47 35 46 11 6 57 14 49 95 34 1 26 91 76 17 54 0 91 23 48 38 10 97 48 28 81 71 64 46 86 50 84 66 13 29 15 87 41 20 45 81 72 76 9 19 11 85 19 38 33 31 52 40 35 33 91
90 50 56 23 69 1 78 50 17 4 75 82 30 96 15 64 88 2 10 46 93 90 59 81 83 77 56 84 85 17 61 61 44 53 32 53 47 80 57 3 86 81 69 89 4 72 71 72 87 80 99 1 10 6 9 44 90 86 63 60 51 3 64 58 35 30 46 88 30 94 34 83 12 33 13 32 98 67 57 21 46 56 23 15 12 24 0 55 2 50 21 34 64 53 31 72 77 26 21 50
22 63 47 28 60 67 50 10 4 19 35 80 10 33 56 21 21 19 13 28 57 68 66 65 29 52 85 32 38 67 33 85 30 80 86 19 93 42 7 42 69 6 82 46 18 15 82 67 9 30 38 13 57 46 7 65 42 6 25 87 29 27 67 24 0 37 20 80 34 86 25 19 10 64 53 3 94 52 31 31 78 60 32 74 82 96 1 25 95 61 2 15 70 63 76 100 99 9 58 27
81 12 23 22 64 21 76 34 30 0 77 33 21 5 28 48 14 34 23 8 21 80 73 30 15 66 36 87 20 24 22 43 8 42 44 58 79 99 30 72 82 78 60 99 45 23 59 73 43 26 93 40 80 3 45 59 67 77 87 86 69 20 39 28 62 62 37 60 60 80 2 61 49 49 90 33 60 22 59 47 40 89 42 3 52 9 61 14 84 71 74 85 64 76 3 16 73 77 14 23
56 23 38 76 91 79 99 65 13 70 77 52 32 4 89 58 66 6 59 44 37 89 3 41 29 28 88 36 18 37 45 100 79 7 95 39 90 60 49 30 94 43 64 47 52 17 46 7 8 73 45 6 30 78 33 69 49 12 29 87 92 51 77 74 30 96 73 74 16 55 4 92 52 1 92 92 23 28 84 43 69 98 45 49 63 85 25 96 100 1 86 63 100 90 99 91 94 87 52 44
84 17 32 75 16 91 45 42 100 30 15 26 40 48 71 92 99 76 85 74 32 67 87 99 34 44 100 34 94 65 51 7 79 22 58 96 7 99 12 54 38 61 29 24 67 67 12 37 59 13 85 88 21 35 46 30 66 90 29 0 86 4 85 88 74 91 64 91 46 18 28 28 78 89 58 63 10 21 87 17 69 68 41 15 34 36 39 47 0 3 11 14 30 44 84 16 52 88 18 16
98 57 70 51 97 55 58 70 71 40 31 89 78 99 62 15 26 47 69 92 0 70 46 11 80 17 24 61 96 98 27 40 59 9 68 6 28 97 9 81 68 62 30 47 60 27 54 79 76 36 27 39 29 69 10 79 17 27 68 43 16 60 70 27 23 10 6 71 57 15 59 0 74 23 46 79 76 93 0 30 80 33 53 98 72 22 64 60 21 8 87 69 94 98 42 48 11 95 57 20
60 26 67 16 55 75 74 53 87 68 68 19 92 24 39 17 36 6 42 12 77 56 76 49 80 1 45 15 81 71 64 56 78 1 24 20 77 98 45 74 63 73 69 93 32 34 64 83 76 16 22 49 71 98 40 7 31 95 7 76 44 82 31 91 34 28 64 79 28 67 38 66 27 69 65 91 72 16 4 26 53 95 48 25 25 78 53 30 99 6 63 85 96 49 53 60 33 3 0 28
50 73 50 63 72 0 75 69 62 4 18 77 77 25 47 1 19 55 77 43 78 62 6 12 2 69 6 77 84 89 42 75 2 92 50 28 75 89 43 39 73 38 69 36 20 23 19 6 14 8 80 29 18 63 74 24 71 70 81 5 51 44 54 78 92 87 10 93 77 9 87 1 76 66 94 14 81 9 75 63 88 95 35 74 2 45 20 60 62 97 14 2 27 27 37 0 14 34 98 42
36 55 66 35 77 31 94 98 36 82 22 75 27 36 71 99 53 5 76 52 72 57 38 70 29 87 81 57 26 72 78 79 33 30 26 12 55 55 30 33 52 9 19 65 54 37 8 52 31 60 59 15 52 65 56 39 89 59 93 91 69 87 21 5 14 48 85 59 77 3 31 97 0 15 51 7 40 55 2 0 88 78 65 51 40 78 23 0 16 65 52 17 60 97 66 95 92 94 100 28
76 97 61 30 47 56 89 9 25 79 94 76 10 3 44 23 55 9 56 33 17 76 23 23 5 76 74 43 45 34 79 2 46 49 53 84 47 23 76 85 68 88 50 100 60 16 43 28 3 87 57 2 72 2 72 24 40 9 15 15 67 16 35 1 44 59 6 62 66 41 61 30 99 74 71 5 25 89 45 88 14 48 52 96 38 13 48 42 31 24 93 52 35 91 58 93 56 0 96 43
86 34 56 58 91 56 97 3 32 100 62 23 38 16 52 59 2 56 29 55 14 71 74 40 17 59 49 1 58 12 40 30 2 94 63 38 1 5 86 86 23 90 18 77 7 64 86 30 4 27 21 11 100 75 94 47 75 71 56 1 100 61 85 75 86 81 92 22 33 10 26 18 65 75 0 63 3 49 40 44 64 21 7 99 84 91 46 59 16 73 37 65 99 89 67 92 7 18 88 7
46 36 56 40 0 82 81 3 58 49 48 38 12 16 36 58 100 71 5 48 17 92 11 12 98 50 82 88 6 97 80 75 26 70 74 2 94 67 49 8 46 43 7 70 83 49 83 65 44 50 16 97 57 13 57 13 10 83 67 34 56 13 62 3 85 96 33 32 4 57 87 10 40 32 46 33 37 28 33 80 51 50 56 51 94 24 67 72 96 92 75 72 11 44 80 71 50 99 31 56
93 42 3 40 36 77 90 2 58 49 83 29 92 93 59 35 37 91 60 39 11 34 63 75 93 45 100 62 96 31 12 84 97 55 31 58 12 79 40 86 29 32 35 100 61 47 69 27 79 77 100 83 33 41 75 74 27 85 34 59 82 47 18 77 42 63 89 27 30 51 16 76 15 87 55 17 79 26 69 33 96 82 2 92 50 3 88 29 82 43 58 92 32 87 32 68 99 99 63 91
8 94 32 80 53 2 28 60 93 32 2 41 30 9 72 94 61 32 97 2 12 79 39 60 61 12 8 83 50 55 1 60 41 71 48 92 44 21 7 63 1 81 83 4 80 47 46 1 6 80 47 21 14 37 15 99 77 72 11 19 34 64 21 26 6 92 100 88 69 41 9 94 57 85 65 96 61 21 44 77 38 20 76 40 13 14 24 20 82 74 96 83 14 91 89 76 45 43 84 96
86 31 67 12 47 57 79 93 95 65 92 69 91 80 44 74 16 44 92 2 51 92 64 80 25 86 18 40 42 16 60 2 22 92 15 84 70 22 24 56 92 65 99 10 46 42 1 99 31 58 71 13 9 8 71 31 9 75 75 65 75 44 65 100 4 42 72 49 45 26 100 55 12 82 37 48 86 100 95 19 73 17 58 34 49 8 50 37 46 44 74 28 49 95 89 59 54 87 69 29
25 96 30 24 32 84 65 2 65 16 46 38 37 39 60 1 93 62 38 87 30 9 75 23 48 12 19 25 94 100 81 23 98 53 0 72 63 100 5 79 47 58 89 90 50 6 5 69 16 91 75 83 86 77 30 99 39 93 11 81 54 91 7 48 56 7 62 72 55 46 33 83 62 26 67 78 80 50 35 15 68 72 93 26 42 24 93 4 53 85 61 57 51 81 27 79 57 88 53 23
61 3 14 6 47 61 97 7 10 73 87 73 44 30 11 91 76 60 98 12 3 84 42 94 15 83 87 13 15 6 6 56 3 21 38 22 67 79 95 96 15 67 9 41 44 93 56 99 61 24 32 36 37 91 13 99 71 50 32 29 85 50 24 5 88 64 16 99 78 69 16 20 80 79 34 24 73 19 53 90 21 95 3 23 65 42 9 65 61 22 66 91 22 23 37 35 86 50 30 87
20 100 50 38 63 84 27 46 35 20 28 42 96 81 64 77 78 69 95 0 70 2 1 79 98 70 13 50 95 92 13 69 98 82 5 18 35 42 4 4 78 22 80 98 78 95 39 35 18 4 12 82 60 1 88 67 100 30 63 75 34 59 29 55 79 0 63 48 18 2 41 70 96 20 79 80 86 6 80 95 85 18 27 67 80 53 16 33 90 60 73 86 76 5 43 27 53 54 73 33
65 49 99 57 32 41 13 78 9 35 53 32 49 91 46 47 96 39 56 16 94 5 24 98 55 9 81 51 87 46 51 3 23 50 31 29 66 40 38 61 36 46 94 77 43 4 14 75 22 38 60 31 61 47 11 91 45 18 26 7 21 55 31 45 54 55 67 23 25 6 6 63 48 93 91 54 85 30 98 53 21 57 36 97 31 65 11 71 80 89 2 83 100 94 60 55 8 51 20 37
90 42 28 32 52 26 89 21 90 48 40 38 83 77 83 71 30 2 90 98 70 56 79 68 89 50 36 15 4 49 26 2 48 99 16 32 79 77 88 39 17 54 100 28 3 63 14 6 47 52 93 85 46 64 42 67 56 67 53 12 45 46 87 24 68 49 52 84 36 16 96 51 41 19 11 12 62 72 91 65 10 87 83 100 76 26 8 69 53 87 45 40 78 86 93 81 7 35 6 40
31 22 68 24 12 33 63 99 43 39 90 57 70 47 94 92 71 73 59 84 26 68 67 12 56 17 67 36 84 86 25 57 50 13 91 10 2 92 85 72 1 93 83 52 91 35 8 20 3 85 94 38 83 26 71 2 32 2 56 100 58 99 17 96 86 3 16 14 74 88 39 0 52 19 54 14 46 93 67 98 98 76 93 10 55 21 99 61 74 42 33 52 46 27 34 57 18 78 29 27
85 62 2 58 90 33 28 29 27 59 41 83 60 82 20 45 96 50 39 21 25 17 63 38 80 81 12 25 39 35 58 73 14 80 19 66 26 66 88 37 12 88 97 24 80 8 14 15 35 39 30 98 91 39 46 11 72 48 98 6 91 81 40 61 65 30 81 0 27 23 26 70 25 58 13 67 6 66 76 24 34 8 36 72 9 3 25 60 81 45 65 78 51 45 49 89 30 12 86 58
4 23 95 37 81 73 1 25 20 34 55 40 9 93 66 75 28 73 56 67 39 74 67 19 7 71 6 89 97 35 42 60 18 50 24 60 38 28 88 85 15 77 47 33 18 19 94 85 23 82 45 34 7 83 58 52 39 61 35 57 22 52 72 88 97 90 2 32 0 81 14 80 98 96 34 78 57 84 47 65 61 95 60 82 9 47 14 84 69 45 91 52 76 52 78 0 6 98 15 30
6 41 80 18 62 51 79 16 43 19 92 84 19 0 85 92 22 84 50 54 97 76 5 60 28 23 51 53 4 83 76 76 83 24 73 22 38 61 82 17 8 9 13 19 43 78 38 64 61 79 78 12 39 17 32 44 99 40 34 11 31 46 19 75 76 18 34 14 87 27 72 23 57 49 99 14 3 96 80 59 37 3 3 57 8 64 32 62 84 100 32 66 92 89 6 5 73 2 50 0
46 52 47 46 97 70 49 0 79 85 5 87 47 42 42 5 74 4 99 26 41 81 20 66 52 41 90 42 31 34 56 85 57 50 82 24 79 27 73 98 40 62 86 31 30 65 18 82 32 92 54 17 13 70 46 95 2 64 51 28 59 44 63 34 59 66 0 92 84 10 10 43 53 68 74 56 13 29 0 23 0 94 95 73 70 53 66 65 58 29 74 35 80 98 21 3 17 74 81 74
65 89
87 45
25 40
3 49
8 1
