100 100 5
680 827 109 688 668 426 491 723 21 35 498 503 1 907 205 184 636 780 254 429 272 736 345 356 673 82 225 306 509 953 35 19 85 724 106 700 878 514 272 858 61 3 626 587 561 901 111 229 873 170 806 992 574 352 539 534 397 914 702 414 874 994 11 933 531 759 553 251 258 358 348 984 904 496 797 50 565 856 866 183 106 14 836 118 765 757 434 579 697 909 176 522 82 215 621 619 771 456 532 617
644 237 516 302 293 364 15 407 204 463 922 403 173 369 471 54 77 345 154 710 52 721 572 983 340 282 361 997 463 483 874 193 179 479 8 561 157 316 351 301 271 233 544 726 131 6 290 489 516 793 127 850 481 522 784 836 398 86 628 761 11 86 775 452 99 329 286 206 753 248 180 220 312 894 708 315 37 246 182 807 123 405 335 205 38 833 807 234 637 798 525 300 375 168 619 565 179 312 78 822
907 433 480 419 27 723 442 690 64 285 548 207 48 679 50 418 731 827 189 578 832 621 298 549 843 35 35 24 865 892 269 385 206 669 316 664 373 916 883 34 335 584 210 992 725 397 670 878 353 729 503 40 172 923 819 445 850 23 288 676 500 364 599 573 357 887 815 377 909 731 761 797 705 699 112 28 455 281 381 887 315 492 800 944 146 13 643 387 431 744 386 444 962 89 308 112 578 124 751 709
883 601 664 990 420 424 634 719 296 632 885 659 326 854 109 782 661 463 879 206 189 175 756 47 27 583 199 614 605 376 164 93 493 288 314 393 594 418 163 108 617 802 296 263 570 285 122 884 17 910 296 608 401 511 389 461 17 71 360 488 303 307 925 4 852 131 428 705 96 506 441 197 273 916 592 687 181 835 302 868 79 534 63 441 379 773 879 549 896 371 15 209 374 197 238 785 191 372 187 679
853 717 533 480 369 987 514 102 887 686 74 298 553 723 497 11 419 59 387 167 835 552 610 964 884 406 622 768 873 950 402 656 931 921 421 316 254 179 501 419 60 347 556 237 311 907 396 705 457 182 243 900 813 933 67 702 523 790 964 701 815 708 613 204 387 498 91 487 232 763 173 132 401 961 511 463 99 365 189 667 178 352 583 625 67 80 42 20 884 959 13 346 901 278 44 730 491 499 159 419
122 636 348 733 454 75 309 635 169 849 130 973 547 264 596 593 410 880 210 506 777 902 184 721 541 408 177 919 456 944 786 418 103 780 310 113 883 306 141 980 414 969 739 507 103 487 353 472 857 322 917 55 882 258 35 486 648 779 680 782 16 462 21 580 76 158 267 754 546 888 822 578 454 443 977 396 783 582 931 427 583 516 578 512 97 109 456 43 12 547 357 924 886 144 834 506 109 249 230 470
848 967 219 205 409 920 590 387 893 125 601 998 368 815 839 990 253 630 815 284 316 25 786 885 645 955 149 775 909 783 779 2 354 430 671 943 376 465 773 563 442 793 760 43 320 701 417 545 712 63 67 778 478 949 267 667 173 372 487 417 860 410 415 556 306 378 524 505 197 5 596 779 62 135 192 367 682 432 715 659 886 347 829 478 59 162 367 780 5 400 435 866 603 898 23 420 503 248 799 109
895 630 756 66 106 928 596 897 135 199 283 839 49 363 327 482 46 650 946 877 686 679 785 837 748 167 702 873 847 226 988 291 968 670 883 594 143 178 592 293 708 442 951 216 969 926 68 671 233 727 828 171 49 450 303 971 711 96 803 364 326 837 409 471 865 879 428 9 550 200 31 94 448 937 241 295 135 597 192 429 915 429 636 44 978 192 394 959 478 666 398 582 383 337 453 716 55 966 834 867
443 402 701 110 610 245 509 523 190 885 804 962 103 715 611 14 601 132 248 452 450 451 605 441 527 185 573 93 983 135 779 813 502 617 714 172 562 476 895 926 835 788 858 770 966 940 921 33 622 298 810 249 879 696 964 980 79 749 59 570 493 365 429 767 475 634 883 882 607 659 502 327 927 431 565 540 691 130 136 467 709 429 860 980 216 100 799 174 39 52 602 450 893 101 479 886 412 546 277 79
49 240 761 258 985 296 680 408 896 263 926 760 200 290 512 812 999 729 513 206 545 674 629 737 152 715 352 607 887 482 809 729 162 752 811 582 419 608 739 536 409 222 564 587 684 458 474 357 347 465 451 983 167 504 815 563 34 311 956 371 429 412 971 276 446 784 294 920 697 49 191 338 117 516 554 844 432 336 768 735 328 206 318 361 110 794 806 952 557 387 333 879 77 724 963 899 455 731 47 370
807 546 697 400 801 780 178 407 485 461 460 675 139 118 672 837 343 978 658 554 867 567 324 869 860 763 779 661 794 412 710 779 838 801 262 250 366 768 875 944 68 424 705 649 951 678 19 444 461 54 693 97 48 939 882 933 425 792 560 155 831 484 904 900 166 661 996 291 838 996 226 83 371 342 377 242 839 559 389 252 300 632 754 691 710 554 59 821 255 717 979 46 518 444 975 389 864 492 710 872
484 112 591 983 729 418 86 707 76 765 134 167 950 291 395 444 699 928 198 588 659 46 587 431 653 267 105 352 777 572 478 716 399 423 707 49 455 632 180 297 674 959 681 123 176 755 140 959 144 810 602 370 796 135 603 630 934 651 630 339 69 405 802 674 18 985 182 90 768 451 636 506 275 448 402 233 167 761 204 151 604 133 722 696 578 138 787 881 364 103 59 842 915 241 655 288 416 673 29 774
942 491 952 837 399 555 858 757 455 813 393 624 188 871 828 675 683 101 511 845 456 38 580 555 533 596 585 992 36 510 323 753 634 366 315 790 199 446 665 876 488 120 713 719 243 371 789 119 324 99 332 905 429 247 288 754 867 405 570 271 793 332 646 862 946 995 91 962 851 38 287 837 861 21 7 752 21 547 17 391 794 339 824 39 199 391 88 746 400 297 64 625 323 870 366 973 293 193 952 68
792 488 819 492 430 840 5 266 702 599 946 216 932 770 783 594 235 774 779 530 483 470 292 466 740 29 880 984 988 729 155 234 728 320 592 400 378 136 897 707 687 990 650 773 313 210 106 232 816 29 465 508 617 994 525 780 269 508 40 134 966 389 394 141 385 408 542 786 849 740 416 933 893 467 494 217 510 307 976 270 495 765 528 830 585 563 6 554 987 821 51 698 77 915 325 200 494 335 832 915
517 856 249 739 896 436 682 363 204 449 799 880 545 766 834 731 718 235 680 652 862 365 371 585 902 530 722 451 971 77 623 516 513 922 569 632 688 579 363 745 170 184 455 137 366 205 700 463 794 653 36 125 569 983 361 216 975 791 24 209 299 198 12 351 314 593 482 626 622 390 693 990 552 309 304 913 795 671 441 952 385 411 506 11 989 325 864 881 777 884 130 258 491 323 293 857 13 888 671 810
341 848 372 481 278 708 759 605 834 746 361 204 190 35 50 155 368 810 371 2 561 480 353 863 709 425 885 739 765 208 111 353 227 694 769 955 890 258 332 598 551 768 699 116 485 697 79 891 647 623 867 149 105 655 504 940 535 371 616 942 207 81 422 126 243 143 449 946 134 887 728 18 480 917 903 878 690 129 848 103 475 717 988 794 132 333 156 591 92 753 171 813 177 956 277 406 648 35 39 136
159 595 175 869 182 142 317 148 774 963 342 50 963 834 619 801 473 376 551 311 92 952 783 318 265 806 605 462 136 654 155 829 537 345 32 164 736 209 697 715 408 77 828 546 592 294 59 282 300 420 156 506 559 781 917 402 258 658 801 206 512 334 562 96 987 970 219 176 481 199 695 207 791 709 25 545 181 286 521 432 709 101 272 573 899 559 974 738 994 511 728 405 326 676 171 280 496 452 306 213
208 776 529 434 977 439 369 368 901 301 547 36 531 476 73 953 404 98 507 154 454 305 693 865 584 182 806 322 537 717 203 842 93 831 325 72 580 59 952 138 31 632 997 33 863 562 606 906 625 909 470 400 342 54 985 240 695 712 555 12 445 466 998 694 139 569 974 263 219 908 80 682 693 247 211 264 498 822 325 298 974 693 622 298 827 150 189 586 109 108 721 676 828 818 309 21 564 887 211 495
603 390 63 444 335 490 475 203 986 171 517 655 805 260 519 198 520 943 214 329 667 38 104 647 563 610 283 27 497 701 501 479 211 826 660 40 115 662 233 653 267 747 506 770 506 149 175 328 859 115 613 278 961 673 187 654 90 206 403 936 120 600 517 69 138 301 108 51 40 34 190 697 12 443 935 363 836 398 354 545 474 218 957 487 154 241 249 817 928 533 913 903 304 279 983 144 159 471 674 792
948 587 192 733 702 807 299 271 626 671 658 428 646 63 706 713 178 908 984 313 946 994 95 424 67 47 450 229 861 1000 799 294 389 139 855 276 414 403 44 914 209 467 85 395 943 442 856 745 211 128 632 301 874 513 882 125 561 565 734 440 585 349 914 711 202 827 961 194 71 111 158 803 547 523 334 179 513 601 417 691 91 285 109 478 30 9 631 652 636 138 610 717 7 335 380 829 18 131 193 977
237 863 999 826 896 845 964 367 67 43 234 847 431 84 628 459 611 944 80 216 680 707 717 221 45 68 908 612 607 971 186 982 636 878 273 680 905 773 571 773 173 592 938 367 934 915 883 118 588 484 684 751 894 349 696 115 74 956 176 20 555 87 988 817 810 825 799 746 393 858 51 584 634 456 900 714 486 451 487 191 576 922 126 274 6 339 142 485 596 979 1 841 232 819 863 180 808 241 891 924
754 231 411 821 186 600 553 521 846 581 237 8 82 473 568 256 799 317 297 559 374 207 480 564 346 445 718 397 132 537 199 911 626 225 89 581 460 993 308 324 151 156 878 253 359 745 717 671 649 415 162 380 4 896 458 634 583 707 130 418 314 964 337 369 894 454 439 445 653 673 501 180 922 226 934 157 437 272 220 258 798 576 717 208 680 32 721 262 414 639 265 712 676 583 917 511 935 450 90 986
227 639 698 56 799 64 451 631 397 984 283 606 450 420 559 227 182 438 153 755 985 617 147 621 414 415 364 426 109 106 955 426 792 916 715 511 559 724 995 385 584 39 170 52 156 97 860 17 414 940 465 120 272 866 837 967 152 363 149 830 257 889 330 991 797 430 427 725 988 61 255 669 683 686 892 718 793 101 410 670 941 74 676 865 279 357 521 957 472 284 609 213 286 63 228 585 985 360 759 762
890 390 311 430 948 886 760 728 294 664 192 800 597 509 52 883 33 536 906 796 542 325 889 860 259 831 395 841 552 179 919 586 526 549 123 230 1000 825 779 697 239 442 1000 582 279 507 780 749 95 289 232 312 293 754 332 578 599 17 971 177 579 159 238 599 577 9 49 997 269 546 625 375 454 961 469 138 545 72 194 489 55 719 420 157 333 276 103 742 340 463 963 737 433 640 71 747 63 43 83 99
712 570 921 471 403 906 879 329 575 324 143 518 747 637 351 83 453 569 936 985 628 656 8 240 684 827 664 648 126 797 857 129 398 349 704 905 742 138 896 734 17 605 795 709 214 596 319 499 254 752 802 213 648 128 372 686 291 114 561 606 721 838 809 824 650 345 121 255 597 97 176 838 837 839 143 926 784 649 244 417 807 180 565 465 783 319 913 923 8 145 948 816 963 287 840 756 313 174 542 679
257 529 45 352 180 271 535 67 498 230 187 624 37 509 146 313 672 299 188 491 187 788 938 370 21 889 163 991 62 949 47 259 782 781 424 868 872 978 136 880 284 95 204 929 11 192 413 956 888 872 742 41 141 187 710 547 579 658 593 225 573 984 351 1 883 993 527 942 719 322 586 5 34 537 504 233 525 918 951 669 826 832 811 353 112 17 808 406 484 187 287 324 441 294 179 16 365 591 196 727
434 371 729 670 195 75 27 250 897 825 93 203 585 341 472 44 94 723 770 978 271 152 276 376 481 374 524 367 830 820 126 861 731 314 765 320 59 285 465 293 529 613 631 816 750 321 606 666 567 738 133 542 350 61 716 819 519 527 134 192 218 390 122 982 4 4 468 566 264 297 314 681 805 837 155 52 509 430 732 706 698 206 173 896 288 576 944 429 975 908 563 968 171 978 106 584 504 777 277 361
423 73 525 50 358 540 465 297 887 686 769 473 582 414 102 803 759 586 21 245 439 701 152 188 908 460 302 171 340 876 429 651 670 467 538 691 291 773 956 77 901 117 482 672 736 400 374 499 608 58 293 555 197 668 427 799 696 955 936 587 926 988 534 824 123 620 540 382 934 559 774 594 916 867 597 472 132 81 581 809 641 309 117 955 389 231 938 668 480 744 936 336 531 851 79 954 39 64 837 720
413 265 250 755 318 850 950 355 113 980 40 128 432 956 779 729 132 324 114 367 989 303 12 769 541 518 109 654 603 769 439 659 979 627 313 507 684 763 100 559 832 383 521 540 100 179 883 446 315 278 262 76 90 867 362 120 320 894 676 313 428 394 401 17 668 745 487 979 649 554 993 303 241 165 624 31 308 294 951 342 303 425 830 911 96 787 75 810 931 18 515 785 657 873 519 208 91 169 587 247
569 302 952 741 109 710 786 575 221 565 505 539 341 541 393 638 427 652 138 55 528 882 37 680 218 488 952 525 619 512 638 380 839 114 38 699 599 246 459 302 429 636 863 247 571 120 373 735 926 594 836 507 175 786 535 165 748 983 155 265 66 738 101 342 863 134 4 846 897 300 894 214 546 556 962 145 677 724 498 646 764 540 777 358 75 643 37 625 843 479 373 448 816 657 627 813 279 225 671 236
11 632 262 559 580 703 949 506 871 682 910 374 521 886 780 293 82 584 654 642 37 380 191 4 931 75 428 205 423 743 102 242 138 100 276 293 731 633 197 63 94 916 410 549 335 811 424 103 536 12 276 336 880 555 504 153 260 828 827 224 992 585 348 284 7 604 207 272 982 734 802 353 926 573 271 674 333 192 358 830 18 422 621 881 284 379 131 214 969 157 141 494 190 174 55 937 991 173 789 204
112 858 857 830 652 236 778 900 856 164 968 361 938 758 391 79 351 904 201 811 174 830 609 497 457 605 532 408 546 657 476 63 697 526 358 691 530 2 979 611 151 971 940 698 218 792 50 567 338 494 749 747 194 896 675 823 394 591 955 313 444 986 783 185 891 697 919 719 668 253 440 507 464 198 737 37 87 225 615 414 234 730 714 334 427 551 18 469 812 973 936 993 674 928 366 671 488 94 902 406
872 810 662 169 683 118 970 550 185 567 606 875 430 483 960 876 353 899 690 254 589 664 171 223 466 821 34 503 194 490 354 2 644 483 451 376 460 317 421 66 685 66 660 351 288 337 190 271 915 504 213 995 655 845 321 115 750 890 139 590 548 5 602 290 332 824 725 690 990 533 195 993 259 834 738 911 309 141 258 917 697 896 743 436 105 307 59 272 162 155 203 394 414 798 295 168 339 311 200 371
292 187 573 801 749 48 597 558 801 320 617 914 443 370 158 1000 408 528 411 529 17 193 993 466 117 517 353 30 995 581 467 983 39 28 498 507 749 613 512 945 27 702 983 207 84 473 104 191 514 333 749 614 972 346 40 511 588 29 284 443 605 443 778 941 14 155 75 481 286 591 686 94 106 443 163 392 657 238 930 757 644 238 627 130 904 981 620 888 141 781 136 944 72 287 79 969 447 173 699 232
465 772 190 354 327 179 626 756 634 522 696 947 557 843 88 59 468 960 805 295 710 513 742 235 309 38 508 217 801 90 500 861 204 659 980 666 317 157 144 14 386 354 657 534 494 222 204 757 563 553 932 96 78 816 216 184 886 109 407 310 220 507 225 256 681 443 499 79 651 388 964 529 100 817 303 646 935 399 487 477 82 190 454 91 844 892 876 786 281 547 580 946 2 843 334 178 600 461 880 419
246 649 380 44 482 76 470 741 435 70 962 818 556 243 607 848 35 12 272 323 257 756 933 701 395 181 427 312 388 167 399 800 859 892 206 749 146 114 211 83 410 401 329 88 733 715 142 74 349 136 992 653 553 218 63 30 38 683 780 997 629 297 733 802 218 762 848 398 674 419 660 301 103 634 436 462 833 215 590 134 408 727 226 914 125 980 671 902 594 503 736 397 955 405 636 624 315 946 987 253
768 335 792 836 101 686 877 903 119 418 602 1000 95 761 375 245 726 148 314 216 868 785 126 761 385 357 606 192 342 901 963 467 267 469 829 327 380 830 264 452 374 954 952 285 162 184 757 48 518 498 192 418 974 395 771 811 697 526 376 728 214 169 408 96 180 437 592 922 141 737 703 673 363 16 743 673 546 939 644 636 717 255 754 3 201 742 32 778 812 913 134 833 215 932 910 702 473 954 10 256
42 262 484 207 52 286 278 972 101 660 249 806 678 250 848 46 73 614 109 214 685 62 587 69 572 239 557 140 644 351 741 102 637 232 679 806 51 620 983 811 532 780 813 734 54 798 675 509 691 569 101 643 767 291 178 524 958 153 446 798 263 32 186 989 792 21 913 490 237 402 713 517 933 276 243 643 813 214 25 854 267 256 870 649 5 635 704 632 102 45 223 955 206 6 218 782 922 666 389 869
197 544 727 779 176 602 991 34 200 410 175 422 602 176 928 826 631 314 420 64 314 942 699 500 147 981 134 536 976 96 555 318 265 241 136 73 118 452 7 51 708 357 251 490 878 597 331 536 667 975 541 799 109 799 337 424 374 489 838 938 908 914 438 467 765 759 456 768 841 378 345 551 601 284 156 126 596 934 911 398 858 273 521 538 453 311 692 514 568 117 236 751 486 138 318 860 785 205 317 101
564 669 809 802 630 121 146 51 60 581 883 628 533 829 682 894 520 675 524 179 153 291 453 822 754 168 407 832 413 791 5 933 41 701 618 46 394 182 890 396 9 940 458 82 592 763 130 409 851 17 145 744 713 437 924 613 449 419 619 898 172 412 141 162 518 864 223 238 21 178 358 479 498 813 766 435 89 967 84 562 588 573 146 500 635 461 474 579 194 567 242 898 71 839 877 163 378 522 200 901
406 222 934 538 571 149 79 207 349 959 346 665 478 865 528 830 974 578 201 184 757 660 853 37 130 460 177 55 975 406 956 206 204 538 567 83 777 651 902 73 415 279 525 517 66 959 536 79 173 280 444 191 592 803 680 841 459 499 895 818 840 935 832 694 533 313 740 683 457 850 489 348 512 260 640 604 232 706 636 854 245 871 996 307 175 271 914 501 521 975 984 870 282 860 409 110 371 495 458 212
703 382 745 594 994 855 965 732 743 148 832 440 951 870 177 846 778 446 593 666 51 556 327 219 784 273 835 10 1 179 99 732 862 781 216 170 317 874 776 13 745 904 429 459 573 693 720 627 188 228 429 936 253 198 282 27 322 165 5 233 12 85 165 498 221 755 84 575 678 967 71 853 987 752 353 904 290 71 953 402 169 123 273 794 720 695 534 765 170 726 496 475 540 141 617 962 546 40 568 526
67 340 161 121 287 468 44 125 806 392 178 787 930 48 418 554 129 566 922 125 76 917 184 198 474 71 882 368 195 57 299 248 573 278 27 725 355 245 563 926 779 894 680 270 105 959 675 611 657 954 651 945 880 15 763 350 704 724 676 988 414 989 927 692 240 204 890 701 282 774 106 492 882 800 649 38 919 889 296 856 629 331 476 282 257 754 532 247 62 61 42 245 844 754 203 948 369 50 102 509
391 443 549 600 938 610 55 840 332 650 106 967 782 640 269 723 326 695 216 347 93 839 528 770 257 177 683 882 610 263 218 183 538 288 990 675 107 681 232 40 713 548 488 803 976 228 776 22 359 440 617 129 18 779 290 835 757 949 521 379 51 904 40 428 438 90 704 614 259 436 460 884 2 863 750 536 972 129 171 185 797 203 164 673 15 754 131 276 698 107 524 918 285 85 850 463 312 394 310 813
43 799 780 383 1000 50 959 320 651 248 972 544 963 922 903 568 676 769 579 501 89 255 466 814 724 858 52 500 759 599 824 684 341 70 365 775 742 312 846 824 767 277 53 656 424 417 632 363 80 281 84 366 538 454 567 982 240 606 482 340 519 912 544 37 665 602 594 202 451 389 304 247 825 136 815 970 326 54 34 192 241 761 580 414 146 266 271 491 722 74 372 536 898 511 578 249 17 874 871 853
716 482 152 144 94 933 439 268 249 580 102 552 730 581 705 860 23 442 292 396 951 957 566 331 784 379 269 165 598 733 179 334 223 374 102 947 862 691 58 546 474 900 796 936 27 584 510 84 311 898 672 970 726 122 188 592 409 848 481 164 421 733 783 308 772 171 353 822 90 241 976 619 320 789 511 680 515 497 245 358 168 766 136 827 760 43 107 206 872 171 833 627 656 108 580 18 811 989 965 361
208 846 426 728 521 901 348 615 661 74 128 398 202 789 782 791 809 524 41 599 84 911 258 613 468 696 996 236 189 369 752 513 166 770 836 705 170 952 494 992 878 773 609 968 622 983 966 20 102 99 918 636 320 280 301 780 932 390 716 262 910 630 830 843 844 917 578 912 4 557 384 181 236 457 852 749 777 762 765 5 812 539 858 67 657 572 318 512 392 27 454 218 67 216 211 636 581 45 199 656
101 611 978 280 863 606 757 140 286 301 966 699 13 951 750 4 703 316 893 57 511 78 591 432 913 308 104 394 686 626 841 904 429 635 503 783 636 768 340 702 193 347 989 340 980 728 405 946 289 806 959 262 236 278 938 433 991 457 585 726 727 898 574 637 640 246 434 877 273 973 702 449 162 88 719 862 422 306 977 760 785 977 327 300 888 231 49 119 674 304 380 46 619 644 755 228 570 412 258 720
845 602 662 768 122 581 675 335 798 772 377 519 401 549 83 68 843 185 166 722 580 201 100 403 767 519 568 734 429 703 182 941 159 427 639 50 114 494 935 58 346 4 796 134 454 834 1 445 439 702 898 378 967 344 688 294 859 544 260 185 297 232 238 305 610 684 298 173 143 439 892 802 531 244 943 599 658 444 586 473 539 770 235 683 954 416 672 824 135 107 245 588 932 695 666 896 430 561 850 61
538 936 786 727 965 341 905 796 130 510 133 33 293 360 817 181 733 815 207 822 280 187 365 215 349 979 900 659 910 812 343 270 577 801 345 615 150 13 343 284 384 21 550 200 693 850 100 417 917 671 256 323 502 597 436 65 769 786 424 436 701 6 793 905 456 251 796 102 456 454 499 294 924 762 521 759 863 904 3 95 66 269 491 68 956 835 272 428 466 954 737 481 757 648 633 757 658 966 145 590
439 164 326 138 249 2 96 630 722 608 104 662 460 980 480 705 305 559 759 994 586 626 79 771 827 695 85 329 92 117 900 822 737 225 348 951 150 745 921 797 75 526 145 55 535 896 280 580 513 348 961 293 670 84 120 672 863 966 299 787 695 337 373 448 471 34 673 581 640 180 398 133 336 45 556 194 726 562 852 32 917 191 312 428 307 834 369 455 942 456 890 373 635 148 161 514 384 610 203 863
504 918 879 855 131 764 816 23 100 334 649 332 175 288 624 507 168 621 624 37 46 743 87 673 326 772 589 899 993 428 629 46 463 779 1 781 314 636 610 148 372 333 997 450 184 347 280 643 818 653 855 510 577 698 824 4 894 679 578 436 806 57 7 845 251 588 663 992 949 116 534 522 249 822 267 486 354 361 170 857 153 771 512 435 713 491 895 854 420 42 80 919 98 943 402 44 60 334 876 293
850 481 734 289 550 15 860 643 892 762 501 953 554 187 605 50 782 817 503 641 313 397 136 409 210 350 251 253 154 863 181 59 960 166 67 2 251 188 790 727 151 366 742 285 100 972 963 352 980 611 988 622 66 870 360 227 25 250 781 945 393 44 798 384 653 809 557 351 542 576 882 531 601 460 138 697 29 177 698 873 994 854 239 550 499 466 269 272 992 160 127 667 577 768 283 12 396 600 926 587
337 41 108 349 398 479 752 588 850 251 644 936 861 261 418 55 579 670 318 528 515 450 447 968 836 228 799 251 50 647 572 678 422 625 705 233 360 374 409 762 489 429 317 933 501 31 772 932 303 697 995 407 504 241 743 700 535 399 184 481 423 790 5 762 724 662 578 154 868 435 986 348 578 526 868 632 763 189 170 528 727 91 739 900 397 779 936 581 105 389 514 580 775 844 123 755 379 495 419 405
590 5 112 985 482 41 303 739 235 365 919 865 890 440 200 221 659 864 872 732 325 309 841 49 951 966 68 301 974 59 714 889 449 719 420 281 201 593 896 698 416 947 459 88 433 714 589 434 350 504 132 230 522 311 482 649 128 663 323 274 702 92 597 19 361 120 717 67 658 592 173 838 808 529 748 681 793 232 212 89 930 343 173 42 283 105 230 957 570 753 893 385 934 539 331 459 31 282 73 473
951 645 735 840 846 132 981 122 839 364 992 186 854 169 754 354 898 553 993 190 667 662 868 579 831 373 230 382 23 879 810 81 980 519 548 344 460 345 226 715 513 684 401 878 201 634 318 527 568 100 759 295 108 816 791 413 122 313 527 396 396 39 583 585 196 789 566 888 578 220 450 467 164 11 848 210 408 428 165 287 906 722 455 654 456 654 851 241 779 996 438 893 339 592 994 525 867 674 917 101
525 880 70 169 55 350 406 865 616 174 824 692 278 360 597 6 41 835 746 208 882 494 609 457 446 782 992 504 557 749 127 788 322 331 502 275 871 233 198 355 710 889 223 264 389 188 421 138 24 203 301 629 598 567 545 323 841 245 765 905 721 701 136 462 546 810 415 697 318 437 270 978 93 697 125 172 760 157 227 224 629 796 870 61 587 770 890 908 89 784 863 147 995 877 882 40 346 755 979 972
142 957 547 114 507 200 423 854 706 602 52 523 480 604 205 233 608 836 937 973 462 616 204 746 676 823 591 627 497 749 946 384 929 963 809 270 796 39 769 905 187 106 476 516 473 669 195 874 412 987 772 363 428 405 83 494 402 128 618 927 247 716 442 758 960 823 946 176 828 85 369 281 822 486 517 971 145 296 19 800 437 706 114 752 753 350 871 781 477 270 312 118 661 445 99 723 738 131 775 80
78 824 175 504 536 750 7 626 185 690 689 793 336 845 436 571 895 13 907 829 998 520 835 393 951 743 819 679 88 139 958 82 759 564 356 911 604 910 464 517 612 492 332 983 363 523 939 794 421 412 197 491 725 734 391 105 507 216 890 172 434 649 427 64 92 828 796 324 802 331 794 600 202 936 109 558 197 831 572 790 832 188 380 226 761 60 333 261 213 640 436 921 571 665 815 542 777 865 140 835
372 881 142 200 517 10 323 62 96 243 212 605 771 578 634 615 629 957 511 512 97 390 191 316 736 944 987 947 125 646 191 2 118 758 315 209 511 546 144 87 386 637 464 435 975 812 350 520 861 488 919 379 839 43 798 462 135 191 125 899 773 741 10 216 427 266 29 318 999 299 385 545 754 800 496 359 83 324 295 474 945 493 38 561 160 643 541 434 232 259 654 262 997 102 964 717 929 142 637 551
447 671 934 646 434 973 893 16 365 287 314 201 613 921 637 297 859 977 373 383 66 710 605 496 246 104 438 575 359 407 765 88 916 921 308 802 753 401 240 849 677 820 846 338 679 320 439 769 379 793 333 272 122 777 46 787 557 306 521 74 156 378 782 243 824 837 518 359 703 112 418 334 799 521 626 708 826 542 303 277 82 11 881 566 763 553 815 233 241 349 71 493 880 177 282 520 429 846 816 638
198 254 641 279 776 26 393 162 14 335 124 470 123 401 446 352 611 172 971 494 890 490 397 662 363 138 718 871 453 434 597 94 370 542 136 876 114 756 513 600 805 935 113 339 831 534 754 661 59 435 808 883 400 668 954 331 527 240 380 885 956 584 928 45 377 837 474 362 173 654 805 888 618 809 298 908 414 270 621 836 940 493 99 157 810 818 379 325 619 128 775 182 556 941 569 580 152 978 772 676
488 223 165 185 115 24 93 97 934 47 680 660 370 44 594 593 827 315 261 384 855 356 649 413 523 706 102 911 354 656 105 80 345 659 578 708 189 459 528 735 218 879 499 161 88 10 191 648 330 609 843 500 969 76 172 65 106 340 463 464 933 478 917 324 290 697 596 229 844 642 737 436 677 139 690 217 633 135 760 993 67 356 865 672 886 161 592 724 954 413 456 199 82 197 1000 745 507 784 201 743
176 796 72 643 474 992 281 450 381 563 528 114 28 191 980 506 226 88 976 582 566 679 518 161 72 440 412 893 613 296 485 857 252 922 810 393 777 121 39 951 689 218 898 708 214 462 425 985 657 993 222 725 111 348 574 129 590 404 991 46 642 278 650 49 101 601 450 52 568 152 788 19 415 946 831 430 104 139 983 120 152 317 795 157 678 838 528 494 215 93 46 660 823 994 527 385 197 702 811 353
755 11 650 285 819 404 938 874 951 987 564 188 723 895 485 261 22 125 154 721 131 417 41 865 695 677 487 901 859 377 319 687 563 700 798 575 229 176 535 585 252 774 684 860 675 746 867 657 279 40 406 42 407 760 138 466 225 865 326 546 453 585 987 342 368 425 395 579 406 374 29 227 548 350 225 676 906 713 317 256 741 674 905 803 343 625 617 750 271 603 508 637 519 808 769 696 312 643 20 272
839 934 30 723 512 289 557 581 35 156 678 487 945 626 818 727 295 927 919 64 819 517 283 993 893 175 661 201 436 589 550 154 820 208 572 803 856 45 776 164 8 51 41 687 141 593 307 37 921 669 37 77 190 916 159 392 411 614 865 510 86 42 210 501 859 197 390 294 756 665 225 987 414 42 217 190 213 380 527 386 230 153 485 297 609 459 540 964 188 206 633 763 175 267 236 133 416 571 287 995
462 656 185 998 437 911 951 264 191 752 822 588 730 14 727 758 585 502 166 528 237 647 492 276 427 538 741 592 354 116 48 259 421 170 710 217 600 747 290 52 270 339 585 664 59 678 551 49 680 792 686 426 706 236 442 976 467 188 449 604 468 474 273 756 550 290 430 175 237 501 906 280 627 274 913 421 526 333 204 220 774 948 309 810 237 736 143 224 160 322 325 942 11 228 524 889 171 139 621 402
719 90 507 576 872 311 387 630 588 933 161 50 601 869 499 521 540 934 122 784 981 367 172 551 95 949 342 986 126 495 113 664 292 80 384 191 986 220 401 100 970 751 549 160 269 352 523 172 985 263 732 550 538 955 435 884 379 349 560 384 896 180 749 887 808 499 827 509 967 139 842 756 884 678 16 660 751 703 377 913 446 247 470 620 141 940 330 509 387 778 884 274 410 819 557 698 130 159 466 309
366 850 927 327 396 450 46 963 239 195 418 263 304 558 33 555 278 883 673 577 22 735 38 539 86 998 343 161 86 977 275 613 896 374 579 628 431 989 776 895 895 666 764 744 982 546 832 154 121 474 615 257 992 70 53 692 2 160 759 192 647 491 493 649 259 865 102 627 384 613 845 693 363 888 276 526 558 621 52 280 50 252 489 106 585 977 113 709 903 141 620 811 998 395 982 724 878 76 235 783
717 905 923 531 122 709 959 859 894 520 119 978 668 507 900 112 552 796 674 79 823 946 453 531 613 410 195 866 387 88 529 952 468 690 636 891 873 313 82 763 841 1 583 364 186 455 337 806 637 413 821 39 471 414 903 126 183 565 135 681 800 53 291 460 417 828 805 940 886 547 495 488 422 23 245 734 147 69 728 982 894 128 78 502 844 961 423 794 397 952 601 382 403 535 627 940 486 22 257 249
980 885 36 342 922 220 81 768 705 925 977 74 970 581 788 963 524 424 771 147 151 923 792 498 969 257 357 300 984 964 117 259 993 876 67 229 610 38 272 382 23 47 938 267 931 148 545 107 369 327 358 203 348 553 748 33 687 1 654 946 709 758 473 697 774 437 69 395 39 371 604 566 898 880 849 741 976 785 302 24 446 378 17 956 389 971 954 211 53 967 359 694 195 892 510 969 703 304 715 852
230 971 133 457 957 197 858 208 866 584 449 658 737 74 621 541 559 777 727 998 969 610 120 306 524 679 915 369 955 857 240 683 481 887 301 348 903 937 686 676 763 589 972 690 468 411 163 472 609 956 932 448 586 842 420 373 324 536 406 785 901 764 92 202 599 137 588 221 228 705 853 188 654 482 780 796 923 195 346 813 999 965 140 145 674 918 551 467 802 351 967 243 371 536 739 267 228 987 667 959
674 867 18 135 652 168 556 117 783 497 543 307 910 970 729 401 39 550 598 608 899 450 820 727 154 40 98 328 551 972 569 853 542 499 727 593 213 309 541 478 241 203 24 312 364 550 948 435 794 327 80 273 499 422 258 67 213 673 162 795 713 683 912 332 171 259 939 830 73 5 302 138 486 458 466 547 572 127 632 834 13 581 597 156 311 268 474 326 537 651 822 204 798 273 185 191 994 860 603 721
328 156 757 980 128 500 560 366 873 85 23 762 100 854 337 764 634 896 994 129 565 411 821 355 642 939 570 945 327 535 851 638 432 71 516 867 519 612 168 809 769 938 589 978 756 549 229 269 421 808 862 623 507 26 998 989 949 950 613 893 809 290 846 258 38 418 94 387 717 650 416 817 454 814 92 770 492 550 67 66 228 673 62 993 660 208 538 820 370 225 415 307 80 640 827 692 297 760 623 581
158 512 809 302 82 912 837 703 261 162 991 662 435 638 805 886 957 767 984 193 77 82 37 396 367 851 76 305 59 222 903 810 976 925 396 887 159 125 758 703 163 553 790 989 361 360 951 66 557 302 375 474 375 659 501 1000 414 566 498 891 187 530 584 100 114 341 230 645 675 267 20 352 928 461 985 139 72 965 454 249 841 522 948 335 366 410 670 61 300 9 303 933 6 405 792 86 581 837 543 826
469 987 190 873 117 636 687 231 37 993 567 945 599 27 750 73 541 969 71 948 77 293 335 854 363 265 430 322 244 730 177 629 119 177 501 616 20 551 60 394 160 503 852 209 733 473 688 282 714 220 4 137 298 667 79 684 180 51 953 208 12 109 141 691 866 84 936 573 930 927 212 986 765 62 670 549 259 886 849 418 313 920 951 278 904 898 292 886 779 911 254 257 614 739 163 250 301 337 794 314
229 423 231 279 866 777 727 369 967 487 30 438 805 337 368 280 431 680 198 44 53 627 92 237 241 555 111 513 440 499 90 41 482 828 624 166 985 346 98 576 162 119 829 641 716 160 524 291 881 867 442 54 854 878 289 201 299 638 216 490 645 418 524 67 941 240 905 21 176 755 874 687 632 73 160 644 407 280 85 392 354 959 571 566 810 554 729 115 973 275 277 54 900 461 818 244 443 311 582 257
69 49 656 406 589 148 281 755 472 830 901 550 134 404 649 339 337 898 866 712 446 153 137 540 63 812 729 326 681 267 61 977 153 951 146 392 512 736 428 29 58 441 705 561 24 53 694 879 639 443 53 870 447 566 781 362 343 426 994 732 659 359 683 766 909 234 49 826 441 599 559 557 462 774 260 376 768 142 553 378 759 182 700 146 559 507 26 1 590 478 78 524 15 500 728 121 385 701 34 191
176 649 807 26 783 34 950 109 769 200 817 556 453 22 789 304 7 508 675 807 755 547 618 396 608 904 85 126 387 728 325 112 945 772 548 199 660 186 766 685 86 60 912 786 422 406 207 812 285 733 305 149 468 318 631 450 569 824 539 184 542 420 297 839 268 804 18 834 713 315 255 212 654 860 608 815 577 748 909 440 997 522 225 28 545 212 578 88 11 43 66 103 544 191 279 472 553 660 676 545
723 60 590 948 105 694 454 748 968 606 389 55 412 347 553 885 667 327 652 101 135 380 717 204 413 58 880 998 209 391 924 110 564 483 3 194 874 611 843 302 222 84 161 205 957 776 743 719 317 854 732 841 646 320 227 640 2 910 201 408 458 79 983 816 841 981 977 186 47 127 631 547 996 444 198 206 924 545 675 202 690 156 946 95 311 63 298 130 297 517 471 464 829 862 833 514 982 405 948 816
624 341 453 735 377 353 687 480 922 295 322 654 63 551 188 642 564 479 264 11 521 788 261 447 761 908 707 979 746 231 815 128 700 671 109 634 847 70 581 875 421 125 146 699 323 4 140 945 750 337 975 981 20 897 419 684 619 310 669 210 542 558 860 121 94 226 892 776 633 963 53 684 642 401 300 64 632 265 128 253 107 967 582 701 261 987 497 564 15 673 583 260 39 437 572 864 629 49 475 300
825 332 699 493 135 906 740 631 730 819 500 965 383 698 920 275 674 809 231 989 404 765 274 502 160 5 975 732 373 896 977 730 734 704 9 358 463 688 202 904 853 252 180 819 938 971 52 833 722 687 341 21 182 47 162 569 389 531 581 201 707 428 750 507 330 630 972 141 456 519 609 33 426 605 553 359 805 737 443 983 130 139 95 396 505 989 737 859 515 445 914 913 804 996 570 182 200 882 789 19
696 790 412 124 43 37 603 73 115 955 178 620 244 338 400 795 519 928 583 399 172 27 550 477 805 943 128 177 574 527 79 462 738 269 514 809 365 83 774 182 894 971 467 451 234 2 847 579 104 185 341 149 230 639 623 406 249 78 83 548 456 332 284 289 965 268 12 814 673 573 976 148 687 490 225 114 353 247 858 503 521 807 829 53 206 272 832 254 717 948 59 597 262 387 294 941 340 898 698 240
193 412 18 525 462 471 49 472 325 420 127 658 452 408 699 863 820 624 714 933 865 400 561 466 345 302 258 366 928 790 23 925 61 353 243 456 700 851 946 486 420 248 96 117 846 952 528 890 515 949 681 937 192 240 461 174 398 220 978 753 807 362 845 640 559 470 590 594 542 584 523 450 996 330 725 925 178 3 677 411 497 766 683 632 874 636 938 988 388 638 270 939 775 58 955 705 851 720 446 485
793 8 605 945 513 864 376 749 285 814 526 907 863 586 808 430 405 781 139 96 432 586 583 558 755 238 60 236 917 28 161 739 396 307 135 234 851 100 889 976 212 658 296 195 101 341 300 1000 338 649 838 41 693 182 421 847 80 509 987 866 780 168 634 896 484 236 614 66 409 487 784 755 818 752 78 978 954 830 957 450 634 49 116 192 448 484 806 370 62 386 953 35 807 44 145 614 696 366 100 333
313 880 182 140 232 703 272 969 231 872 577 730 568 643 169 227 801 879 21 127 21 200 403 482 993 152 509 344 895 169 314 740 13 675 478 407 881 42 695 225 835 48 814 86 308 510 22 446 208 884 795 84 362 437 805 966 311 585 96 558 435 532 901 717 245 967 474 331 19 625 984 700 71 266 292 889 754 339 523 797 170 492 39 379 994 96 87 880 40 666 460 46 983 268 958 549 265 449 448 211
170 277 355 993 287 6 780 739 176 802 992 970 428 5 472 531 544 2 998 325 279 514 805 41 463 487 190 371 220 897 545 482 394 794 62 697 962 416 452 780 784 187 217 302 778 422 147 105 618 409 568 178 845 402 627 162 10 479 676 711 796 112 842 120 163 92 491 104 601 410 938 697 861 29 616 306 261 519 190 772 345 368 216 76 166 741 655 858 955 968 75 470 567 564 702 190 438 440 910 770
856 263 964 190 693 938 981 745 362 854 178 777 947 976 848 874 51 371 61 305 575 122 773 511 691 518 917 548 840 683 885 676 489 761 973 280 433 685 287 955 374 441 847 755 748 271 628 276 120 472 684 871 734 524 378 649 624 939 682 305 736 166 970 267 24 352 631 77 497 172 66 617 958 814 280 438 225 877 475 989 362 100 37 347 414 654 703 529 947 787 233 164 97 973 548 212 963 339 84 189
476 16 667 219 649 334 840 256 160 146 235 395 493 729 734 271 722 152 234 953 812 60 653 30 497 714 552 299 870 945 975 255 582 529 522 985 519 116 460 874 564 792 532 618 459 643 114 562 428 826 71 858 758 923 181 467 32 986 75 757 428 124 828 201 848 690 303 581 590 731 519 549 382 618 742 130 232 535 789 972 743 145 102 762 777 986 968 743 547 262 23 73 409 752 577 230 387 629 39 429
717 632 392 962 302 263 867 510 547 238 955 961 34 198 69 507 808 771 389 142 749 952 725 798 293 36 110 965 173 954 148 812 725 378 499 208 175 567 913 558 606 525 333 122 179 957 636 880 882 591 629 123 916 765 843 303 128 296 473 746 561 466 24 305 794 935 63 44 35 46 810 200 299 535 8 369 747 483 312 930 240 635 76 944 931 77 25 459 548 302 747 296 789 3 957 1 478 152 671 399
857 787 40 338 473 641 460 621 703 828 290 239 645 935 271 414 881 991 329 684 141 75 393 239 187 179 441 317 563 144 384 970 549 252 128 959 248 586 381 809 402 821 879 262 422 195 356 995 76 849 602 238 126 326 418 122 805 569 503 212 601 877 62 340 68 735 342 939 424 4 468 786 465 130 241 770 826 959 559 651 891 606 889 457 764 768 551 167 513 739 719 551 451 264 429 540 814 295 473 666
940 549 998 569 2 4 198 451 183 260 528 370 72 768 340 838 567 531 749 864 470 67 561 935 549 592 638 965 247 883 257 182 873 638 602 536 430 510 452 708 148 739 996 457 221 367 807 650 956 732 898 944 637 286 956 288 166 72 859 355 402 436 162 200 504 236 322 906 394 528 17 340 621 890 917 842 131 371 814 807 439 928 233 617 934 511 166 35 404 381 653 649 932 302 287 632 23 798 899 116
764 63 37 423 976 961 637 246 799 798 994 581 128 719 545 154 341 33 503 988 317 597 741 163 380 250 928 695 611 864 751 161 613 171 752 507 682 622 521 428 334 176 516 400 584 589 744 982 184 333 288 748 375 864 233 757 829 461 527 684 987 810 134 684 193 771 861 757 336 985 873 167 582 330 35 878 67 413 500 562 648 474 722 103 870 528 389 952 679 790 733 479 639 805 916 454 577 423 431 153
854 919 131 314 637 641 462 770 248 785 834 20 704 1 403 51 700 223 281 935 1 483 665 141 74 715 239 711 969 290 492 899 558 170 660 948 429 204 100 347 966 268 732 823 459 672 168 690 290 801 172 720 994 474 725 590 764 215 439 775 227 439 86 839 432 497 361 941 105 531 203 4 505 49 956 544 992 779 272 731 263 612 278 612 843 953 619 120 296 495 57 640 902 681 239 251 394 504 474 641
728 890 271 656 300 43 617 120 832 128 967 455 998 705 750 807 40 851 867 340 407 864 991 666 344 295 640 805 647 795 539 192 239 619 666 534 921 795 577 255 448 927 858 615 528 757 980 169 879 949 360 338 608 447 931 177 709 934 253 299 735 25 823 87 109 214 380 845 109 599 919 474 30 448 298 382 790 724 76 667 950 710 606 804 918 922 552 571 441 580 346 210 728 651 818 382 189 904 573 672
411 568 319 841 137 311 37 595 474 669 339 532 468 597 638 511 263 170 662 848 452 519 716 671 301 863 745 813 827 320 679 419 310 228 375 977 467 725 13 335 475 996 548 174 227 472 928 728 966 625 450 1000 786 928 195 15 444 440 327 9 32 763 11 895 133 332 353 309 267 39 537 376 868 696 355 723 131 774 55 648 231 283 538 7 432 745 760 51 848 506 743 227 674 714 98 561 228 292 625 40
44 589 163 235 783 435 570 976 777 905 608 81 383 843 499 607 597 762 502 949 278 661 57 40 323 803 797 401 127 723 912 853 182 296 38 978 728 308 392 206 344 623 568 645 106 988 726 250 476 765 328 626 492 396 464 153 834 20 771 148 410 828 75 832 246 902 862 696 689 960 67 660 862 801 784 20 281 413 358 479 573 565 271 202 153 760 892 971 712 634 427 535 760 722 4 910 595 798 559 751
132 132 687 697 944 454 567 208 69 375 157 334 545 648 208 413 565 806 479 71 4 687 476 790 318 102 992 872 979 690 771 888 897 299 13 907 802 480 77 599 320 97 676 633 93 665 788 705 428 499 554 634 941 484 506 718 638 778 124 974 647 174 340 412 964 254 958 652 326 875 911 770 387 741 834 753 70 752 764 951 582 618 328 867 375 549 427 742 338 641 354 457 584 390 215 880 79 361 700 347
356 985 612 83 746 506 757 750 633 397 222 695 564 846 155 926 570 399 880 516 126 461 741 571 943 628 148 970 291 724 645 811 631 36 499 70 421 760 151 673 954 896 201 711 401 602 2 301 835 214 228 763 869 210 419 157 506 752 592 362 966 290 257 764 388 845 964 887 745 607 145 72 41 711 733 391 709 948 165 287 252 650 259 90 634 602 666 342 923 326 912 749 107 279 619 919 630 352 521 439
714 1000 309 8 321 386 888 550 953 490 566 723 190 112 238 814 96 368 504 743 707 607 30 106 719 764 797 579 124 301 267 931 252 290 331 248 489 871 209 965 410 384 881 359 799 693 310 830 614 58 887 66 283 844 844 267 994 737 535 404 389 498 583 725 920 241 3 925 85 583 241 665 309 987 410 186 390 742 846 735 119 433 125 282 530 296 386 564 357 270 171 599 922 954 201 392 427 221 245 967
38 4 31 26 32 15 7 23 18 6 30 27 50 7 24 31 3 17 36 24 24 38 38 16 9 10 11 25 23 29 23 10 9 6 9 10 10 10 49 12 17 47 1 16 17 34 28 48 46 25 33 26 20 6 11 10 39 3 30 24 12 37 49 34 1 46 22 50 24 21 16 48 18 38 4 6 11 13 41 41 50 3 20 24 42 13 12 4 12 39 1 38 48 32 44 33 41 2 15 1
47 25 34 38 8 42 37 0 29 20 26 20 12 10 11 18 0 22 42 25 21 11 44 3 9 6 8 31 32 13 29 12 20 8 17 0 23 15 37 18 18 0 34 22 39 7 11 9 21 21 37 19 50 16 8 28 1 7 25 24 34 13 8 36 0 8 44 0 46 29 19 42 13 31 46 27 45 21 0 27 6 8 18 18 40 24 4 3 36 10 45 7 31 35 41 20 1 28 7 16
31 7 35 14 15 18 2 7 34 12 13 28 35 41 24 9 7 18 15 35 50 9 49 40 28 18 45 41 16 50 4 21 26 12 30 6 34 25 31 32 6 39 48 6 0 43 49 22 20 44 31 2 42 13 13 28 11 44 29 21 7 48 46 39 38 5 28 5 1 15 31 30 2 22 18 37 11 9 50 6 34 8 44 26 2 31 10 37 50 5 27 34 40 10 18 49 36 7 1 20
39 11 9 22 26 1 8 6 17 31 40 32 37 15 26 2 35 7 28 36 45 17 30 29 47 16 34 2 43 21 19 31 12 39 35 45 35 35 40 44 36 50 17 32 26 38 16 24 6 5 29 31 39 45 9 35 27 38 48 8 15 13 0 34 6 36 10 34 28 45 50 28 43 50 6 1 35 3 8 45 43 19 18 19 37 26 28 25 31 28 18 5 24 42 24 19 42 43 33 15
49 47 20 36 25 27 42 28 29 46 8 45 12 46 46 19 26 4 15 2 20 27 34 49 11 43 4 20 9 1 32 26 26 1 33 22 25 6 12 39 40 15 25 44 39 22 3 34 2 19 3 36 13 45 2 21 39 14 23 14 37 7 26 7 30 18 41 45 27 43 19 0 44 31 20 10 13 17 8 39 40 20 13 27 42 20 25 49 42 26 8 19 4 45 19 14 31 28 48 22
33 19 36 28 50 28 43 29 17 34 18 14 13 7 45 15 26 27 0 34 47 37 22 44 45 18 13 29 5 17 27 44 17 45 2 3 49 46 21 38 43 31 8 29 42 12 6 15 46 46 29 20 19 48 11 45 15 46 39 1 47 23 45 13 40 46 7 35 1 25 31 18 17 14 10 33 30 5 18 26 49 21 21 16 38 30 43 34 37 9 10 3 41 14 46 42 28 44 46 31
50 46 23 1 23 25 33 47 2 28 1 47 33 17 23 11 30 18 14 27 23 17 29 9 19 3 31 27 21 8 50 7 21 22 33 0 19 0 32 15 6 15 50 18 20 13 8 40 5 23 4 2 1 12 39 9 2 23 13 34 32 23 10 15 1 23 35 26 45 42 42 49 4 24 2 23 40 9 20 11 0 35 27 31 37 39 10 42 4 18 42 16 23 13 30 25 25 32 0 37
9 13 32 19 8 49 0 48 25 12 42 5 0 1 13 30 22 3 14 8 14 18 19 15 37 11 34 0 6 31 33 34 41 8 39 45 7 7 12 27 28 16 8 25 48 49 13 45 3 21 30 48 24 26 1 26 13 48 47 42 28 45 20 45 13 15 28 22 50 19 29 16 35 23 0 43 12 32 33 13 11 31 8 49 6 2 18 41 31 4 24 1 21 48 26 27 5 31 0 19
17 7 47 18 24 30 25 0 37 21 2 16 36 18 3 34 22 12 23 35 17 45 10 0 26 35 41 40 2 0 3 30 8 15 50 14 14 4 5 12 4 5 40 2 6 15 34 0 10 4 20 6 23 31 14 42 14 8 24 12 34 32 23 29 6 47 29 46 5 44 14 14 6 39 10 14 47 19 49 45 31 14 12 46 18 21 5 14 1 0 47 8 34 8 10 41 14 4 50 21
13 4 44 3 29 39 36 28 20 36 26 37 5 43 32 28 21 10 43 48 39 33 44 9 17 5 29 10 43 29 44 10 33 35 50 5 28 25 11 27 10 45 21 11 7 3 13 22 45 47 30 41 33 16 43 40 15 34 25 37 9 31 1 7 32 47 9 44 1 22 48 47 10 12 13 39 26 45 24 32 27 20 6 33 43 3 25 8 35 6 25 39 26 40 4 25 3 50 6 44
31 12 41 31 39 15 12 31 47 45 0 33 30 34 3 48 39 43 8 20 40 5 28 49 7 17 50 49 50 27 26 8 44 1 32 22 20 42 17 26 16 42 28 31 8 33 47 48 10 23 24 19 44 23 45 48 21 5 13 4 33 16 37 48 3 12 19 14 33 3 9 4 43 5 49 14 25 48 20 44 13 32 33 37 12 10 48 35 45 28 25 15 36 28 11 47 11 20 33 10
13 18 33 6 42 49 7 4 35 42 0 34 20 2 15 26 5 3 20 24 7 2 29 48 42 36 31 3 41 10 20 28 8 15 23 9 17 0 24 6 26 4 10 4 3 30 2 5 49 12 43 2 30 42 19 41 34 49 3 42 7 34 48 33 5 6 16 41 26 9 46 39 40 18 0 36 6 31 21 29 2 34 39 41 13 19 35 20 0 44 13 20 29 27 8 18 2 28 15 13
16 5 40 19 22 24 50 49 47 24 11 0 10 26 48 11 14 13 12 44 4 41 50 40 39 42 39 29 44 50 9 33 44 36 28 31 8 28 5 10 39 13 0 11 33 23 30 17 10 21 17 39 37 24 5 18 30 8 22 31 21 25 48 19 7 50 36 47 30 2 36 1 39 24 41 6 8 4 36 5 14 48 24 35 25 20 33 42 10 20 14 32 27 30 25 11 42 32 43 44
32 46 3 35 45 43 13 50 15 21 29 14 17 5 45 0 38 4 21 7 13 34 24 48 1 6 2 25 9 33 32 38 31 37 46 48 13 27 16 16 50 36 42 25 48 35 18 49 23 14 35 31 24 44 9 30 41 3 31 12 4 24 24 12 9 22 27 6 39 35 26 14 31 47 17 5 21 42 7 10 29 18 11 40 44 6 32 16 10 11 9 5 12 6 50 38 31 15 17 5
13 13 6 31 37 23 13 25 2 29 50 44 5 50 32 7 29 34 20 2 43 31 10 10 4 8 39 24 11 16 45 6 13 19 44 1 8 21 11 38 6 16 3 16 23 31 49 6 8 26 10 29 22 0 47 39 0 43 22 26 26 20 47 11 31 33 22 46 1 16 1 12 7 5 38 3 38 9 27 50 34 34 3 24 1 20 16 34 22 7 11 24 34 2 13 41 21 49 9 48
8 23 26 13 7 20 2 46 39 19 33 46 22 27 24 33 42 21 47 21 48 18 30 45 44 21 4 7 42 42 31 44 50 32 39 3 36 41 13 22 24 39 32 34 37 4 42 35 45 14 41 27 14 16 41 5 44 45 6 24 47 16 2 41 10 18 28 5 24 48 16 14 43 49 37 30 43 6 25 36 48 22 45 15 35 26 1 3 15 21 37 26 20 6 24 26 49 49 10 48
13 26 17 22 11 44 46 38 41 5 46 10 32 47 23 9 6 18 9 3 23 37 1 50 17 9 6 47 35 48 45 42 34 0 19 21 46 13 31 0 42 38 31 43 42 4 39 40 5 5 41 33 30 15 50 9 15 21 22 44 1 49 46 17 39 32 11 27 31 3 30 18 24 3 1 40 26 15 14 44 39 22 50 30 34 4 48 42 11 33 28 12 47 44 42 16 5 24 5 12
20 49 2 45 0 5 12 30 40 16 37 35 37 49 7 29 40 42 19 43 27 48 23 21 48 17 12 7 35 39 13 26 7 50 27 35 14 3 41 9 9 22 13 15 0 32 15 11 40 11 33 31 3 34 13 25 21 22 36 39 37 50 27 10 48 19 16 47 30 32 17 47 4 10 9 7 42 32 24 13 6 42 5 13 19 30 10 18 5 36 43 17 10 29 18 25 15 48 23 34
2 13 25 6 40 26 22 5 30 17 19 6 29 44 18 34 21 20 12 40 13 45 15 3 4 40 22 1 17 39 28 1 24 8 40 0 29 7 23 28 40 29 15 7 13 33 13 33 7 0 49 49 6 20 35 24 22 46 27 31 4 30 4 21 43 28 18 8 27 21 1 8 19 23 43 21 21 32 29 33 6 5 49 20 35 17 23 8 1 37 6 11 21 33 44 43 41 22 36 0
6 48 10 32 47 15 42 6 7 3 48 47 0 12 9 15 41 29 28 21 9 11 48 19 33 34 1 41 13 34 12 17 32 37 14 0 31 3 33 12 32 16 9 30 28 2 11 16 14 15 36 12 34 27 47 45 28 15 28 27 13 26 6 43 35 46 48 14 23 24 20 36 48 31 39 42 6 10 0 31 6 1 33 37 11 33 10 14 11 40 32 8 21 15 30 49 5 17 30 48
15 10 50 15 13 47 6 1 48 33 38 39 35 2 5 42 50 37 46 13 47 10 34 39 7 17 45 38 34 12 24 32 12 26 31 39 37 9 38 23 0 18 43 24 8 24 26 24 7 32 4 46 22 43 12 41 21 46 17 10 22 44 6 20 38 31 41 6 27 7 12 50 36 2 2 9 23 45 1 50 15 12 46 7 29 49 4 26 37 25 14 20 35 30 0 22 18 32 0 41
10 14 43 38 49 11 26 32 38 25 47 44 42 6 18 16 12 11 7 5 11 0 33 31 37 49 50 6 45 6 23 14 32 39 1 14 49 27 31 14 0 35 40 26 50 12 18 20 32 10 42 39 34 10 35 28 30 23 26 18 22 40 37 23 15 10 21 22 19 1 35 23 23 2 9 34 24 12 13 41 49 26 5 32 34 20 44 50 23 1 34 21 44 13 38 32 39 1 17 16
17 6 44 38 25 35 16 7 49 0 42 33 28 18 39 42 24 34 37 13 3 19 25 21 50 50 46 38 6 27 5 13 10 30 18 38 9 36 37 7 31 43 9 24 8 47 14 36 5 30 17 47 7 37 24 21 18 50 32 15 39 5 23 6 27 29 25 2 33 48 14 10 22 28 9 47 10 25 34 30 25 23 3 16 0 45 46 32 21 10 10 19 44 29 34 25 47 41 28 21
12 2 18 11 48 14 10 43 35 19 11 33 50 21 14 6 37 28 29 30 13 40 12 14 2 16 37 1 24 9 16 50 8 22 32 23 23 41 5 20 23 43 18 11 1 34 32 35 25 35 0 45 38 43 36 27 38 5 48 29 48 39 22 24 19 47 38 11 28 29 2 35 25 27 11 42 34 0 40 0 8 25 5 15 34 35 38 28 49 16 50 20 38 21 6 47 33 4 32 22
9 31 11 5 10 24 47 10 38 43 30 47 37 38 17 32 15 26 33 30 13 6 45 11 28 19 5 21 1 26 26 28 39 11 33 47 2 21 42 16 21 30 27 12 39 10 36 18 0 24 25 17 24 29 8 6 3 22 23 21 41 37 28 37 28 43 19 35 37 13 35 13 3 47 12 6 7 7 6 13 41 49 38 17 34 21 28 11 7 28 30 8 5 49 31 40 42 25 9 40
22 14 45 25 35 39 49 50 10 32 1 48 29 8 39 31 38 48 39 0 14 20 19 47 9 23 48 26 36 46 26 19 26 18 17 33 46 32 13 38 29 40 36 43 38 10 1 20 49 0 4 19 16 34 14 27 35 32 33 6 4 33 10 32 33 16 16 21 21 30 49 23 2 5 20 17 40 1 39 12 49 29 30 36 19 41 30 1 9 46 49 30 21 46 6 3 34 26 7 2
37 21 34 30 5 50 19 39 36 46 0 2 22 50 3 49 22 43 44 49 47 36 23 42 48 9 27 14 50 25 46 43 7 4 21 35 42 14 12 41 22 16 20 16 38 5 2 1 25 39 14 46 30 18 26 37 18 19 48 12 13 34 0 46 27 19 22 1 4 16 16 24 30 26 21 8 40 36 15 16 0 38 41 41 26 6 23 11 26 49 16 46 32 10 45 12 41 43 29 49
39 35 14 22 10 8 5 23 24 32 37 9 48 28 32 16 39 23 46 15 39 42 6 46 28 41 45 33 38 3 37 2 30 26 5 34 13 17 20 38 12 2 14 43 9 9 48 21 18 33 36 2 24 8 46 8 32 11 2 32 24 4 12 37 13 18 47 8 1 43 14 23 15 12 13 5 35 50 30 5 2 24 37 19 45 37 50 43 18 32 16 23 27 0 32 23 38 47 33 2
16 11 12 44 37 47 26 21 18 43 33 34 28 45 34 18 49 47 19 41 46 47 46 20 35 17 21 11 18 9 47 7 17 36 32 50 13 25 45 3 19 18 29 32 14 42 18 43 13 15 0 3 1 2 31 18 3 44 16 3 13 42 38 45 47 4 36 42 2 11 18 36 46 38 3 46 17 43 10 24 42 48 37 40 43 0 19 40 31 43 40 26 21 27 45 13 14 14 18 40
3 46 22 2 7 6 11 17 30 7 49 32 44 5 41 40 50 4 10 38 0 30 32 48 39 12 14 46 26 29 20 38 13 15 7 9 21 33 4 26 31 2 28 40 49 9 46 25 30 4 31 18 41 2 20 33 7 12 16 35 30 35 12 9 37 40 34 50 24 37 2 34 48 4 31 28 47 30 8 5 33 7 26 5 34 37 2 21 13 26 13 39 15 14 13 47 2 44 42 40
38 48 43 35 17 19 32 5 39 44 22 7 46 39 11 40 23 30 43 10 18 0 39 43 30 34 28 50 37 9 10 41 22 9 22 49 23 2 29 1 44 0 10 24 37 17 3 35 37 46 15 29 12 5 36 36 21 0 46 27 23 0 0 3 20 5 19 17 44 43 11 6 9 22 18 49 5 5 14 11 0 3 38 30 50 12 34 4 14 19 50 37 37 47 30 32 50 1 50 13
16 11 44 31 31 32 24 2 21 9 2 21 16 0 20 28 33 9 4 19 45 3 24 36 49 15 22 11 12 8 26 40 22 43 27 1 40 15 44 32 12 2 13 21 1 9 23 1 38 9 2 6 40 38 2 35 39 37 41 45 9 12 43 12 6 22 6 34 46 48 33 29 31 46 6 21 6 47 15 28 5 39 18 13 46 33 7 39 34 35 15 45 8 34 49 14 44 8 34 47
49 44 23 0 19 13 44 44 42 29 31 1 18 14 10 1 8 7 43 15 18 13 15 33 10 5 15 27 39 25 31 34 6 28 38 28 14 49 33 13 18 37 36 39 35 17 48 2 21 41 16 21 36 34 1 7 12 41 5 18 23 15 40 26 44 7 48 8 42 14 18 50 12 1 26 6 31 27 9 26 46 18 19 29 49 13 14 45 38 40 41 43 16 44 15 31 30 43 9 49
12 33 3 37 22 43 0 24 10 17 24 32 6 16 21 26 13 19 24 2 37 10 13 25 2 46 42 13 46 41 24 12 3 32 46 19 31 15 46 23 11 49 42 44 34 8 20 3 22 7 10 4 4 25 44 28 41 26 32 37 49 44 15 19 32 42 44 19 0 34 13 34 36 2 19 49 46 42 2 18 6 41 0 28 13 27 19 43 18 1 44 34 35 4 15 16 49 45 12 48
6 38 7 20 25 30 13 25 47 7 35 36 46 28 17 10 38 32 9 12 28 39 33 17 49 40 48 10 3 13 6 3 7 20 4 47 33 25 13 19 46 33 45 35 4 46 12 8 18 42 45 45 42 20 7 6 24 26 15 43 46 24 11 7 50 33 42 47 24 34 36 35 9 5 47 14 7 24 14 39 11 5 2 21 40 9 32 0 16 5 10 35 43 1 47 21 42 40 34 46
48 38 36 36 15 0 48 34 35 25 42 26 21 19 33 14 25 16 28 25 5 9 16 50 34 3 0 40 19 22 17 34 41 27 6 32 15 22 42 20 2 27 49 44 32 34 48 3 26 4 45 40 6 35 24 40 49 39 2 3 7 35 23 30 30 9 36 40 11 2 40 26 40 19 13 2 43 1 33 41 18 34 13 1 41 30 30 43 40 0 11 49 3 41 12 2 39 47 6 2
42 9 8 35 10 17 17 50 29 16 41 27 3 37 24 38 21 19 35 38 6 30 22 42 18 23 47 31 11 32 34 38 1 14 39 43 16 4 23 43 40 23 45 31 10 6 20 42 16 22 50 21 26 18 42 40 10 40 11 17 50 40 10 4 44 9 50 17 40 39 19 21 38 18 13 23 43 6 28 45 25 20 22 47 2 40 43 26 28 9 0 0 25 8 44 42 42 26 34 11
6 50 17 26 21 10 12 42 36 13 20 45 21 38 22 49 1 36 5 24 37 46 44 5 37 38 25 49 30 45 33 35 10 2 2 31 1 39 23 49 36 47 6 0 21 40 42 40 29 6 46 0 37 6 41 16 25 38 40 31 49 41 37 38 40 42 2 25 7 40 38 43 14 43 24 12 44 28 23 13 17 28 9 23 16 18 18 4 50 47 44 17 46 20 12 26 33 42 46 6
2 28 44 9 28 17 47 36 37 39 22 33 26 5 37 44 5 11 46 22 10 0 26 28 42 14 10 26 48 45 6 22 38 48 25 50 7 43 31 23 23 36 11 31 46 23 7 21 5 5 48 21 23 2 1 26 42 24 8 17 24 40 34 33 28 4 12 5 5 42 23 0 8 44 49 29 48 18 32 11 19 20 34 16 43 18 40 27 42 18 5 31 15 46 19 31 34 47 34 44
39 37 29 34 13 19 2 14 17 28 41 15 12 29 35 29 23 43 24 6 45 0 8 9 18 40 37 45 46 41 9 0 48 41 31 10 21 38 7 0 8 30 45 50 11 8 38 41 32 42 44 6 23 30 7 38 39 0 30 39 19 9 43 34 34 5 28 15 19 39 12 11 10 14 14 37 25 29 9 36 7 28 21 44 17 44 14 18 37 23 15 22 23 3 16 43 5 30 39 46
30 37 11 35 15 26 30 1 6 23 30 10 47 6 24 26 48 24 2 35 7 17 40 47 19 7 8 42 15 44 20 13 36 17 41 39 17 23 48 26 0 24 20 23 47 26 21 2 35 23 49 48 44 31 46 33 3 46 21 4 4 19 48 8 18 30 46 23 5 15 20 36 49 0 42 46 34 0 14 35 18 31 22 48 10 35 43 8 49 15 13 20 23 23 19 15 23 9 23 19
21 43 10 15 30 42 34 12 34 29 5 0 25 48 31 35 31 43 22 19 24 45 10 15 0 9 7 26 35 43 38 43 24 2 34 32 43 35 40 50 0 48 13 31 17 43 18 42 11 43 42 44 0 26 8 24 4 21 20 49 19 26 13 29 15 27 48 37 46 38 44 25 37 7 21 7 43 42 47 39 48 39 48 23 38 35 27 45 11 30 45 7 17 5 41 16 30 37 29 27
7 42 29 10 42 2 5 28 31 4 37 35 32 41 35 12 23 42 0 19 45 21 0 11 21 25 32 20 36 3 2 0 22 4 38 44 27 50 37 33 23 44 20 32 4 10 5 16 24 4 15 12 30 1 33 10 12 34 13 16 1 14 45 48 27 40 44 17 15 13 17 20 50 31 42 4 17 2 46 24 49 3 34 13 47 16 19 31 12 30 15 35 21 50 5 23 3 9 25 4
28 11 0 25 46 34 33 34 28 34 29 19 50 24 22 13 18 6 25 35 25 33 49 48 24 34 31 23 25 38 42 45 9 20 22 45 48 23 38 39 3 37 42 43 11 24 4 22 34 22 0 43 13 18 36 35 30 50 31 15 27 40 13 37 46 16 30 46 17 12 1 0 10 8 22 16 39 4 30 46 6 30 2 44 2 48 28 40 16 11 1 25 15 19 6 34 47 43 46 48
44 46 11 36 29 22 19 40 22 34 29 9 11 23 12 15 34 35 50 39 41 49 43 32 31 30 49 44 3 5 4 41 20 9 41 36 33 34 2 2 6 46 32 11 2 4 31 11 35 19 4 36 23 34 35 40 29 23 33 11 12 10 50 50 39 24 6 49 43 45 49 49 0 50 5 0 7 4 9 18 49 36 24 47 30 0 36 2 33 11 0 9 48 23 48 13 49 39 29 24
45 9 42 13 6 44 44 11 27 20 18 21 39 12 3 31 18 32 41 41 19 9 20 48 42 21 44 10 45 5 32 37 10 33 19 29 35 42 11 10 19 4 36 41 16 1 10 12 35 25 26 6 21 48 23 46 15 47 45 36 28 32 21 14 15 22 43 15 37 1 41 29 44 48 33 10 32 14 44 43 20 21 10 38 41 0 21 4 49 8 24 26 48 27 41 9 38 0 41 24
12 4 20 23 18 17 30 18 15 46 17 32 6 24 46 34 11 15 3 24 13 18 43 31 6 32 19 2 27 30 16 4 0 49 26 2 36 10 3 38 20 18 47 15 0 3 2 14 15 44 19 2 29 43 8 19 34 16 32 21 42 49 34 30 33 11 33 39 7 12 1 14 5 37 36 49 37 46 20 35 24 46 32 36 30 22 45 47 44 4 27 28 5 12 14 24 32 36 31 8
43 8 30 6 2 4 29 6 46 6 43 15 50 29 48 1 28 19 6 36 24 45 42 30 0 36 35 24 10 49 40 37 36 24 50 43 27 48 49 43 33 10 48 40 11 21 34 42 11 29 15 13 27 11 11 32 35 7 50 29 33 23 4 35 41 10 28 48 19 1 49 25 28 45 35 2 6 31 23 30 10 29 44 11 10 24 26 43 25 20 1 4 10 20 42 36 33 25 19 16
34 4 17 34 35 34 46 23 25 34 43 17 49 27 22 47 11 26 22 47 4 20 1 39 12 1 28 15 24 13 38 38 49 9 29 39 33 3 24 22 48 37 31 47 35 20 38 18 35 10 12 3 8 42 45 37 18 39 22 35 16 12 20 15 0 46 17 36 29 40 44 14 39 3 15 6 19 11 49 4 26 7 49 28 18 43 2 14 23 45 44 35 6 20 47 10 23 15 43 29
25 30 4 42 0 17 7 25 15 10 22 43 13 26 41 23 41 37 29 4 22 32 4 12 27 5 2 46 9 5 19 23 46 48 34 39 45 34 6 15 14 6 16 2 27 50 8 35 24 11 29 2 50 33 11 45 43 16 23 46 1 3 24 42 43 36 5 9 37 24 37 38 39 48 3 30 46 19 40 10 13 8 10 40 20 8 5 23 5 23 22 34 43 41 21 12 13 35 9 48
21 49 50 1 2 21 7 33 10 45 17 28 13 32 13 21 17 43 13 3 22 49 24 3 37 34 1 43 33 7 22 23 31 39 48 31 2 45 43 1 3 20 15 45 17 8 43 30 33 35 17 35 12 29 16 23 21 44 44 12 18 50 2 14 47 9 46 0 17 6 46 31 13 3 18 6 11 45 40 44 9 48 22 6 47 30 29 24 47 45 19 5 6 34 28 15 19 27 0 14
36 35 25 13 24 49 39 42 1 2 4 9 42 46 23 12 31 25 47 35 41 32 34 50 7 42 50 13 3 20 9 0 46 31 30 30 15 2 50 42 49 25 3 13 5 26 36 25 25 44 35 4 22 2 34 27 42 33 2 14 10 47 25 33 34 5 45 33 41 47 31 31 18 29 46 14 21 0 16 48 37 42 49 19 23 21 15 28 50 43 19 50 7 8 6 15 10 16 36 28
32 15 11 36 33 9 36 40 15 24 1 5 49 14 42 24 21 33 19 6 34 36 15 43 38 17 24 36 9 40 17 2 10 25 14 0 40 36 16 4 11 17 50 10 17 30 47 20 1 26 50 13 43 21 31 22 1 26 47 42 42 11 1 5 50 15 2 18 10 44 23 45 27 45 24 4 4 4 35 34 31 41 42 1 10 6 45 44 1 7 46 9 13 46 13 20 4 4 46 4
6 15 40 44 17 11 43 23 12 44 32 12 4 23 50 50 27 40 23 46 24 47 50 3 27 39 15 42 15 9 25 18 14 36 33 24 5 25 34 25 3 6 15 48 50 39 44 32 39 47 36 13 0 2 36 10 50 14 39 14 17 34 13 43 38 38 5 23 22 16 17 17 41 28 28 22 9 8 1 17 45 22 7 26 37 30 20 21 18 25 5 30 2 31 40 1 6 5 7 3
18 41 47 8 28 6 46 16 24 35 38 14 13 20 48 11 31 41 22 31 3 8 42 38 29 1 48 39 28 2 0 42 48 7 21 26 30 22 43 25 2 36 7 30 10 39 50 47 42 49 46 8 31 20 46 31 8 6 48 50 37 14 50 48 23 20 22 23 10 0 5 34 8 1 27 39 25 19 34 15 35 47 47 16 14 21 17 46 6 14 31 0 44 20 15 15 36 24 0 49
5 25 21 1 7 12 23 6 44 28 22 13 21 37 12 9 15 36 14 16 39 47 15 44 22 26 28 5 44 23 14 0 31 12 47 4 17 13 18 40 11 41 18 26 38 30 9 1 46 20 44 50 29 9 32 37 25 39 32 50 23 42 34 20 8 49 36 2 9 4 12 47 23 1 23 14 26 49 11 0 33 13 45 35 11 7 39 39 38 47 13 19 43 22 5 32 23 20 42 14
48 18 17 11 26 22 0 30 40 4 30 32 9 4 18 30 18 23 41 41 23 8 28 35 9 25 36 35 47 3 8 4 16 33 8 34 4 8 12 6 0 48 17 35 32 44 40 34 42 44 40 6 49 28 36 22 9 20 5 2 8 10 16 45 50 29 36 50 42 1 31 16 7 20 38 3 15 7 33 36 11 47 14 20 39 12 14 26 15 37 16 27 9 45 36 33 30 5 5 30
39 2 31 8 21 48 29 33 29 22 48 39 13 13 41 3 47 37 10 0 18 22 29 26 42 48 14 31 45 50 30 17 40 29 4 1 1 12 10 24 17 46 27 35 14 26 6 2 47 11 29 46 23 35 6 31 36 47 25 50 14 21 18 46 43 28 20 21 0 18 15 33 26 6 47 39 16 16 15 44 25 35 28 9 9 5 38 44 29 39 20 49 43 42 24 29 4 13 13 8
22 29 7 28 8 35 48 4 5 20 12 4 8 2 25 9 35 3 27 16 30 32 27 43 21 40 21 36 33 31 46 11 36 20 28 41 1 12 16 14 35 12 31 28 49 39 1 25 37 50 31 16 11 11 50 45 41 26 0 11 27 33 37 45 26 40 19 31 21 21 32 16 12 19 17 10 21 46 26 41 45 1 10 35 35 34 7 41 46 10 25 8 13 45 23 21 17 3 3 1
23 40 41 45 8 14 33 39 9 12 7 39 6 39 12 1 40 46 25 45 3 7 49 20 10 36 39 43 45 16 37 3 34 7 27 10 11 31 24 27 25 31 30 14 28 22 14 6 43 8 2 25 36 0 18 27 18 47 2 10 46 27 16 29 21 22 41 48 20 35 11 50 4 12 26 49 46 14 36 31 0 4 14 39 46 43 24 11 37 0 30 27 17 0 18 21 3 26 30 38
21 20 32 1 39 46 25 2 47 14 2 6 27 38 25 22 46 18 38 12 42 29 13 45 31 43 22 34 43 20 15 49 43 43 30 35 12 6 8 37 12 25 35 33 22 9 12 29 43 15 26 25 49 44 38 0 48 1 44 20 25 46 27 9 45 44 20 25 27 29 15 0 22 10 40 12 32 36 27 37 1 33 34 43 1 13 32 26 2 2 48 29 32 20 35 13 49 36 0 47
13 10 21 43 6 46 2 44 29 19 26 23 4 50 0 14 36 16 19 12 12 4 6 24 37 21 28 2 0 43 25 12 10 6 46 12 9 32 40 18 13 11 20 6 36 15 43 20 1 10 0 46 25 7 33 8 48 29 24 31 5 46 47 26 49 18 0 38 22 35 13 50 18 14 1 1 31 0 5 33 24 38 39 41 6 16 13 3 35 44 13 24 21 21 42 38 11 5 4 15
50 46 26 21 30 19 2 6 35 21 33 11 5 25 25 18 7 3 40 28 30 18 5 40 7 28 19 43 5 41 7 38 42 2 16 48 47 6 25 12 49 0 37 17 39 14 26 37 20 16 1 7 10 4 27 50 38 4 29 11 21 11 11 3 15 49 41 44 1 8 12 26 48 33 26 27 13 27 25 42 8 25 13 3 7 38 39 0 8 39 27 39 37 17 36 18 15 5 15 8
12 15 19 35 17 3 26 10 13 11 26 3 31 46 44 42 47 8 47 5 24 8 39 14 16 32 30 35 39 24 40 9 14 35 50 22 38 5 35 34 12 8 19 6 7 19 2 30 37 25 10 0 21 12 48 13 38 15 37 27 24 30 42 33 15 14 8 5 0 31 34 18 34 35 47 38 36 33 12 40 25 17 20 50 3 1 26 50 49 1 46 10 33 28 32 36 24 31 5 48
6 7 5 2 9 23 24 10 11 33 26 4 44 12 20 25 5 7 25 46 0 49 38 3 14 10 11 37 36 3 8 4 18 5 33 25 10 35 45 33 2 7 20 35 3 3 50 11 19 48 34 4 17 9 27 41 39 1 50 50 6 45 35 39 29 45 39 14 12 49 50 25 18 31 41 50 9 25 41 21 46 21 37 35 19 37 19 31 9 29 5 16 48 16 39 43 11 11 14 28
33 37 5 15 7 12 6 33 4 32 33 22 32 0 14 0 47 42 12 15 46 5 7 15 11 20 1 39 29 26 36 36 4 3 27 17 6 22 48 22 17 8 3 41 39 49 47 17 45 37 1 45 13 17 0 22 11 38 21 3 36 2 49 10 40 4 32 5 47 47 11 4 24 26 0 6 4 7 39 5 30 7 25 1 38 31 6 35 16 24 8 35 39 15 45 39 24 1 8 50
11 40 3 18 7 25 31 16 30 31 40 14 10 17 50 16 9 10 48 43 1 40 30 45 19 37 4 37 11 35 19 44 1 40 43 44 32 20 14 23 33 46 26 47 11 22 42 23 11 30 34 44 31 34 5 34 43 5 26 36 30 9 49 16 27 36 44 2 12 43 42 19 3 20 11 42 7 42 13 47 1 22 31 24 29 12 14 16 5 25 47 35 21 39 2 27 40 27 5 29
50 22 36 30 29 49 29 3 40 27 36 11 21 31 25 16 29 24 32 14 29 17 21 40 34 14 30 7 50 48 45 15 38 27 29 4 31 16 31 4 35 20 14 1 3 44 50 31 41 25 36 46 1 2 48 22 32 43 37 1 22 33 13 0 1 42 35 22 28 25 29 25 11 25 28 35 35 9 45 2 40 42 0 49 14 19 25 2 31 7 32 24 14 4 44 12 48 36 30 43
2 43 20 38 39 5 13 15 13 3 48 1 43 1 8 22 48 5 50 13 17 11 41 50 40 46 8 8 23 30 47 5 48 42 17 50 8 14 17 39 17 2 21 17 27 32 20 25 30 47 50 42 32 43 35 40 40 42 36 44 42 46 28 36 16 6 25 7 37 12 13 37 26 19 2 6 20 5 30 21 13 3 44 31 41 11 26 27 12 30 32 24 33 3 41 9 30 1 16 12
41 30 50 12 18 21 36 4 31 39 3 31 40 38 49 43 6 37 50 36 23 15 42 39 21 20 14 35 39 17 42 46 24 0 17 26 9 1 48 28 38 16 6 48 14 2 41 46 33 47 6 10 41 0 6 40 31 32 47 42 8 39 32 38 26 8 19 5 13 1 46 31 50 45 18 45 7 26 46 28 40 2 24 8 0 19 33 5 34 31 39 39 49 48 28 29 0 7 48 28
31 26 13 8 20 42 49 9 38 10 45 31 21 12 37 14 49 16 21 46 20 3 26 31 47 0 0 28 8 37 23 15 28 41 20 36 3 33 24 5 41 43 6 39 24 11 14 38 46 26 15 21 18 18 19 47 22 38 15 45 14 46 35 7 10 34 32 32 27 50 4 18 39 27 50 20 34 25 43 27 17 5 7 35 12 10 30 22 32 36 33 33 6 41 9 6 48 39 27 15
41 9 21 22 36 45 23 43 45 28 46 44 11 43 20 36 11 19 31 35 31 28 12 24 29 40 21 50 4 23 31 14 27 37 44 16 15 36 35 19 36 13 29 6 20 16 16 44 48 18 9 43 24 39 36 11 17 38 29 8 8 32 10 33 34 11 30 19 41 0 41 2 14 16 26 4 41 49 35 2 26 22 33 3 44 33 12 25 7 12 12 25 41 16 50 47 35 24 21 43
26 24 11 43 38 37 29 11 26 7 42 21 26 48 42 23 15 50 23 13 41 25 18 50 27 6 43 38 39 37 3 14 32 32 48 20 7 23 24 6 19 16 21 34 32 33 37 9 21 40 28 7 43 5 2 27 7 0 25 10 28 47 35 12 26 17 38 45 49 48 37 13 29 17 25 3 43 11 22 21 16 17 23 28 7 33 26 13 30 35 34 32 39 36 32 1 31 47 34 48
38 33 44 12 21 14 40 3 5 20 12 8 15 29 19 1 36 15 29 14 40 10 42 17 0 10 16 21 22 46 48 1 33 27 32 30 15 12 14 27 45 36 29 47 6 47 20 15 32 16 1 6 26 11 19 12 29 37 25 22 39 32 35 28 42 26 39 11 14 0 47 35 18 22 44 11 24 45 30 35 38 43 19 30 1 46 6 45 15 10 28 17 36 7 41 27 39 1 5 28
26 4 11 45 31 42 5 27 9 14 12 17 1 12 14 34 16 12 5 29 50 12 12 42 18 33 40 29 25 47 4 26 45 39 45 22 11 24 42 35 24 10 37 38 38 9 9 24 23 15 3 28 10 48 36 24 19 24 8 40 20 16 33 19 5 0 31 48 25 48 12 48 3 0 14 32 30 44 31 41 4 35 35 44 37 24 39 2 16 40 38 24 42 7 13 0 26 26 26 49
23 12 13 28 40 2 22 29 14 45 23 26 15 17 9 35 44 49 22 2 24 45 5 8 27 16 9 35 4 35 42 24 50 30 41 46 42 47 26 4 14 39 16 10 20 49 5 3 44 22 12 8 2 15 44 49 23 6 3 7 29 5 28 16 44 24 35 28 49 40 35 50 35 19 25 43 30 16 13 14 38 38 24 18 11 37 1 4 38 10 11 27 25 40 30 11 39 28 19 17
14 21 23 12 5 49 35 15 10 31 34 33 24 48 33 0 48 12 41 46 49 49 32 48 25 27 44 18 32 47 6 26 34 27 10 36 23 36 9 39 21 13 15 31 8 37 34 39 3 16 16 11 42 21 50 26 24 37 19 47 8 32 29 4 26 0 5 32 43 23 7 13 38 22 40 9 12 12 14 40 32 5 25 11 19 28 45 18 11 8 15 43 32 32 3 3 35 25 38 45
28 1 35 7 49 13 20 21 15 49 40 42 25 7 20 48 18 8 24 48 15 3 28 25 3 48 32 34 48 30 48 7 28 19 47 48 11 14 42 33 26 27 44 19 16 47 35 4 39 2 1 31 44 47 30 43 6 28 34 29 10 44 46 1 24 39 18 11 30 10 24 50 1 6 4 34 4 32 37 42 32 18 2 26 17 20 38 8 10 7 40 16 17 1 50 39 38 43 46 6
28 19 27 8 48 1 16 50 44 8 20 22 31 17 26 16 41 16 44 22 8 5 19 44 5 50 6 43 15 9 49 2 26 1 40 33 18 32 3 5 11 16 14 0 2 48 14 7 14 20 14 32 7 0 44 46 21 27 2 21 47 21 42 5 45 12 42 18 22 24 33 48 25 14 45 36 49 23 32 27 49 41 21 14 30 14 30 44 24 25 32 35 4 4 47 2 30 14 18 41
45 13 21 42 1 3 40 31 6 25 48 23 31 48 0 38 14 26 41 13 18 21 36 48 16 39 20 25 44 32 23 25 21 47 26 36 35 47 42 32 9 24 10 3 27 31 38 6 40 44 1 45 22 23 27 25 23 34 48 4 14 38 23 48 9 16 27 48 26 6 29 5 42 0 35 41 1 30 36 2 16 36 28 11 13 2 43 48 35 45 26 2 40 2 12 48 2 41 30 6
20 14 16 22 4 16 1 29 42 46 29 47 15 49 8 22 42 20 14 44 37 27 13 12 35 28 27 32 17 1 14 18 31 41 35 37 22 37 39 5 42 19 46 14 3 23 43 3 48 41 16 37 46 38 9 39 27 6 33 20 39 21 39 33 4 20 49 7 12 4 8 41 12 17 43 7 32 24 23 23 21 24 2 38 4 7 8 32 27 45 45 8 18 3 28 37 23 25 17 40
21 50 41 46 18 14 39 28 31 34 39 19 49 9 15 2 22 18 32 27 50 28 3 26 46 14 13 45 8 48 42 49 35 11 33 1 9 5 19 18 24 36 4 15 20 22 1 28 43 27 47 34 34 24 35 15 25 38 8 11 34 19 17 38 17 31 8 0 33 39 12 50 48 35 10 9 38 33 10 22 16 47 41 40 2 16 24 32 43 9 22 38 13 0 32 25 20 24 13 28
17 19 48 21 34 9 46 45 24 13 30 36 34 20 37 16 40 6 50 47 41 18 44 16 1 20 9 50 1 41 33 40 48 18 47 49 27 43 45 34 20 18 40 39 2 5 11 33 3 26 18 17 8 47 22 43 4 45 6 2 15 45 50 27 19 16 47 47 36 15 38 43 41 25 14 24 38 0 11 7 48 24 32 38 9 43 13 32 30 13 46 38 50 11 7 43 20 4 28 3
3 2 2 0 5 11 23 41 45 4 21 36 32 25 10 48 26 5 7 40 17 8 39 43 19 35 45 3 13 44 18 39 12 47 13 19 39 38 3 43 22 37 10 45 33 45 7 4 4 45 29 10 10 42 46 7 45 6 23 0 10 24 9 0 30 38 20 8 1 45 40 27 39 41 39 23 38 27 26 9 31 47 23 10 21 3 49 6 8 1 4 45 39 38 36 23 6 7 46 32
31 3 18 37 19 15 34 35 31 32 17 18 28 18 22 32 43 45 49 37 23 15 43 3 43 49 39 28 16 10 9 20 7 28 44 7 43 15 10 40 30 27 36 15 19 4 0 7 45 48 17 11 37 15 6 8 35 26 9 6 14 18 1 35 5 23 34 3 46 25 25 22 3 35 49 42 49 24 48 37 42 21 10 34 21 48 22 5 44 37 42 36 10 37 15 35 44 46 31 33
30 47 16 6 39 33 10 6 19 4 22 1 10 33 36 15 45 12 14 3 3 30 44 7 34 28 35 40 12 22 32 31 46 20 21 23 37 6 48 29 41 28 31 38 32 1 7 46 39 9 10 22 9 1 9 36 13 29 12 32 36 49 40 19 46 32 47 45 26 50 18 20 13 4 49 32 15 21 46 37 21 8 38 5 30 25 42 2 18 8 30 49 16 2 6 49 8 28 24 14
15 20 11 16 24 2 50 13 14 31 30 2 17 1 25 19 30 16 15 26 17 43 1 32 29 21 10 25 42 33 40 39 0 4 33 22 28 44 6 28 14 25 37 39 1 40 44 0 42 35 1 29 2 22 17 7 10 18 19 41 37 31 45 42 46 38 33 36 29 11 23 13 6 30 17 38 12 3 32 48 50 10 5 3 38 28 42 32 31 38 1 34 15 49 40 18 5 15 50 11
9 45 31 44 12 43 35 2 26 22 42 22 31 42 21 2 42 37 8 10 6 22 31 38 38 32 24 42 48 13 37 34 21 14 21 43 20 15 31 42 0 23 3 49 10 33 14 20 32 13 12 24 14 8 8 6 36 43 11 16 43 25 14 47 21 46 50 49 39 32 10 8 2 46 7 26 50 16 21 32 21 6 46 7 42 34 0 31 40 34 13 6 20 49 47 27 50 20 27 36
33 3 45 23 39 38 39 49 27 46 22 37 29 5 15 18 23 16 1 15 36 27 0 18 1 0 47 21 43 30 27 11 45 28 11 16 43 6 42 40 40 3 4 30 44 40 11 16 13 2 43 11 44 0 26 5 7 17 23 40 13 17 11 14 45 3 0 31 50 14 5 4 19 41 0 23 41 13 49 1 48 44 48 37 36 20 16 26 12 40 35 12 39 8 18 36 4 50 32 4
16 34 40 20 48 9 26 50 0 49 39 1 14 48 15 32 8 26 44 16 42 24 33 6 2 41 34 30 1 29 48 18 32 45 22 41 42 40 15 37 13 35 28 35 50 40 16 22 32 42 17 41 39 21 0 20 11 26 1 1 12 36 31 15 38 29 44 33 50 21 29 31 33 47 33 8 48 43 9 8 27 47 44 14 50 12 32 21 34 44 1 7 26 13 0 5 45 38 32 31
36 2 1 37 0 19 41 22 6 47 15 26 4 4 12 6 0 18 1 34 33 28 32 8 43 40 44 45 29 10 23 29 21 12 7 28 37 50 26 26 23 37 20 49 31 10 49 1 14 14 39 18 11 3 36 36 10 7 3 7 1 31 2 7 2 47 0 33 43 13 11 18 20 15 19 45 15 28 50 16 20 28 50 44 33 28 8 17 11 49 9 21 0 40 14 2 47 12 27 0
17 28 25 46 50 27 15 8 38 22 24 37 1 50 26 19 5 29 9 29 14 40 14 2 22 44 14 1 18 3 31 43 27 14 9 28 39 45 27 17 18 12 3 23 14 16 36 5 11 18 49 34 16 6 23 22 3 1 45 14 1 32 10 30 13 25 33 10 26 38 46 36 18 29 32 7 29 42 48 45 32 17 35 30 47 46 4 39 22 38 17 2 1 27 14 31 38 14 9 26
47 5 47 29 38 47 10 23 27 31 21 2 49 35 13 28 29 6 25 3 31 12 49 40 8 9 22 1 44 29 9 16 9 45 0 15 0 48 41 1 32 2 13 28 31 1 31 31 50 34 13 11 26 10 49 20 16 43 41 8 4 20 35 12 39 13 22 32 28 24 18 22 48 2 16 34 45 24 9 17 48 7 48 27 30 0 37 10 48 24 16 35 24 32 0 43 20 41 32 38
15 5 22 1 47 3 15 14 9 41 26 28 29 43 36 4 15 38 18 15 2 42 24 39 15 26 20 14 19 35 29 20 23 46 47 6 37 5 4 35 48 14 5 35 37 41 1 2 7 23 5 50 16 40 38 26 27 28 17 35 35 0 49 11 18 24 36 26 11 28 24 27 2 1 36 2 31 6 25 22 27 27 5 36 43 0 32 12 26 22 42 49 14 20 14 13 26 12 40 45
26 7 45 3 38 32 49 47 34 43 15 3 47 39 50 38 30 39 12 48 49 5 47 42 47 46 29 36 34 12 27 28 40 38 6 26 12 20 43 40 49 43 39 20 18 14 2 14 25 39 35 39 24 32 10 50 14 35 30 39 38 1 45 21 5 40 46 21 47 10 21 50 42 31 9 13 16 41 35 1 23 39 26 48 23 1 40 29 46 3 42 25 49 1 21 43 50 19 0 20
8 26 43 14 5 6 12 18 48 46 22 32 0 30 21 22 43 16 21 20 28 49 20 11 19 18 22 6 1 25 25 14 1 0 13 4 3 5 45 44 0 15 30 5 50 26 39 37 9 1 49 32 35 27 16 8 27 23 45 31 44 33 2 8 24 45 27 8 48 45 23 40 32 12 21 26 40 0 38 42 11 28 8 48 34 18 21 26 13 47 24 23 16 42 27 32 36 0 12 5
37 21 11 11 16 42 15 33 9 29 16 5 0 35 44 29 21 40 48 13 23 45 15 46 12 3 36 33 28 13 49 8 15 41 44 30 18 42 2 28 39 30 35 16 10 12 12 11 3 9 50 36 39 37 10 18 48 0 37 3 33 48 47 31 15 5 38 28 22 33 29 25 39 9 0 7 8 34 23 28 6 38 19 11 49 0 37 37 39 0 28 22 26 16 49 12 49 12 42 46
0 39 23 35 34 48 40 34 42 2 36 31 7 24 2 15 22 9 7 11 33 22 18 19 28 9 32 32 11 13 50 45 24 10 43 36 42 39 49 45 44 23 5 35 10 11 36 28 2 25 10 8 28 42 13 47 18 49 4 21 33 34 4 40 14 23 8 37 27 3 48 15 14 27 12 2 28 32 12 10 30 19 22 15 14 37 42 23 46 0 10 11 31 8 2 23 46 19 37 30
44 13 24 10 20 24 29 32 34 38 36 12 3 46 28 13 22 12 39 24 38 36 20 37 36 39 11 2 16 19 7 7 11 41 42 36 2 29 44 47 3 26 13 22 26 31 4 0 27 6 42 1 28 34 4 38 8 13 48 29 40 40 11 22 47 39 8 16 8 10 24 19 20 0 40 22 26 33 28 21 16 46 9 44 22 6 13 0 9 22 2 2 1 19 21 50 15 27 47 24
26 8 42 35 39 28 34 36 23 3 12 17 50 33 7 28 6 12 8 0 23 49 21 4 23 44 22 3 35 14 47 1 20 24 3 37 32 46 9 47 37 6 23 19 38 10 26 20 50 9 10 11 15 15 25 9 36 39 10 8 1 30 16 41 19 12 12 14 34 32 46 32 17 35 33 30 7 15 29 4 44 48 45 15 6 17 18 31 30 5 6 38 41 47 25 34 40 20 5 18
50 20 46 46 11 23 14 18 37 37 41 8 23 1 17 28 36 7 35 16 25 48 16 2 49 38 30 1 12 42 7 36 13 48 36 35 4 10 14 4 2 22 22 34 4 22 17 19 15 22 38 22 41 30 32 23 50 26 24 1 39 36 36 16 49 9 34 7 32 10 42 48 43 37 14 40 41 21 35 12 21 28 29 7 18 17 6 39 28 16 14 20 1 45 11 29 41 5 37 23
44 16 27 23 33 18 7 4 0 1 33 18 41 46 0 49 39 16 38 7 22 45 3 48 45 19 44 49 12 5 41 8 27 48 12 37 12 2 45 29 0 25 40 33 8 12 4 43 1 12 35 35 50 6 28 16 8 41 37 31 32 31 2 48 34 49 9 25 45 38 47 6 17 18 29 42 13 3 16 26 50 43 21 46 45 25 35 4 31 48 24 2 37 22 27 24 34 22 22 46
30 40 38 23 28 27 40 15 10 9 9 17 48 26 39 22 26 22 44 49 6 21 3 37 42 27 49 4 29 27 3 5 39 41 12 9 46 8 5 44 47 5 15 35 37 9 31 50 46 6 24 15 2 29 3 26 21 0 37 11 19 36 16 2 12 49 48 12 37 49 33 44 23 16 46 28 17 0 42 20 19 8 44 30 16 15 36 21 46 15 4 10 6 12 24 19 41 24 4 35
38 35 4 43 12 11 41 37 27 27 10 33 39 27 33 9 37 21 33 10 13 29 7 45 38 48 24 24 30 20 21 38 25 32 12 2 50 15 45 11 23 33 47 20 18 7 15 28 1 11 44 4 21 18 38 43 16 49 12 18 15 5 30 37 38 27 34 22 9 0 46 6 4 20 5 29 19 48 11 49 49 46 47 4 5 17 5 32 48 7 31 47 3 9 50 48 48 26 26 46
45 29 8 21 29 38 4 11 45 8 36 0 37 12 34 25 46 5 9 44 40 27 0 43 19 44 15 45 36 29 47 12 15 46 48 1 12 17 44 31 37 6 44 49 41 10 13 41 40 9 45 48 8 3 7 39 20 5 47 37 46 46 13 12 34 47 11 45 31 25 14 22 7 37 0 7 41 15 46 22 33 22 36 32 7 27 48 9 40 41 39 21 42 32 17 25 23 17 47 31
8 24 43 33 24 2 22 30 24 31 50 22 32 13 40 9 17 27 0 16 24 15 39 25 1 35 48 27 11 6 5 35 12 0 13 36 48 29 4 9 48 34 4 23 37 28 7 46 49 16 49 39 46 1 30 33 8 1 16 26 11 35 48 9 29 12 5 6 41 10 3 26 33 13 17 26 23 20 30 42 36 24 10 1 16 15 10 20 21 18 42 37 9 41 4 2 38 22 46 2
50 34 22 37 2 11 49 24 16 15 15 31 19 43 18 15 44 47 18 32 44 8 42 27 9 50 29 38 28 10 8 47 8 26 22 7 44 19 5 6 20 47 18 21 31 32 4 18 15 50 32 3 13 8 46 40 21 10 23 0 49 50 18 8 23 44 50 49 27 17 30 43 8 7 22 2 18 19 32 2 11 32 47 21 47 29 26 49 21 15 49 42 10 19 36 15 44 24 23 22
2 32 15 48 19 42 44 9 20 35 18 29 23 20 6 16 37 18 33 8 30 38 24 17 15 45 47 1 4 29 29 11 25 42 43 2 37 7 40 50 23 38 42 41 5 20 44 21 15 13 46 50 49 34 19 46 0 4 30 13 3 27 26 45 24 26 43 20 35 15 30 39 41 0 11 1 42 2 5 42 17 16 27 31 22 38 48 42 37 45 25 16 15 10 8 10 4 8 9 25
34 45 39 40 47 12 47 16 42 21 40 26 10 25 28 29 10 24 29 11 15 41 36 29 33 44 4 0 47 25 1 6 41 10 18 37 39 46 24 36 0 28 35 50 35 9 50 15 29 5 0 0 18 43 29 19 3 7 36 15 7 40 10 4 10 36 9 14 21 47 39 21 23 41 24 3 16 31 18 22 39 23 36 44 0 11 20 24 39 32 2 12 43 32 0 12 42 4 27 41
13 0 21 33 3 6 39 11 44 10 41 4 29 6 5 36 17 44 27 14 29 37 17 7 28 2 7 1 34 0 50 14 23 45 38 43 25 39 26 23 45 8 7 21 32 44 33 32 39 8 8 47 8 6 44 28 3 21 20 12 39 46 39 48 46 46 9 23 18 13 31 5 45 35 45 12 44 32 15 4 17 49 40 50 19 50 18 28 12 24 40 9 14 36 34 1 29 49 32 26
11 7 31 49 21 0 17 34 7 49 8 40 0 44 32 22 40 9 44 4 5 35 23 34 38 1 6 1 13 44 29 12 36 24 7 34 5 23 24 36 45 22 37 1 31 28 12 10 49 28 28 43 14 44 46 18 15 35 14 30 40 5 3 7 4 38 17 34 17 19 37 13 15 0 30 34 3 5 29 16 20 33 29 29 29 3 3 19 27 43 41 23 17 22 21 36 15 16 17 22
12 48 5 37 32 18 31 5 50 7 14 44 3 48 32 6 46 8 5 22 23 22 11 45 28 45 45 15 0 26 5 20 30 15 39 34 35 33 46 42 1 14 0 2 9 22 33 11 9 41 18 33 19 10 43 5 19 17 47 10 9 16 31 41 0 15 4 17 21 33 32 32 10 16 27 34 40 46 6 44 17 37 0 28 50 50 50 31 40 11 37 42 46 24 15 11 22 48 47 49
40 18 41 29 43 22 17 15 42 32 16 39 23 19 6 7 45 7 36 36 46 17 37 21 33 33 49 50 39 14 42 12 24 27 20 21 0 15 46 48 7 26 48 24 24 7 3 0 14 16 41 33 30 28 32 35 22 22 35 31 29 10 45 28 5 40 28 14 11 25 40 14 47 11 43 3 29 14 18 31 2 15 30 14 38 4 30 4 6 29 26 10 40 49 31 0 18 10 20 5
47 26 9 1 9 49 31 28 45 37 31 4 42 10 37 41 45 1 3 38 33 24 1 38 29 45 27 3 37 50 42 20 10 15 9 42 26 24 16 37 25 18 48 42 8 32 20 30 13 48 8 42 37 25 11 29 20 36 26 7 7 2 40 31 45 11 17 20 40 15 0 43 34 20 20 24 14 49 26 23 30 3 33 18 13 19 14 14 49 21 36 28 19 5 24 29 10 41 8 16
37 20 24 41 37 46 1 13 48 32 8 33 46 39 4 18 38 12 38 15 39 2 41 1 42 38 12 36 30 4 27 32 41 9 17 13 40 8 12 47 6 27 47 24 46 26 27 50 26 25 41 4 21 25 38 38 2 4 9 45 31 32 25 27 9 33 6 8 21 13 10 45 42 16 28 23 28 12 30 45 45 43 22 25 38 43 23 4 19 34 31 27 6 39 45 15 31 26 14 29
34 23 43 11 28 33 48 36 15 50 27 42 13 18 48 0 10 43 32 8 45 3 6 24 28 42 29 3 15 43 12 19 46 4 7 39 45 8 42 17 43 1 23 45 10 49 43 13 17 43 5 16 23 19 37 17 25 28 39 40 44 23 18 31 33 42 28 14 41 20 42 43 42 47 49 5 28 31 48 16 24 33 16 21 25 13 24 27 2 40 5 18 16 49 29 6 38 14 1 20
26 25 5 47 24 14 47 26 40 28 18 10 34 33 6 17 35 49 47 29 33 14 47 29 4 43 30 47 17 13 14 17 4 27 44 36 45 9 43 8 30 36 45 10 16 9 49 28 15 42 28 18 7 26 42 43 1 15 28 34 28 19 35 18 39 43 5 24 17 13 31 15 22 37 5 27 43 16 2 34 45 49 48 32 5 32 20 42 33 28 0 21 11 46 38 23 50 42 9 35
26 34 9 29 28 22 11 36 5 31 12 41 34 49 38 25 40 0 30 14 39 45 2 34 16 37 9 20 49 2 7 37 42 9 29 30 3 6 3 2 22 50 13 38 34 4 45 47 29 45 43 21 48 12 7 9 31 10 39 39 13 25 46 5 40 5 4 14 15 23 20 31 15 6 48 29 10 47 16 28 13 11 45 27 33 29 10 5 41 42 7 14 27 27 33 34 36 20 3 45
20 36 24 3 50 43 37 42 44 25 7 41 45 41 28 26 29 5 3 26 43 1 10 33 45 42 7 39 30 49 1 5 3 13 37 5 36 44 31 24 22 7 30 42 31 32 24 49 21 35 46 43 42 4 31 20 7 42 15 30 25 30 50 7 28 24 8 48 25 19 48 41 0 23 0 39 22 48 4 39 20 2 11 8 50 33 27 17 44 47 47 21 38 35 46 0 38 24 0 43
6 4 22 17 13 17 7 41 22 18 7 35 15 12 5 41 35 21 30 21 30 12 25 4 2 4 23 41 45 8 21 36 3 21 22 3 5 28 27 32 33 28 4 30 1 2 30 45 9 37 30 15 26 7 29 15 23 7 14 11 9 2 12 38 9 50 18 49 28 11 36 46 2 10 44 32 40 38 4 12 18 43 19 1 50 50 12 39 27 37 1 10 48 48 48 2 39 14 12 0
36 45 4 17 29 28 33 17 27 39 50 11 40 16 30 41 24 12 13 15 1 14 21 31 35 16 23 21 31 32 43 20 41 31 37 25 13 7 2 26 24 49 49 38 33 42 24 20 14 21 17 29 26 14 48 34 22 34 9 28 15 35 9 49 4 15 9 44 2 9 35 49 46 29 46 8 42 33 7 1 8 9 44 10 33 32 4 28 17 42 8 16 44 42 5 5 21 29 12 38
18 11 0 47 45 50 17 2 15 8 13 37 14 25 46 50 12 29 21 19 17 32 0 50 41 9 25 22 28 36 19 5 35 20 27 18 26 12 12 29 42 50 20 24 24 33 23 21 17 17 38 8 40 40 3 23 15 27 11 34 25 18 27 21 48 32 28 24 7 37 40 43 12 22 40 42 5 49 44 2 37 7 13 46 27 41 19 23 20 20 21 24 32 40 44 43 41 9 28 25
40 35 4 37 30 10 19 22 17 2 15 36 45 43 21 11 21 39 4 3 43 1 26 0 4 25 0 32 7 31 23 10 30 40 2 22 37 23 3 19 14 50 25 32 33 20 37 33 28 46 25 7 26 17 0 45 42 5 6 43 25 46 50 30 5 32 8 31 40 3 22 34 17 31 8 6 39 21 22 25 10 48 3 34 29 35 17 31 4 11 36 21 24 4 38 22 36 37 27 5
14 34 36 8 32 26 13 27 19 20 21 44 4 4 34 40 14 28 44 45 25 39 31 35 26 9 11 33 10 23 2 16 28 21 33 34 32 35 32 18 44 30 17 42 21 37 4 8 9 45 7 37 41 32 32 10 3 5 15 16 21 42 22 11 0 35 21 28 13 43 3 1 45 2 10 36 41 14 15 30 2 38 25 35 28 39 37 46 4 42 49 50 10 21 26 32 30 25 12 18
5 36 48 26 31 26 45 0 40 19 25 37 22 22 0 48 28 23 33 7 32 13 49 15 24 22 15 12 25 8 49 10 28 38 43 10 38 49 19 18 5 10 44 21 1 3 22 24 11 21 29 17 5 39 27 2 24 21 42 50 3 45 6 38 23 50 45 49 5 13 32 41 0 37 1 49 2 38 47 1 7 20 27 4 34 41 13 44 40 28 42 39 44 44 13 49 45 39 42 33
18 3 49 42 25 50 18 33 48 35 38 36 9 17 43 24 12 35 13 7 16 30 47 40 24 16 2 27 45 36 27 46 21 27 50 41 43 21 46 11 19 39 40 21 3 49 13 33 6 8 26 43 1 36 36 47 39 26 36 13 33 27 25 20 20 35 39 9 12 43 35 16 47 23 8 23 19 31 7 24 21 38 48 23 29 5 42 44 13 3 32 5 6 34 35 43 49 47 39 5
4 11 13 5 14 47 1 23 15 50 46 32 15 11 43 8 24 33 48 21 28 22 42 11 15 1 49 1 20 3 44 35 0 41 1 15 16 39 20 50 50 6 45 38 36 8 33 39 10 47 31 40 1 31 44 10 33 9 13 8 24 32 42 34 50 12 41 44 25 4 43 39 26 33 2 17 7 38 46 37 13 47 22 33 8 17 41 36 28 21 7 40 48 17 1 19 49 47 45 23
29 13 9 0 44 12 22 2 4 50 11 34 40 36 6 21 9 45 34 44 18 21 17 15 9 5 37 41 48 47 17 20 32 3 13 33 43 13 3 7 29 25 43 25 35 29 31 25 6 18 47 30 3 12 20 40 38 46 43 4 22 0 0 15 41 18 35 21 36 30 23 18 18 49 31 38 42 33 1 32 24 24 1 10 27 32 46 25 4 39 20 7 27 48 12 32 47 9 39 33
24 25 23 40 9 33 37 14 18 47 12 33 26 50 36 26 6 46 26 45 2 48 30 42 12 36 3 3 32 31 32 28 15 28 37 4 37 42 10 31 11 39 25 1 35 36 45 47 45 38 35 8 17 33 47 1 3 6 47 3 7 25 5 20 33 3 5 3 18 11 40 15 8 1 9 16 44 20 39 20 18 46 13 32 47 22 31 37 41 37 33 33 22 48 30 18 36 20 44 13
12 0 9 17 33 13 13 18 47 43 16 33 9 48 40 30 4 5 41 7 43 4 32 9 8 15 2 0 21 12 34 30 43 25 22 11 27 37 8 48 32 31 50 17 0 19 44 35 28 32 35 21 22 0 11 10 44 25 7 21 33 30 29 42 3 46 31 17 23 46 37 30 8 16 35 24 44 14 29 49 19 23 42 15 25 41 8 42 25 45 5 19 40 4 43 24 47 42 40 7
6 30 30 39 34 3 30 27 28 18 50 30 29 44 41 8 30 22 45 15 22 38 16 31 16 9 24 10 38 48 20 0 25 18 22 31 5 5 47 5 37 6 36 11 4 1 20 24 22 21 11 17 38 5 34 6 30 39 27 5 29 13 50 49 1 2 36 35 24 36 0 28 9 31 23 27 41 7 20 17 41 1 37 2 23 8 14 32 18 2 10 29 22 19 9 25 1 19 35 44
5 21 17 34 26 47 21 18 18 3 30 22 2 47 34 9 46 40 2 13 26 1 27 18 45 46 22 3 25 4 19 10 12 22 16 20 7 19 42 45 18 7 33 39 22 17 29 18 2 37 37 23 12 15 34 16 0 7 11 5 32 2 19 36 1 23 8 46 43 39 6 21 11 14 7 36 8 9 34 20 47 47 15 48 44 31 34 7 40 20 7 26 11 31 39 9 14 34 33 37
11 18 24 17 50 11 45 46 6 9 43 7 10 21 42 12 8 9 0 31 38 13 28 26 24 23 11 26 12 17 0 20 8 1 41 35 15 30 23 23 42 3 34 13 36 3 12 36 49 6 8 11 45 4 39 44 43 5 31 41 43 38 40 17 23 20 18 15 43 22 15 26 33 15 27 31 39 25 7 18 27 41 9 13 26 9 38 22 31 32 44 1 33 17 8 31 50 32 44 1
41 10 26 22 40 37 36 37 42 39 15 39 42 45 12 50 2 9 32 24 32 49 43 37 46 38 32 4 2 43 13 34 38 2 39 17 45 13 8 16 47 44 18 32 48 39 44 44 40 38 14 15 10 26 5 22 28 15 12 40 10 18 8 9 0 24 47 22 1 20 21 30 38 14 39 43 14 17 2 40 15 49 49 23 31 39 12 36 20 23 5 20 20 28 41 20 2 39 48 33
44 29 23 26 2 8 45 43 23 19 23 6 38 49 26 18 38 37 38 15 24 24 23 37 50 43 14 24 35 20 9 23 39 16 3 24 7 10 22 25 50 6 19 34 49 42 19 46 27 32 46 20 29 4 28 31 42 15 4 41 38 37 21 27 2 33 26 11 0 45 30 16 4 47 50 30 48 42 50 46 21 11 9 17 21 40 49 49 4 46 16 24 32 18 4 14 46 24 34 18
41 11 33 22 17 26 44 48 4 32 29 45 44 45 30 39 25 50 30 41 33 35 20 15 17 32 24 26 48 4 6 26 5 4 16 34 20 25 32 31 18 9 3 9 0 24 1 3 17 12 21 9 1 20 11 20 25 12 27 7 27 43 21 32 15 21 27 25 48 32 20 45 9 33 11 11 48 7 20 12 22 8 15 45 49 19 6 35 17 24 0 35 49 40 15 45 33 17 36 48
12 41 18 48 30 22 25 26 15 28 17 48 16 48 45 28 9 44 45 46 27 16 17 48 8 28 33 14 33 12 23 43 48 18 0 33 44 31 26 10 10 33 47 47 9 35 40 38 21 15 29 37 32 20 1 17 28 22 46 16 45 27 46 35 28 0 14 46 48 27 24 20 32 2 12 9 29 0 41 4 45 29 28 22 6 27 29 11 21 40 48 38 38 25 41 43 28 40 37 5
31 27 18 17 44 35 8 16 17 30 41 22 15 47 45 20 24 28 18 20 3 0 26 5 14 13 5 31 23 24 28 7 23 34 7 43 41 41 50 13 18 13 44 2 4 21 39 41 17 34 22 0 23 7 37 10 14 36 24 19 45 6 36 23 37 16 7 23 38 21 18 2 42 34 14 15 16 41 44 9 7 6 26 26 18 13 6 29 22 33 12 20 5 4 33 3 27 39 38 37
31 27 5 42 25 13 43 23 8 17 24 47 43 0 20 12 42 50 36 28 43 9 4 13 31 38 42 39 0 6 50 27 9 49 9 33 35 31 1 49 49 50 41 22 24 42 36 5 26 38 34 15 10 11 22 2 15 47 42 42 18 2 29 3 2 40 6 22 2 8 42 4 30 44 7 5 17 9 23 41 41 26 38 37 16 28 40 11 35 34 14 26 12 23 32 38 49 24 6 18
10 32 14 35 4 40 21 34 7 7 20 19 9 50 17 8 0 37 24 0 26 12 44 11 45 22 5 41 27 35 50 21 50 18 50 2 2 5 27 22 30 7 12 44 24 44 7 32 36 50 22 6 21 45 24 10 31 1 12 45 15 0 37 40 8 28 37 13 26 28 15 25 28 4 23 6 33 43 24 33 41 5 23 47 17 45 42 42 39 13 23 27 50 0 4 36 17 18 50 10
2 34 3 31 32 29 42 14 50 44 0 32 32 17 47 29 1 48 19 42 27 42 37 25 0 12 7 21 5 47 10 41 42 38 31 9 30 10 19 11 21 9 50 9 39 2 11 44 23 1 22 32 0 0 7 39 47 46 35 46 37 31 26 8 45 45 45 10 33 26 43 46 8 26 36 38 17 36 47 6 31 49 43 37 44 39 44 31 11 31 44 21 50 1 36 26 21 27 11 14
20 36 41 27 36 16 27 5 7 23 40 31 30 3 46 9 33 43 16 18 13 43 28 12 44 9 14 29 38 30 44 17 43 49 32 39 11 28 36 18 32 28 43 8 28 22 2 48 12 5 29 24 14 38 27 23 42 10 46 47 43 26 44 7 50 47 21 37 26 46 35 37 37 9 0 36 15 12 22 14 26 38 43 14 41 35 25 45 18 4 48 36 48 33 38 12 50 4 28 2
35 7 19 15 47 11 21 0 50 17 24 7 50 34 50 7 17 49 1 15 26 34 42 19 45 7 27 24 21 38 30 47 27 25 23 38 2 42 29 18 46 3 1 26 47 13 20 14 15 13 40 23 17 11 18 18 1 10 45 6 29 28 28 35 35 32 47 48 2 43 1 15 3 5 1 7 27 3 10 35 33 19 32 17 50 3 25 3 13 29 27 17 17 19 15 18 46 49 43 1
29 23 24 34 15 38 12 42 14 37 45 41 42 19 43 17 26 49 40 48 49 0 15 0 38 25 2 43 39 20 27 17 9 16 27 47 13 14 48 48 38 45 8 8 32 13 30 13 34 27 1 8 41 28 41 35 39 3 47 28 23 39 40 12 29 12 50 2 40 23 40 21 38 48 1 30 41 37 2 11 50 43 46 28 38 19 44 23 14 26 2 31 43 44 1 22 18 34 31 3
29 21 3 25 18 37 17 11 36 49 20 18 44 21 24 17 28 44 24 26 38 36 43 34 7 30 28 0 18 29 23 28 33 46 14 24 49 47 27 43 23 19 12 28 0 40 49 25 34 24 4 44 17 40 50 40 7 10 39 34 39 13 47 9 44 45 28 11 22 15 32 33 20 4 15 46 18 9 46 48 36 14 28 10 23 0 9 16 11 5 15 31 20 15 44 29 42 26 3 5
44 13 16 33 45 29 11 26 41 7 25 32 11 4 25 39 26 4 35 37 49 30 32 49 41 36 39 32 0 22 12 41 4 12 39 37 30 4 20 5 6 43 44 3 50 7 12 11 16 44 1 43 6 31 25 32 12 11 24 20 47 46 5 35 24 30 31 0 39 31 34 29 30 16 15 42 3 16 28 41 43 12 22 43 21 13 50 12 22 3 28 3 47 28 36 0 34 31 15 26
3 4 44 29 41 15 0 44 47 4 47 47 37 38 18 38 24 16 21 14 50 48 33 48 9 43 33 41 43 8 45 48 43 49 24 7 14 18 40 11 24 21 29 35 4 5 6 4 38 41 32 50 17 34 19 42 4 24 29 2 12 35 33 31 33 9 29 49 10 25 29 5 23 14 38 42 12 27 10 17 34 16 41 30 43 35 0 45 8 13 36 15 11 35 16 27 27 0 12 41
21 49 46 14 21 11 41 36 14 22 3 39 34 41 7 45 21 1 41 14 9 46 39 47 10 48 43 46 17 24 49 32 16 5 21 5 39 2 10 10 33 18 33 4 32 14 25 0 49 39 15 13 44 11 23 25 39 10 42 31 3 18 38 6 26 46 5 49 5 14 36 41 29 29 7 30 30 27 29 49 18 43 24 18 21 24 39 7 6 44 16 14 47 35 7 22 30 44 42 20
7 22 6 30 14 34 27 15 24 38 31 21 36 16 36 0 47 48 43 20 46 28 35 18 43 36 11 7 43 28 31 21 32 5 12 27 48 46 32 48 5 13 4 29 16 5 49 45 22 24 27 0 21 2 35 4 35 19 22 11 38 3 1 38 32 4 16 18 18 20 6 8 36 32 17 21 3 41 9 26 30 42 18 39 41 43 48 36 0 20 37 24 36 40 42 1 43 47 36 43
28 31 3 28 4 3 47 35 32 18 23 15 8 39 41 44 38 30 25 22 33 36 18 49 28 7 12 6 15 9 33 50 42 31 9 9 31 6 47 50 46 10 38 44 22 7 5 29 25 1 5 32 1 31 8 14 11 11 1 33 11 37 36 17 17 29 45 29 26 19 9 18 36 43 38 26 35 21 37 10 8 2 22 40 25 15 41 23 45 10 42 45 28 43 44 21 4 3 10 3
40 20 4 25 18 38 0 19 3 22 9 46 19 24 50 31 22 36 10 7 15 48 38 9 36 17 15 43 18 27 8 31 31 40 10 47 8 21 42 42 30 40 19 18 46 8 22 11 9 44 33 31 24 41 11 2 12 13 40 15 25 2 46 30 38 33 18 37 29 43 2 3 0 27 14 13 40 27 44 21 39 42 22 23 8 0 18 26 40 46 9 20 2 50 12 45 29 45 26 46
23 38 50 25 26 15 2 2 0 8 32 23 14 24 49 48 48 22 44 9 9 12 28 50 12 22 24 34 29 28 34 0 11 14 20 12 24 30 6 13 37 8 43 0 22 6 49 7 12 13 7 30 45 37 17 47 35 27 21 8 22 12 26 7 37 22 46 49 28 1 6 46 34 44 32 18 14 17 45 33 26 45 45 33 9 11 8 9 24 41 47 12 5 35 22 20 43 32 40 7
31 22 47 22 50 17 10 24 29 25 4 11 35 4 2 24 43 5 15 10 31 42 7 35 36 32 31 26 3 43 23 8 34 25 30 34 34 2 35 47 11 3 45 29 38 13 37 17 44 45 49 25 27 6 42 12 6 22 34 24 26 38 6 43 9 35 0 5 28 38 49 5 18 44 2 30 8 5 29 17 29 49 17 4 34 11 46 45 41 3 46 43 35 31 9 14 46 15 16 27
10 42 49 35 40 4 7 23 29 9 46 8 33 21 49 6 34 27 34 48 42 18 36 40 5 12 18 21 20 33 33 50 48 19 9 44 8 46 21 31 13 44 5 19 49 31 12 27 34 32 22 17 15 5 4 20 33 24 18 10 31 45 46 42 15 35 2 12 24 5 41 4 29 29 5 27 9 5 43 7 4 50 41 46 32 26 6 4 18 13 49 39 31 9 27 15 5 36 21 23
0 12 49 47 3 7 50 39 0 15 39 14 32 1 23 10 45 12 23 38 38 3 4 42 7 22 8 50 10 44 6 4 44 38 45 31 20 49 39 1 50 10 14 33 7 49 19 9 9 40 41 15 47 46 46 15 47 0 29 23 23 16 27 19 6 48 37 25 47 50 13 30 32 3 9 29 12 42 40 6 28 49 33 8 28 19 21 1 18 13 15 30 2 12 5 39 37 17 33 49
18 26 5 9 18 13 31 46 18 25 26 20 5 4 46 34 26 4 40 26 14 50 6 32 29 9 49 19 15 41 44 19 24 19 5 47 13 46 21 48 14 49 34 50 41 32 14 15 10 17 4 22 28 0 13 20 38 19 41 22 31 39 11 40 9 50 21 13 30 44 38 18 24 20 49 24 20 20 9 10 50 1 10 5 2 30 21 0 8 49 41 11 2 25 26 44 34 36 9 24
40 8 34 43 4 10 14 10 29 37 35 47 19 29 49 15 14 29 1 23 40 39 50 49 1 6 33 33 5 40 28 15 5 33 20 34 10 6 29 12 6 39 7 3 36 47 16 16 34 30 41 37 16 36 19 28 14 31 24 47 40 22 30 4 32 50 33 46 12 13 28 13 31 5 48 22 13 14 10 33 14 14 28 42 5 3 49 34 28 48 30 9 17 30 9 19 3 24 35 39
47 26 33 9 37 41 18 22 35 27 47 31 49 29 23 36 36 37 19 16 42 28 23 24 1 26 29 8 19 29 20 0 3 30 46 42 21 22 4 28 36 10 40 9 4 16 24 26 38 42 34 30 4 35 27 41 45 29 27 39 44 11 9 19 5 16 13 24 47 29 0 2 49 22 35 46 40 48 28 46 19 4 45 9 46 49 4 34 0 37 35 23 32 4 32 4 5 19 6 7
20 40 28 7 18 32 25 43 8 40 47 36 43 28 25 7 19 41 14 12 40 9 35 26 41 32 10 26 10 17 18 40 27 36 25 39 25 6 36 24 4 2 22 49 20 30 42 37 21 47 27 21 37 19 0 23 23 24 15 44 0 35 9 38 5 38 21 22 28 23 17 33 2 39 46 17 20 28 11 7 6 19 21 24 47 26 23 22 42 8 15 11 38 17 4 14 41 48 46 47
12 24 4 42 20 42 12 37 23 15 12 18 4 6 25 4 29 35 27 41 4 17 19 37 33 15 49 9 12 6 12 25 4 50 32 23 5 20 28 35 17 42 39 3 45 23 18 35 35 0 47 31 10 18 49 46 35 45 33 42 20 49 32 40 14 38 38 42 12 46 16 32 13 16 42 4 31 7 2 1 1 48 46 3 44 45 13 31 3 21 24 0 15 18 16 33 4 42 18 5
48 10 26 17 2 0 1 26 46 45 29 46 49 3 0 43 13 34 39 7 33 10 48 15 6 31 11 5 27 22 30 37 28 27 8 37 22 47 7 28 19 39 30 36 36 35 1 31 30 29 47 10 2 36 4 23 34 8 10 20 24 10 40 46 36 9 44 31 32 4 38 26 33 31 26 2 4 46 19 7 16 3 31 48 7 42 10 30 12 29 18 13 34 10 27 40 28 33 3 50
49 9 19 24 50 48 8 23 47 13 25 13 49 39 5 10 9 42 34 1 35 16 13 18 36 9 48 49 34 24 30 47 48 26 45 46 6 27 14 40 50 18 10 2 31 21 19 28 41 2 13 10 1 48 20 30 45 0 47 3 31 40 26 41 11 22 1 34 49 5 21 3 39 45 4 37 7 30 43 3 36 2 37 3 4 3 11 19 0 23 48 39 42 4 4 17 49 14 28 26
2 13 38 10 49 7 19 4 35 49 40 23 13 23 1 41 22 32 29 9 40 41 49 13 23 33 18 34 19 34 20 8 7 14 47 12 41 12 49 29 50 32 13 5 10 29 32 11 25 37 40 17 46 36 41 10 50 6 26 18 17 36 42 2 14 17 35 12 50 7 19 35 23 4 18 23 41 36 13 5 45 34 18 19 26 31 9 29 6 2 5 41 34 46 42 25 24 30 15 5
16 45 5 34 16 23 27 21 37 13 24 30 21 37 28 14 6 8 49 2 36 16 42 50 48 2 18 21 32 44 6 30 42 48 2 45 16 35 8 8 13 20 29 35 5 19 33 19 8 23 29 9 32 33 20 24 45 33 32 36 47 39 39 24 40 31 21 49 11 10 9 28 17 22 50 47 27 15 32 37 37 47 40 49 39 32 18 49 1 29 23 34 39 43 39 31 29 33 37 6
30 27 8 35 26 33 12 43 4 45 0 15 3 23 36 20 43 34 36 26 1 50 32 3 25 3 42 7 32 41 9 41 39 22 42 11 15 36 47 13 0 19 38 19 49 41 26 0 20 5 42 36 15 2 3 49 9 26 22 11 3 37 35 40 36 31 43 20 32 16 5 48 18 8 24 33 9 24 15 33 40 50 31 29 8 50 43 38 23 14 50 18 28 3 50 47 18 40 42 8
46 43 14 19 16 16 35 28 9 17 12 31 6 36 20 29 5 19 46 12 37 30 19 48 25 40 8 48 7 2 36 0 8 6 38 32 39 20 49 11 31 4 16 5 0 1 4 32 1 0 2 30 6 20 23 17 26 27 48 25 3 41 15 13 9 36 1 22 7 11 14 30 5 22 13 1 0 24 37 36 15 48 43 46 42 49 27 43 0 23 35 9 45 27 33 48 29 28 16 0
42 16 39 40 10 25 17 43 36 16 28 41 17 4 27 30 46 0 17 14 27 32 15 21 38 2 37 13 31 39 9 13 12 37 29 4 30 4 0 16 5 49 6 1 39 33 36 45 40 17 30 33 23 39 5 18 12 15 25 4 30 24 48 24 7 26 22 25 23 35 21 36 26 15 32 21 26 20 48 42 9 39 30 0 3 7 4 33 41 17 45 49 4 49 24 49 36 47 37 41
18 5 44 28 44 35 34 37 47 5 50 46 30 9 42 35 13 19 15 43 4 40 43 5 13 40 37 1 16 39 15 20 44 14 32 14 15 46 34 24 20 19 48 45 23 29 38 27 11 48 0 45 24 39 30 45 26 35 48 6 40 47 3 41 39 36 2 48 37 47 20 34 5 19 31 18 11 33 25 5 11 3 27 19 48 45 17 34 20 31 25 1 0 43 2 22 35 23 20 10
42 43 46 7 23 0 12 12 22 18 38 12 5 39 24 16 41 30 17 27 24 8 36 29 7 21 33 8 11 41 17 12 0 45 35 1 33 28 30 34 22 15 38 26 16 44 30 38 16 17 45 42 30 23 48 39 10 40 2 18 16 48 42 28 33 28 21 41 49 25 42 42 8 39 39 1 44 25 45 9 40 6 44 46 42 3 3 36 47 30 31 4 49 8 35 35 0 34 10 46
36 14 36 31 26 7 40 35 48 43 43 6 5 18 26 7 4 32 32 9 9 22 49 6 49 11 38 2 2 20 18 41 4 35 26 16 47 47 13 22 34 22 16 35 46 22 46 45 20 38 30 8 25 4 13 2 33 42 0 39 47 40 29 15 48 5 28 41 34 5 16 5 42 37 35 0 12 7 2 9 42 39 38 24 44 35 18 45 42 29 12 23 13 27 42 28 30 38 39 16
5 31 3 23 47 29 45 11 28 39 16 3 9 15 41 48 5 6 11 12 4 36 2 32 11 37 10 8 48 2 4 27 19 36 7 44 21 37 43 29 39 9 5 1 41 11 14 45 32 25 40 19 39 35 41 25 20 8 26 38 1 31 3 20 32 5 10 19 22 43 38 1 10 13 29 25 26 50 13 21 18 15 5 31 28 32 39 1 7 25 34 21 41 22 17 34 38 41 19 9
22 22 26 8 43 2 19 38 36 13 40 40 45 11 22 41 36 7 22 4 4 45 17 34 44 30 37 21 29 8 35 41 2 33 20 28 17 45 41 27 38 34 20 8 5 20 24 6 28 27 19 43 4 14 10 33 17 47 24 50 17 18 38 19 48 5 15 26 33 39 49 19 43 13 5 25 13 22 0 5 33 11 30 24 41 6 45 9 7 38 8 28 12 46 28 50 42 43 28 18
7 29 6 24 27 16 36 24 2 18 30 43 0 0 25 46 38 27 50 45 27 44 35 38 10 25 8 32 5 23 24 31 36 13 47 2 14 29 15 14 18 25 31 20 13 14 23 46 9 18 45 18 50 49 21 48 7 11 30 44 16 39 9 34 33 23 10 35 45 23 3 17 36 36 5 10 25 10 20 34 10 26 38 3 1 3 22 26 47 20 17 10 19 41 13 2 37 14 26 32
41 12 28 20 26 13 15 5 27 12 8 2 39 0 5 6 11 37 18 38 20 24 31 24 17 32 9 3 12 19 25 3 24 13 6 13 38 7 49 35 7 2 5 10 38 33 48 25 28 22 41 45 2 7 25 49 4 46 48 37 24 26 45 20 1 42 2 25 5 22 24 19 40 4 35 11 23 9 38 32 19 21 16 24 26 38 35 48 34 18 6 1 20 0 6 23 41 50 31 28
7 19 7 18 36 37 37 40 44 33 25 17 36 45 45 26 5 9 44 34 28 2 28 48 11 0 32 7 7 34 17 1 18 32 34 34 23 39 14 3 42 20 5 12 46 35 24 12 25 39 13 13 10 6 50 49 35 13 30 23 47 17 1 20 48 30 34 48 45 3 13 11 33 36 41 27 2 21 24 16 43 49 17 20 0 27 1 25 30 12 29 12 22 40 36 20 35 39 3 2
36 34 48 50 30 28 45 40 36 26 14 3 49 27 2 1 43 24 5 10 6 28 36 1 28 18 23 43 11 27 44 8 44 5 34 25 47 36 7 10 8 30 22 48 32 38 15 2 5 15 6 26 7 11 45 0 36 38 38 31 13 39 37 47 32 3 1 19 38 47 19 38 41 30 34 24 42 28 48 33 9 37 5 7 16 38 48 32 5 49 20 4 17 6 33 29 32 4 41 23
39 43 3 14 48 42 25 21 43 35 16 5 19 39 15 48 40 25 32 11 35 42 29 27 49 47 31 43 14 28 15 12 43 32 16 31 46 30 32 19 21 6 15 28 24 48 35 32 14 44 2 4 14 1 40 21 23 21 30 14 39 10 28 9 21 21 3 16 4 21 49 40 1 19 11 15 50 40 6 0 31 33 46 20 17 34 50 19 25 21 8 34 15 9 11 32 8 31 5 8
8 30 2 24 4 21 42 39 33 20 19 16 24 30 0 40 10 2 22 10 2 41 10 50 41 37 26 37 28 37 42 35 3 15 18 34 7 33 48 43 33 46 38 44 19 50 12 38 31 39 20 0 35 11 13 27 16 8 31 8 50 31 36 7 30 41 37 0 41 32 9 38 0 42 1 30 36 30 41 20 47 35 13 37 32 28 25 5 12 50 44 9 7 24 46 5 21 29 41 49
13 40 6 50 21 31 38 24 7 2 39 4 9 49 28 33 38 39 19 40 1 13 47 1 0 0 37 7 22 30 2 47 19 24 26 23 40 2 35 9 19 45 16 25 34 14 21 12 30 14 8 16 28 38 19 14 32 10 14 30 2 44 21 42 42 15 16 21 9 36 31 15 46 6 41 24 2 1 1 41 29 3 27 8 29 36 32 50 39 12 23 47 22 18 50 48 42 13 7 11
25 31 10 47 44 29 40 28 20 4 27 37 49 22 0 15 46 32 30 11 20 48 38 25 47 49 15 4 4 13 40 27 40 26 21 8 1 39 27 33 1 12 27 38 27 41 0 25 31 14 2 19 24 40 35 45 12 36 25 12 7 50 16 12 20 43 24 44 1 41 27 24 17 19 45 11 23 16 40 47 16 18 45 16 12 21 46 37 34 12 14 35 23 1 10 5 13 36 48 3
8 49 48 27 49 0 43 2 41 37 44 0 10 49 31 33 43 8 29 11 2 45 2 1 31 12 14 34 27 17 12 15 9 29 36 50 10 46 27 29 33 19 5 23 19 47 32 49 4 46 18 4 15 12 43 0 16 47 6 44 25 30 47 40 46 13 43 27 50 11 3 11 27 13 47 6 19 42 44 18 41 3 27 14 28 40 8 30 16 50 13 35 2 8 31 6 24 47 37 44
38 0 26 2 16 2 33 45 18 22 50 9 22 18 21 41 28 50 43 44 1 27 33 1 39 2 0 30 0 30 11 13 14 19 1 28 37 6 27 47 17 14 41 41 29 1 28 36 37 42 38 30 45 47 19 23 31 38 16 24 27 21 47 10 17 4 29 27 18 3 29 0 9 37 38 34 19 29 10 33 39 26 49 35 15 22 27 48 41 31 6 1 49 47 50 8 15 45 48 17
19 46 13 36 24 17 31 38 31 30 11 6 9 13 33 33 13 26 36 8 27 43 47 12 7 29 29 11 17 30 35 1 8 45 12 9 26 18 31 29 41 0 6 48 37 14 36 3 25 6 27 5 34 1 43 46 12 47 6 34 25 28 34 22 30 39 14 27 38 44 6 41 8 47 47 26 21 22 49 36 7 8 8 38 1 0 45 22 3 40 24 22 27 21 48 18 20 49 28 44
34 8 33 8 38 19 31 40 48 25 32 18 4 18 42 5 39 1 1 4 42 13 16 26 6 9 9 17 38 17 28 28 12 31 2 35 45 44 18 35 19 24 26 34 41 46 1 20 18 10 44 45 7 14 2 24 46 19 21 21 29 35 37 33 36 47 2 26 44 9 38 6 21 35 8 6 35 50 25 8 35 6 6 46 20 7 7 23 1 17 20 26 7 45 32 12 23 33 32 32
27 37 6 8 47 0 39 3 8 3 37 6 9 3 16 39 37 9 45 39 42 29 33 23 21 41 36 12 31 40 11 9 39 31 20 5 48 12 2 12 4 5 5 24 21 27 5 29 33 41 18 18 2 46 43 17 33 31 18 45 17 35 7 5 45 21 50 2 24 17 48 5 43 49 12 31 28 6 41 28 19 39 24 47 48 8 3 13 25 29 21 30 45 9 35 17 36 49 7 29
8 20 44 49 20 50 37 12 25 31 12 28 41 7 23 26 19 40 38 0 9 6 39 40 0 42 14 9 17 5 50 0 14 32 16 27 34 3 33 43 46 27 42 19 39 7 35 39 25 31 37 35 5 50 17 28 36 47 25 43 4 49 16 21 1 18 41 48 48 40 20 5 40 11 34 21 12 9 22 16 27 22 20 10 50 25 11 34 47 33 41 20 14 41 21 17 43 43 43 31
33 0 45 32 30 30 25 40 50 50 50 46 39 16 18 26 32 12 46 45 16 7 12 40 22 50 12 21 17 9 43 27 47 10 6 31 3 45 18 31 34 0 41 31 25 34 42 9 25 29 8 14 39 34 35 44 24 49 33 10 25 30 46 43 24 14 32 34 24 22 29 18 20 46 7 5 21 1 30 37 1 25 17 27 2 28 35 25 11 21 42 34 16 20 11 23 15 41 46 9
25 45 38 27 24 15 31 9 30 6 26 25 11 24 24 14 34 4 33 34 20 1 44 17 29 32 25 4 15 38 15 0 23 8 29 10 15 48 44 5 16 37 36 26 0 5 38 41 35 22 28 30 29 10 15 44 35 20 44 6 49 19 15 15 24 44 40 37 7 45 19 11 23 47 15 28 34 21 3 23 39 0 7 3 11 36 34 18 47 7 24 7 12 2 22 1 48 23 34 23
1 31 12 16 6 27 13 10 49 2 9 8 50 11 16 22 45 29 6 21 45 17 26 46 27 21 7 26 13 45 19 32 50 8 32 1 29 35 5 43 12 26 44 35 37 33 36 50 31 22 33 45 48 18 30 38 37 29 35 32 34 17 49 6 47 0 18 28 12 34 37 7 36 1 16 42 47 11 2 25 21 13 39 29 30 6 47 41 36 19 9 44 19 0 17 16 11 2 13 6
49 1 13 16 46 5 13 13 21 23 23 24 30 14 34 5 33 23 32 2 41 28 30 16 46 40 36 45 24 40 43 38 43 28 8 37 46 26 46 40 5 47 42 33 38 47 4 38 22 12 20 16 3 29 7 18 40 10 46 44 21 48 28 4 12 2 47 2 46 38 26 15 25 32 37 45 8 15 12 42 18 6 32 1 13 29 0 29 10 47 35 5 21 13 30 4 1 22 47 36
6 48 18 12 41 16 45 13 33 13 0 42 11 4 3 8 40 40 9 24 47 13 6 18 29 27 38 16 49 43 2 13 5 22 3 4 45 9 27 42 32 4 50 4 15 24 28 41 26 23 8 13 34 25 29 44 50 20 23 41 26 28 5 29 7 32 36 29 8 7 9 22 44 13 45 41 30 14 20 42 4 22 50 9 1 23 5 46 12 0 12 10 36 24 7 22 49 19 33 49
17 42 49 30 16 27 26 10 12 27 8 14 31 36 19 23 0 16 49 33 42 38 24 47 43 6 44 9 4 16 8 41 1 45 45 44 46 47 32 23 19 6 21 34 8 1 4 23 36 16 22 43 6 21 14 49 2 24 18 43 17 29 6 26 9 9 9 36 1 4 40 44 3 41 20 16 36 23 17 49 20 45 0 19 38 43 12 10 48 1 29 42 17 45 7 47 32 45 47 38
33 49 17 45 11 9 8 37 12 24 13 22 28 15 49 22 34 35 44 1 18 44 44 39 50 8 19 1 12 19 48 19 28 21 5 46 28 29 22 10 29 37 38 6 22 13 40 26 31 50 30 49 28 45 13 21 19 16 47 7 1 9 35 14 41 49 8 13 13 28 5 38 43 25 43 32 36 13 45 8 13 4 13 14 28 15 44 11 46 12 38 19 4 38 7 17 47 24 40 7
27 15 1 42 20 34 34 47 33 0 44 11 47 23 3 2 18 34 24 30 12 16 27 34 32 26 5 14 42 32 29 14 45 9 15 14 25 32 3 0 25 3 22 18 28 10 33 3 18 48 2 40 46 14 2 13 14 27 40 2 6 38 5 42 11 27 8 9 44 11 40 42 46 2 47 31 13 47 24 2 38 31 0 8 17 50 42 47 1 41 22 30 10 0 22 10 30 42 49 12
18 37 6 37 15 26 40 49 23 18 26 17 45 19 6 47 6 50 36 4 22 36 9 2 45 1 13 0 25 2 37 42 8 6 22 33 44 3 20 29 6 1 27 6 39 37 3 39 13 37 26 6 11 44 37 42 10 28 10 26 25 0 32 37 37 16 27 18 46 28 21 48 6 12 38 3 43 32 5 38 1 39 17 24 14 4 1 18 27 37 7 27 44 46 39 21 48 13 39 32
49 34 7 17 32 32 29 48 31 24 29 14 18 18 7 35 19 28 5 47 30 23 25 28 27 16 34 31 14 50 39 26 37 12 11 37 11 28 23 27 33 4 50 31 44 17 24 14 49 5 31 13 8 19 37 12 31 13 12 35 34 41 46 42 18 43 39 26 18 14 37 3 16 17 18 20 31 39 8 20 13 21 36 47 34 27 9 29 30 32 16 22 33 8 25 4 45 27 3 40
30 18 23 12 19 21 6 6 47 6 18 21 33 49 8 28 41 15 32 43 2 43 32 1 19 5 27 26 41 18 33 46 18 29 20 49 12 0 31 46 43 40 45 19 17 37 3 28 31 19 16 47 4 20 26 17 42 48 0 25 21 17 38 19 47 45 8 20 24 38 37 34 12 29 16 0 12 36 3 11 0 28 4 4 35 25 15 14 3 7 22 24 35 33 2 6 33 0 27 30
11 3 41 36 48 4 14 21 39 49 20 19 19 18 1 18 14 15 38 19 15 10 18 30 33 27 32 30 25 24 25 33 20 0 29 1 9 40 43 33 27 7 46 49 48 6 33 45 20 7 10 13 28 42 12 27 3 24 22 34 18 44 41 23 0 41 30 6 38 43 50 42 42 38 35 2 37 13 50 30 3 14 7 50 37 19 29 13 41 31 7 41 9 43 46 28 9 49 50 45
41 4 38 30 47 5 18 9 0 37 18 43 8 14 34 2 27 46 23 16 12 17 2 25 0 24 37 17 43 37 45 20 47 23 0 18 3 42 20 10 10 3 36 10 32 27 6 44 14 17 25 8 7 50 10 3 10 44 23 17 15 2 48 38 2 18 6 21 46 5 16 35 19 24 18 7 21 6 40 25 1 48 25 50 16 18 45 31 31 14 42 48 21 4 47 9 48 23 18 43
5 26 50 37 43 45 9 49 25 19 4 6 6 27 47 15 25 12 12 2 33 45 50 20 47 38 30 41 50 36 18 20 30 18 32 16 46 15 17 14 26 40 5 6 23 35 10 30 10 32 28 10 28 22 17 14 47 0 27 40 8 29 22 7 44 46 35 0 19 18 14 37 15 38 36 22 26 11 44 49 4 1 50 37 14 46 7 47 1 24 27 44 21 44 30 24 26 5 4 27
84 29
50 85
93 23
3 47
71 92
