100 90
1 57 33
1 59 53
57 9 25
1 96 60
57 77 11
9 99 26
1 83 67
9 56 94
77 22 75
56 60 27
77 8 23
60 44 95
96 3 3
57 36 27
77 20 100
22 89 91
3 81 24
44 33 74
83 38 31
96 17 12
77 93 54
56 40 9
99 66 76
3 10 24
1 53 32
66 82 71
22 76 33
10 84 39
44 39 41
96 45 70
59 29 86
83 30 23
83 79 3
66 61 61
30 7 84
38 91 26
91 23 12
81 13 9
82 28 40
8 90 42
40 72 34
3 51 29
28 2 28
82 97 52
76 86 83
61 4 59
66 27 33
10 98 81
27 37 32
2 43 71
61 68 17
83 95 4
17 64 34
29 24 20
30 12 44
95 25 47
98 31 24
13 49 94
95 85 93
91 21 23
96 18 70
98 41 47
83 46 66
41 58 40
3 94 72
66 65 16
56 78 58
60 75 73
85 14 30
46 19 15
98 47 56
17 63 53
59 69 88
94 92 33
24 32 95
92 11 7
30 50 88
25 54 17
49 5 83
7 42 53
91 73 17
46 34 99
90 71 38
33 35 16
38 15 66
14 74 44
54 100 43
58 70 51
57 87 94
97 52 13
31 67 42
36 16 3
17 88 75
99 6 85
23 62 78
21 55 64
17 80 9
88 48 20
95 26 84
78 17 9 87 70 22 90 30 52 68 13 43 25 18 11 2 47 39 88 7 28 60 98 65 66 48 81 94 72 95 27 41 71 74 80 32 31 36 33 84 8 21 5 77 85 38 89 46 62 100 10 54 4 45 57 19 82 59 51 24 12 16 50 75 97 64 83 79 73 61 40 55 44 42 96 6 15 99 23 92 63 37 56 58 67 3 29 76 26 14
