100 99
1 30 34
1 97 37
30 72 48
97 84 52
84 78 39
72 25 66
72 28 78
78 73 57
25 98 75
28 79 74
98 93 85
78 10 10
79 59 86
10 63 71
93 29 71
10 35 58
30 48 96
48 45 15
29 96 60
45 26 52
97 15 64
26 7 56
96 69 35
84 53 39
73 81 4
15 67 66
45 44 5
67 5 66
67 27 19
48 62 88
62 85 21
53 76 96
25 64 94
84 36 10
28 18 29
78 92 3
48 58 82
18 99 84
30 3 26
15 80 77
7 51 85
78 94 20
92 56 20
15 19 83
96 14 25
96 86 31
14 41 19
51 38 64
81 83 36
69 88 17
76 32 39
7 61 7
19 75 80
83 22 88
78 91 63
41 13 38
85 8 61
64 37 88
3 9 47
30 68 69
37 90 43
84 65 68
67 82 77
79 20 25
35 60 8
7 52 28
29 33 11
51 4 18
29 17 28
52 66 99
82 87 24
20 71 41
81 43 46
32 16 15
51 77 1
45 89 14
59 42 34
89 6 56
90 49 16
32 34 73
68 12 24
29 74 69
35 95 38
90 40 27
3 47 94
59 31 58
79 57 14
78 24 100
26 46 77
59 50 2
90 11 48
94 54 24
82 100 48
19 23 94
36 70 62
97 21 37
23 39 22
21 2 22
20 55 42
79 17 2 13 76 52 23 54 93 65 92 45 5 29 21 31 43 24 81 70 22 85 83 100 44 78 9 50 67 46 66 8 91 82 38 87 73 94 25 69 33 26 61 89 47 68 35 28 39 80 10 34 18 71 53 57 27 86 64 88 96 97 30 12 77 60 4 84 32 62 15 72 40 20 14 90 16 63 19 3 7 56 42 41 49 37 59 36 98 55 51 74 75 99 48 11 95 6 58
