1000 300
1 469 32
1 413 37
413 450 40
1 994 14
469 782 69
1 236 55
782 298 54
1 252 30
252 409 4
469 483 6
483 178 38
298 817 6
817 752 100
994 279 25
236 788 66
817 989 66
989 259 9
752 672 75
259 432 31
432 403 75
403 910 38
252 229 13
469 724 78
229 784 42
298 23 66
752 339 18
279 431 87
432 348 95
23 386 6
469 242 4
788 769 64
1 300 72
279 169 27
752 923 72
450 368 38
169 559 59
252 969 79
252 682 70
969 803 65
769 86 40
559 136 11
483 808 86
298 644 84
803 985 35
782 747 55
450 41 64
386 65 11
41 627 42
969 911 84
279 126 45
559 284 63
483 774 100
298 962 25
989 61 100
284 430 32
236 115 72
994 804 51
994 238 43
126 988 40
627 90 27
403 584 18
368 585 64
339 852 80
348 999 68
430 933 74
804 192 88
61 940 18
242 14 80
923 568 60
672 743 84
238 497 21
238 746 37
682 992 15
923 63 57
782 241 59
368 8 52
985 512 77
430 791 8
298 687 76
339 287 72
430 125 39
784 96 36
287 824 50
483 593 50
483 470 45
483 532 3
627 723 91
923 363 88
769 924 21
992 616 15
229 946 31
911 849 59
63 738 85
992 811 16
774 896 44
126 85 13
559 544 1
61 82 42
896 573 67
808 39 62
923 546 28
774 534 28
774 250 7
672 563 27
969 756 11
593 588 58
743 842 58
824 621 100
682 653 85
588 382 59
512 700 57
585 271 66
382 247 23
994 91 59
386 127 50
1 442 53
946 255 89
803 511 98
532 533 51
450 488 22
339 567 16
431 12 5
247 737 99
559 528 72
470 206 23
431 119 68
90 34 52
621 870 37
756 150 40
339 323 68
368 805 19
432 73 69
532 633 55
127 778 2
409 608 42
82 357 17
125 194 6
431 625 34
368 101 26
8 891 44
271 554 38
625 325 79
588 736 43
192 520 68
736 514 66
96 929 26
756 663 6
206 398 43
723 170 12
747 223 65
723 338 70
989 519 13
532 387 54
363 574 36
791 232 55
483 20 31
588 848 41
90 789 34
774 812 28
403 562 21
573 710 87
554 609 28
514 521 92
962 877 55
533 807 17
398 324 59
653 58 4
789 165 66
700 551 69
534 416 88
736 931 83
546 25 16
849 505 78
115 613 9
588 172 53
300 415 1
58 555 27
534 46 34
127 299 2
101 310 24
891 9 11
284 762 9
616 947 52
387 75 74
663 840 78
14 796 96
450 503 30
242 664 34
194 274 63
805 200 68
413 218 23
870 379 57
992 955 1
947 766 70
931 418 81
488 821 72
559 918 74
125 316 8
488 730 57
125 307 49
75 832 94
737 371 93
946 884 58
255 203 87
796 702 20
546 399 90
316 419 22
738 176 94
803 329 87
778 854 76
514 635 7
532 764 10
947 456 31
724 965 8
931 800 51
398 335 73
418 495 4
357 693 71
756 290 95
559 375 37
746 727 63
300 553 59
1 374 72
608 600 58
947 428 18
743 180 26
416 819 83
82 827 55
782 436 4
505 639 4
929 905 22
819 69 2
544 425 92
807 605 91
743 885 33
483 816 51
737 138 5
784 775 30
398 856 64
789 309 87
559 949 23
368 146 4
86 94 98
804 906 22
962 111 76
774 617 11
20 830 100
687 516 26
639 790 40
259 713 29
842 471 47
905 522 70
812 408 92
300 449 79
23 523 90
593 373 36
172 11 28
247 598 69
63 670 53
743 913 83
693 196 67
307 501 29
842 18 57
918 725 62
39 500 26
840 932 19
408 421 73
232 36 74
252 504 38
600 401 72
700 596 21
382 690 91
965 454 2
252 786 78
299 950 1
687 315 34
999 781 52
169 708 86
724 222 20
192 465 7
23 879 40
585 441 68
222 755 16
75 303 81
756 792 97
503 509 84
727 308 14
386 159 66
598 110 85
25 925 22
693 630 54
786 958 4
786 54 69
61 806 17
528 128 39
399 859 84
250 961 52
236 799 43
929 24 43
786 893 24
885 429 78
567 496 57
11 207 85
933 908 58
955 959 16
913 662 58
730 927 86
870 637 77
428 773 54
63 704 45
222 87 20
207 359 74
325 396 78
959 666 93
8 575 90
398 264 11
555 161 28
300 878 10
284 761 40
46 728 33
483 353 98
430 656 27
807 239 2
34 466 88
20 234 100
497 552 51
442 289 11
856 361 45
200 177 92
918 995 11
913 705 6
136 17 52
789 977 40
415 51 96
786 294 31
931 3 38
180 984 69
811 591 14
161 685 20
1 540 29
239 354 36
817 204 94
25 645 55
567 748 37
379 502 27
298 440 30
670 561 21
893 668 68
778 249 45
575 93 91
955 475 95
375 590 59
856 889 45
119 433 38
800 317 25
111 202 86
54 265 49
192 716 6
516 420 69
786 719 52
399 160 94
373 362 79
553 722 14
161 673 25
279 628 13
161 744 89
456 481 96
724 291 75
766 366 20
645 750 7
528 118 81
298 829 4
605 331 23
807 515 83
379 70 56
554 459 37
450 669 67
488 571 14
761 996 65
773 894 41
284 173 57
374 525 88
830 689 29
633 330 43
778 565 25
483 272 95
401 783 93
223 328 86
908 88 12
540 498 9
789 406 54
69 92 19
303 922 16
804 186 3
497 886 73
406 1000 60
259 577 77
977 132 33
824 938 61
289 795 56
501 48 28
747 327 95
645 937 100
573 66 38
512 912 52
756 915 81
653 507 43
238 453 29
204 833 34
173 22 41
110 464 79
630 618 36
551 772 99
840 993 11
533 179 47
840 195 97
429 283 19
713 809 46
498 199 22
724 658 33
408 217 81
239 578 31
911 44 16
61 622 84
911 380 94
65 53 8
192 106 24
878 814 26
12 490 14
663 296 33
173 974 57
728 518 87
639 301 23
833 754 46
284 757 19
169 19 22
25 801 95
567 936 26
436 215 66
773 423 12
824 21 33
96 954 31
801 601 65
913 863 82
229 80 96
469 142 90
559 182 99
800 767 32
617 513 64
708 356 21
790 998 58
804 721 33
555 235 97
223 164 15
965 508 20
992 113 74
965 211 48
830 943 64
470 779 12
202 221 41
789 651 62
609 851 64
498 104 62
609 758 85
946 643 75
932 107 11
94 815 99
639 145 36
998 987 53
805 914 61
716 793 79
756 541 28
21 71 90
356 887 41
371 967 87
567 276 64
386 228 68
159 787 12
516 185 25
172 676 58
386 981 52
418 280 31
409 383 10
981 570 49
666 880 68
540 285 38
177 424 95
36 219 28
525 882 7
215 934 88
211 939 53
218 365 45
922 631 30
727 27 53
994 688 3
807 270 53
222 116 29
96 457 56
406 435 1
250 372 4
588 452 64
946 732 69
910 43 58
431 31 93
856 903 68
236 785 9
380 397 84
19 108 44
142 536 8
903 438 19
516 701 57
383 926 16
125 122 6
413 597 74
259 220 26
631 983 77
338 709 71
633 346 99
689 143 45
496 837 44
992 394 75
534 205 84
670 292 5
53 678 23
279 753 74
578 589 26
159 531 12
1000 153 66
536 820 63
22 140 27
169 129 20
769 141 77
848 332 1
413 277 70
199 448 69
676 916 9
689 771 69
397 131 1
470 478 70
609 267 90
91 810 64
63 828 76
363 198 8
202 638 96
264 72 31
673 583 10
503 780 78
933 883 92
481 402 64
359 881 74
923 326 30
977 344 27
386 74 25
54 139 23
220 956 2
298 892 40
926 971 83
242 529 44
1 190 7
934 319 63
119 619 65
428 846 92
820 446 61
416 306 71
423 765 48
678 735 60
31 417 30
911 262 26
965 990 65
372 59 100
82 862 16
956 134 35
136 489 6
996 45 39
271 579 21
792 377 2
816 558 25
743 102 27
284 404 27
252 355 13
8 740 45
420 16 54
159 898 10
531 376 81
814 904 80
512 171 92
522 248 23
59 4 45
452 81 56
609 57 93
12 802 36
633 611 61
203 920 38
66 76 50
955 928 87
984 941 42
90 603 86
520 560 58
134 67 74
194 742 20
989 968 69
143 463 52
631 660 90
478 646 72
51 679 30
601 253 21
211 295 9
85 29 30
386 64 23
750 699 61
453 629 44
679 798 44
90 130 97
958 103 27
264 899 90
560 872 79
264 13 10
507 462 54
690 907 29
330 304 95
810 42 40
141 84 27
20 293 99
299 853 45
205 370 90
923 477 34
205 260 59
14 78 66
253 897 30
541 492 28
748 414 91
782 867 81
958 612 87
248 610 2
983 233 62
722 890 77
678 634 63
622 683 100
71 978 63
94 650 38
735 491 49
310 351 37
693 426 99
413 602 65
277 343 47
761 537 51
177 257 2
589 831 92
728 545 69
808 715 7
722 152 40
591 156 83
584 225 37
685 843 67
644 149 26
58 288 3
553 876 26
501 717 36
765 865 45
687 439 56
90 698 43
508 823 31
82 648 40
631 112 84
597 707 14
619 341 42
202 741 24
737 526 59
96 493 57
113 900 11
784 367 80
913 592 11
616 901 55
802 49 33
938 422 45
886 392 90
907 258 97
195 445 83
920 155 94
265 845 48
65 917 59
522 535 65
331 530 12
51 391 94
495 595 100
481 712 2
491 858 68
239 174 88
744 484 10
406 385 73
76 966 11
93 254 93
851 681 87
700 866 94
812 623 97
442 378 39
429 352 81
309 191 89
131 729 78
917 986 12
430 311 85
993 652 59
886 349 28
565 594 78
546 79 69
116 726 43
51 62 16
560 640 89
310 168 66
515 538 82
488 517 75
62 604 18
799 282 27
172 412 51
598 184 88
354 980 32
858 30 78
366 647 28
1000 68 40
999 794 94
786 972 6
317 187 91
249 751 23
717 572 23
926 286 13
596 857 2
374 960 80
462 661 47
533 447 77
883 549 9
787 95 11
43 237 39
820 749 81
792 389 45
630 539 74
662 494 32
806 873 26
503 797 53
920 38 52
477 527 40
391 336 83
900 706 8
758 659 12
13 942 19
84 443 54
93 26 55
13 486 70
986 935 56
255 479 63
469 654 26
735 665 42
602 411 67
232 434 78
594 410 19
149 183 98
933 312 49
169 731 51
990 548 45
146 697 61
656 607 1
16 318 93
837 208 82
96 582 51
994 480 67
150 745 89
978 246 5
765 213 48
808 151 1
913 692 94
452 825 10
126 302 81
160 60 22
332 919 14
959 275 96
172 83 80
886 6 92
842 770 54
302 166 37
859 684 62
610 711 73
572 400 47
748 384 84
966 720 100
397 226 75
555 869 7
904 212 83
303 243 41
248 649 22
391 461 21
243 117 84
731 163 17
766 263 75
71 524 100
511 7 79
917 991 65
672 305 63
264 586 80
736 227 9
567 181 82
16 197 75
13 868 18
275 576 27
915 569 64
650 675 16
242 278 18
373 547 87
263 98 73
391 15 56
238 482 23
500 56 86
658 158 89
241 28 2
284 109 46
701 620 2
48 97 44
432 841 66
326 451 84
462 963 70
854 734 45
906 564 34
84 871 83
215 945 99
527 188 32
811 566 32
166 193 92
825 952 92
126 776 68
465 358 51
516 510 6
475 189 91
876 393 79
39 381 61
193 120 1
719 297 12
684 256 67
676 261 58
757 472 68
508 37 61
786 847 62
736 210 4
660 970 12
505 342 37
746 760 92
158 135 44
541 474 91
493 89 98
907 50 42
51 636 83
504 175 93
7 137 38
361 543 43
102 826 12
920 834 55
172 556 61
365 587 67
219 322 73
267 964 64
628 487 9
974 32 49
884 875 56
788 895 37
120 154 60
128 506 16
272 10 24
431 390 89
880 624 66
959 599 60
681 718 93
396 615 53
383 273 34
742 231 70
380 818 97
685 162 19
365 674 91
524 759 60
253 167 10
919 2 4
166 902 79
307 844 11
125 55 26
430 655 15
616 838 34
785 973 72
807 77 92
965 739 79
438 133 44
410 395 87
830 703 36
445 314 1
166 686 76
926 695 77
31 52 60
630 542 53
228 997 98
355 632 92
192 642 66
847 951 17
900 47 84
732 269 25
289 850 65
578 437 56
179 888 7
74 460 51
655 5 99
498 405 20
432 680 63
507 105 10
122 240 27
326 340 64
756 485 29
6 976 50
704 763 64
98 839 45
987 337 55
59 836 79
242 473 28
107 975 78
730 321 28
925 369 27
259 467 83
793 388 3
574 855 46
252 626 70
310 214 77
876 40 52
707 671 39
460 320 52
680 209 68
666 953 54
425 822 21
355 733 44
471 957 17
842 224 33
64 948 4
403 35 73
840 979 61
158 148 82
457 860 90
815 427 83
588 458 36
789 550 24
825 909 87
185 144 81
959 835 22
631 244 79
396 121 17
844 268 41
618 677 46
191 444 81
24 216 36
690 281 35
298 861 32
331 694 54
799 606 20
541 157 39
509 124 74
894 864 33
152 657 88
913 407 66
972 982 98
97 99 3
34 667 18
983 33 51
463 313 20
825 360 16
465 468 35
252 581 55
116 874 71
727 777 39
769 334 48
833 147 48
604 350 91
683 364 32
514 944 45
398 930 91
682 100 93
460 714 8
422 347 41
268 557 76
931 266 40
679 768 19
494 114 94
819 813 92
190 333 32
948 245 57
594 641 59
142 230 3
300 696 36
882 691 30
652 123 87
87 921 75
811 201 66
542 499 92
130 455 44
675 476 69
27 614 63
62 580 9
196 345 11
574 251 23
211 867 33 614 426 776 48 328 709 641 733 32 997 1000 319 164 843 26 678 644 861 942 267 684 975 213 758 97 980 462 898 505 777 583 703 705 738 252 68 64 499 366 503 253 480 90 809 635 207 299 838 745 801 894 530 203 760 495 978 9 143 140 223 720 676 759 380 730 884 194 417 88 659 126 834 394 796 933 188 824 707 81 837 747 123 751 395 40 125 212 863 629 35 827 386 608 871 774 773 907 73 783 594 489 424 127 149 519 349 542 821 618 3 868 591 195 4 400 431 292 960 275 459 36 814 178 364 875 306 559 601 284 451 467 134 538 442 813 41 890 86 600 419 643 421 729 970 408 673 504 18 804 411 528 197 460 858 139 561 669 611 764 378 265 50 539 373 461 950 350 196 55 141 122 667 6 432 344 771 172 959 946 309 7 12 377 785 518 243 371 397 889 148 208 822 144 381 218 828 628 31 973 232 841 627 847 338 308 728 648 34 632 551 529 616 192 541 443 17 422 882 904 769 830 449 175 399 688 187 229 692 404 44 115 13 675 762 926 254 943 414 250 589 649 387 832 781 410 869 701 345 262 631 925 113 65 988 274 156 201 279 391 425 75 282 430 168 375 897 335 155 633 982 938 602 657 468 719 998 930 448 110 66 458 161 346 27 652 727 883 323 812 71 548 515 695 51 326 958 816
