1000 999
1 164 98
164 111 18
1 66 75
111 532 9
1 560 100
532 134 93
164 135 100
1 218 15
560 486 4
1 677 19
532 120 55
486 907 65
560 146 34
120 83 24
120 727 11
532 90 70
164 989 48
677 864 95
532 749 82
111 11 77
83 401 62
134 848 54
532 208 98
120 224 36
111 36 91
677 192 100
36 131 32
120 87 94
677 420 27
192 21 31
87 212 21
87 304 97
864 978 43
83 327 95
87 276 45
848 580 5
66 866 44
401 10 71
146 423 29
560 491 45
423 412 12
208 270 16
87 862 11
1 69 7
164 782 78
420 125 26
90 694 94
420 942 18
942 639 12
146 13 60
580 925 39
212 263 66
120 640 25
727 475 26
989 101 93
978 341 24
866 259 17
134 935 99
412 772 51
989 518 15
218 715 47
420 3 78
772 759 13
864 162 27
208 122 63
715 272 32
90 118 53
11 722 34
518 386 36
864 572 30
218 643 32
580 685 84
192 974 95
134 225 78
749 843 92
66 618 25
475 56 36
101 441 81
772 860 100
10 718 24
327 226 45
162 306 14
727 719 55
3 297 26
860 461 9
907 573 69
848 169 11
718 895 39
942 79 39
782 566 49
677 867 60
162 911 71
263 37 78
10 614 42
306 488 61
895 58 91
111 533 23
475 855 6
208 324 55
21 444 18
192 824 37
864 528 55
978 899 43
146 339 3
13 85 9
855 438 62
685 789 28
719 510 14
855 342 38
989 873 82
342 706 76
618 277 7
974 657 33
643 522 27
657 26 46
718 948 54
79 904 35
444 483 32
860 594 2
122 240 9
11 814 88
904 670 34
528 530 5
3 385 20
948 144 58
225 881 91
125 50 29
618 807 84
13 737 64
772 335 52
444 910 58
444 75 94
162 413 13
277 903 20
491 714 62
324 891 80
864 760 97
441 459 16
50 757 63
125 816 94
816 552 92
685 536 6
737 427 85
907 921 85
66 635 98
706 450 61
461 852 40
225 114 99
169 804 83
722 854 70
125 195 98
718 750 98
643 514 13
891 237 99
533 601 52
339 442 48
925 541 29
90 394 66
224 815 41
79 147 65
56 165 85
719 119 97
867 733 32
719 771 29
146 430 18
146 801 62
427 644 99
3 71 61
518 439 24
324 630 90
335 156 4
297 920 69
162 60 41
899 853 96
135 244 36
948 913 75
263 357 38
677 495 44
244 695 70
759 67 34
71 792 22
514 19 54
66 642 54
904 313 34
87 405 77
852 926 3
750 132 64
536 535 63
475 175 9
807 370 89
536 103 71
677 206 15
394 682 38
206 301 28
60 840 34
907 4 98
533 184 8
13 610 78
444 308 68
733 713 42
206 185 39
3 399 76
101 57 71
935 797 58
722 506 49
272 576 74
921 449 13
722 897 30
891 211 99
441 243 9
904 574 21
56 761 39
814 140 60
85 500 94
195 877 31
677 563 23
276 509 83
532 137 23
815 900 89
574 250 84
114 190 30
719 666 7
855 691 50
308 539 44
670 377 96
175 841 31
824 655 9
807 693 48
37 8 89
761 632 47
907 349 80
240 302 40
566 650 71
386 575 19
899 281 45
134 905 47
535 744 64
535 288 69
83 991 92
910 457 64
535 994 16
782 256 59
514 512 15
401 227 44
594 39 51
226 458 73
450 499 62
132 72 95
601 12 77
146 182 43
782 298 68
37 189 48
824 551 46
824 681 47
308 383 79
551 939 80
864 649 55
655 849 22
459 754 44
905 271 75
860 938 58
635 732 75
532 609 63
277 798 3
272 426 34
910 407 13
643 197 87
609 825 83
695 435 79
491 205 73
486 943 90
444 356 3
491 984 90
866 321 17
815 24 40
488 634 30
459 409 91
56 366 67
66 322 77
552 918 48
814 481 19
772 92 63
39 806 23
67 121 40
243 397 78
19 180 58
824 996 17
996 746 15
3 569 87
120 440 95
37 311 23
423 549 26
677 944 32
131 136 21
907 84 65
510 371 69
926 868 80
71 827 39
522 319 28
441 524 55
165 274 43
560 469 75
854 599 75
386 269 68
918 545 21
37 124 38
192 960 38
926 922 11
84 273 59
111 126 28
815 742 3
244 261 6
124 927 27
843 857 89
335 234 74
272 669 62
24 831 7
860 81 26
24 432 25
377 629 94
197 967 7
442 734 43
899 675 98
825 540 12
601 767 88
306 45 30
967 381 87
237 738 24
754 567 83
164 42 70
301 602 7
440 387 76
276 317 18
746 38 45
567 482 98
122 934 91
101 183 73
574 902 100
655 571 90
943 945 77
670 34 2
413 956 67
226 826 45
357 726 4
935 505 6
921 570 86
189 503 7
271 148 76
640 970 14
386 923 71
505 507 10
797 562 67
566 648 98
610 59 55
649 251 30
841 933 64
192 683 40
342 336 23
933 741 76
782 813 14
782 334 51
322 98 44
272 858 12
483 799 33
540 88 38
180 765 88
599 170 16
397 445 32
683 731 20
430 418 52
960 278 68
862 769 32
45 664 49
789 982 43
72 331 31
669 821 56
900 961 60
942 885 90
961 104 69
682 236 96
42 965 77
87 548 57
60 901 88
761 238 8
771 89 26
37 151 60
840 973 27
256 388 53
545 128 48
563 647 51
816 142 7
760 828 63
804 159 57
991 823 37
741 839 78
960 626 83
244 725 18
317 621 49
509 193 32
135 930 68
714 454 67
334 446 54
925 239 74
506 389 20
114 352 57
744 959 4
945 898 79
377 275 29
506 720 22
618 86 12
827 784 100
760 766 56
744 861 37
120 846 77
324 850 63
263 258 29
322 382 28
342 161 26
541 368 40
224 709 74
933 690 18
313 348 10
839 246 47
731 414 31
368 400 6
195 936 18
72 672 40
821 296 77
772 452 28
251 94 48
814 809 2
212 702 71
256 886 9
444 704 29
301 940 93
10 254 47
250 299 35
500 172 59
349 290 46
491 96 52
965 590 35
98 47 60
175 351 45
933 179 1
37 5 42
784 337 66
518 992 75
423 832 23
649 267 36
189 27 83
420 110 9
509 494 43
81 950 86
709 980 28
118 674 41
601 966 86
853 696 52
246 711 100
256 808 34
494 703 20
719 158 100
151 431 21
683 774 73
327 847 10
435 521 49
594 582 40
765 660 73
927 253 5
381 863 82
792 554 93
317 529 15
409 523 1
533 73 75
42 687 15
704 91 53
426 284 86
126 496 71
927 875 30
58 447 4
288 597 54
412 487 83
529 7 14
128 127 27
509 592 65
677 598 1
922 851 87
118 600 86
902 266 34
784 878 39
600 70 72
272 929 33
184 553 99
738 294 19
826 888 49
553 756 19
407 663 79
144 249 52
447 963 7
703 788 61
554 743 90
290 844 79
590 740 28
532 287 63
535 689 29
670 971 60
826 661 96
277 200 61
79 107 47
135 173 73
655 422 2
182 467 54
212 233 43
140 451 23
784 958 34
183 392 72
694 555 95
858 946 99
71 968 71
388 917 35
855 577 66
19 260 50
92 318 87
13 217 6
713 606 90
980 153 32
709 204 21
227 986 74
7 906 41
899 593 16
385 464 30
444 359 98
24 822 94
862 222 98
249 155 61
389 988 62
420 41 79
635 791 90
936 49 73
233 779 1
185 957 76
984 113 4
273 561 21
670 896 63
560 480 24
179 376 88
572 493 69
784 220 29
683 408 36
208 196 77
756 785 62
435 63 73
132 764 1
846 28 8
575 455 8
91 796 87
779 292 45
925 115 83
918 622 19
357 778 30
317 730 27
302 186 99
797 651 57
253 859 9
4 752 4
193 203 40
940 316 75
306 176 57
903 213 78
92 671 99
153 291 77
334 362 21
389 221 27
823 364 89
182 557 100
376 692 90
461 937 91
24 100 72
362 975 18
569 31 92
364 947 69
507 830 91
722 112 47
318 338 69
72 289 15
719 139 62
250 456 56
409 892 63
569 585 88
147 474 78
253 129 26
60 636 16
131 154 11
56 686 67
789 123 71
301 216 53
192 62 93
256 344 33
713 712 42
832 812 15
674 18 72
60 964 99
206 415 61
1 588 8
746 889 68
844 109 39
980 95 7
266 627 61
388 210 46
844 268 97
946 473 89
885 531 59
518 61 92
184 835 71
225 805 44
47 710 92
528 379 65
338 465 41
383 717 3
967 145 78
34 616 88
602 207 15
696 894 74
275 361 63
666 758 57
147 987 39
957 688 59
486 776 77
430 105 39
873 662 38
759 102 37
147 819 48
72 748 71
848 354 30
891 517 91
937 52 47
961 999 75
965 856 76
866 305 39
650 396 19
225 997 100
338 870 92
122 343 5
857 209 12
841 466 67
597 838 29
399 51 30
296 619 60
616 472 68
925 624 25
778 977 48
418 745 40
886 355 83
838 525 73
204 247 4
461 773 20
923 310 99
693 587 64
414 879 78
491 793 98
292 485 28
773 564 3
980 373 53
730 893 9
57 228 3
756 620 82
104 404 8
867 547 27
126 802 39
802 520 67
574 607 90
291 484 96
447 433 96
3 417 95
657 865 86
944 550 22
154 230 21
862 167 21
336 106 38
442 780 97
742 583 67
236 872 45
222 393 54
864 443 68
319 255 69
173 617 85
79 880 20
237 198 50
675 46 42
649 149 93
801 954 39
888 171 91
102 820 89
846 611 83
611 293 45
488 638 69
256 347 60
318 887 88
555 391 83
213 654 56
745 76 94
861 168 13
483 264 71
671 77 32
895 684 9
901 995 91
732 48 89
580 9 57
439 739 49
200 833 55
343 32 22
302 428 7
715 202 88
630 252 98
980 402 5
588 325 74
56 976 45
780 981 15
898 631 52
528 411 80
322 16 22
426 436 59
994 406 3
144 615 39
483 241 58
611 384 95
971 537 69
717 492 65
368 44 99
571 448 30
431 556 67
227 332 53
110 584 93
828 470 27
635 257 64
464 578 55
584 478 27
843 949 47
560 490 32
180 794 84
524 608 30
413 955 72
987 30 83
744 698 6
718 97 50
241 476 36
725 242 90
186 375 79
696 916 6
487 350 29
864 99 62
469 360 6
897 437 100
647 194 70
785 676 36
83 178 23
461 527 35
325 952 15
760 751 34
131 378 50
740 390 59
555 215 51
600 883 76
4 468 33
71 871 86
743 653 2
606 283 95
136 914 87
196 374 10
841 543 76
891 419 13
889 235 14
264 613 97
855 579 16
965 43 52
850 187 65
109 497 2
261 673 9
929 707 47
879 581 62
484 596 53
552 328 31
26 724 73
805 912 93
85 511 77
18 326 31
224 565 71
847 568 39
316 229 76
247 2 100
449 29 72
960 150 89
771 262 82
49 645 54
123 951 90
144 884 12
554 280 30
391 188 94
316 20 11
318 307 88
902 516 6
886 346 79
461 800 14
746 836 46
230 680 23
381 513 68
487 668 65
662 762 71
717 502 6
182 810 27
272 219 39
356 586 41
798 736 32
961 701 75
856 811 20
278 735 32
41 367 32
263 157 5
155 65 30
893 248 85
797 369 51
137 637 50
361 74 61
599 116 14
863 398 44
976 534 12
710 605 81
180 697 54
9 380 38
178 919 57
707 783 42
800 15 38
69 941 1
247 882 69
72 471 95
780 477 87
37 932 9
289 526 61
903 395 8
468 708 38
348 990 17
132 279 36
11 729 54
662 558 61
65 245 73
999 314 4
683 659 57
561 117 38
280 6 34
992 23 39
672 285 15
516 329 25
3 504 13
701 501 96
26 1000 62
117 174 22
886 80 34
336 874 75
493 489 2
514 768 82
980 312 3
415 969 40
849 463 77
714 372 16
533 817 87
39 93 89
242 166 31
119 78 76
161 589 2
229 770 14
246 403 55
774 753 41
822 993 47
113 842 27
336 972 53
592 54 75
381 591 96
799 603 66
397 777 95
805 330 33
944 201 91
683 775 86
119 869 87
426 416 15
484 538 35
398 163 3
101 25 66
395 152 78
655 803 62
516 181 64
347 633 16
941 462 26
285 818 56
664 315 87
8 133 76
417 323 35
377 658 92
606 320 38
550 223 33
5 353 70
78 300 31
72 625 57
24 214 67
913 985 11
822 546 93
353 138 99
362 953 64
151 14 23
343 705 66
856 829 21
7 979 79
680 191 58
475 747 27
114 931 52
400 699 50
843 998 79
101 231 45
220 141 79
993 232 72
903 130 43
862 108 16
985 928 24
693 421 16
127 721 50
701 787 6
4 795 74
482 595 28
465 544 58
20 628 30
788 786 66
454 82 82
1 667 63
620 143 78
599 22 41
472 286 35
286 425 16
401 498 28
828 876 32
566 265 36
524 909 76
820 716 6
86 424 29
89 559 85
616 33 88
645 641 47
322 53 97
161 723 48
368 333 58
16 40 5
778 17 77
566 665 85
950 340 44
209 679 83
81 68 6
467 604 60
928 429 15
189 890 83
399 983 50
310 845 80
289 924 84
975 834 93
243 508 59
701 309 92
596 728 16
714 652 18
879 781 90
476 160 88
770 453 17
397 460 59
902 700 91
779 199 3
2 64 87
523 345 99
343 755 3
494 35 77
932 363 9
577 908 19
340 434 61
701 612 86
458 646 61
301 790 72
975 479 8
851 365 82
341 837 80
340 515 46
936 656 62
482 519 79
403 358 89
266 410 35
321 763 59
67 295 29
54 282 80
923 177 37
336 678 12
688 623 19
634 542 77
617 962 73
539 55 100
931 915 12
749 303 46
286 222 489 411 161 840 48 138 928 982 712 976 66 839 111 90 49 188 54 432 296 294 28 110 990 30 534 312 462 875 159 253 184 593 965 214 514 599 409 497 300 428 581 84 382 596 126 417 371 405 177 615 626 376 244 744 134 631 735 379 4 595 297 674 521 45 851 440 899 151 775 193 174 236 739 906 550 531 991 904 218 740 311 309 107 492 673 729 343 77 466 276 591 697 942 399 927 259 208 391 187 894 970 217 603 501 471 233 183 260 113 245 453 81 352 268 794 639 98 710 720 988 175 95 924 223 690 922 893 985 83 555 490 227 488 645 592 52 933 484 390 518 737 502 431 255 408 962 154 584 984 610 171 920 981 29 303 945 318 392 280 598 738 474 460 872 641 368 562 684 597 349 465 424 998 430 587 841 658 472 246 124 378 694 306 746 613 491 582 608 16 815 150 941 251 943 759 64 667 347 1000 960 554 761 905 908 749 831 798 448 301 676 374 885 888 878 661 278 918 179 435 395 850 232 551 410 33 711 429 340 220 663 535 958 689 271 556 451 73 876 651 425 951 135 506 507 816 279 889 807 326 249 269 446 494 939 40 119 370 792 620 846 427 516 842 978 289 419 450 752 750 520 549 8 288 459 257 47 903 926 258 504 100 295 327 834 530 133 324 92 728 26 78 144 58 940 479 380 439 536 508 115 883 449 437 845 359 972 221 120 342 935 994 795 974 803 513 406 80 203 679 172 493 788 767 198 703 780 666 109 755 122 176 823 191 264 24 820 718 719 140 900 859 416 495 483 397 855 219 316 961 757 865 762 365 470 201 444 114 372 765 528 173 901 828 646 890 533 503 101 953 748 210 70 649 989 5 864 782 20 213 206 564 812 487 510 741 838 993 282 333 707 956 783 211 9 169 298 612 979 756 56 215 313 814 454 323 112 692 914 517 468 847 13 63 747 346 74 811 524 715 195 353 895 725 884 388 583 605 857 637 434 17 621 293 314 745 129 751 274 753 650 560 241 781 190 332 148 868 149 404 797 166 71 930 307 339 713 810 23 833 398 153 284 250 163 732 108 659 402 76 548 75 383 361 696 778 36 519 356 642 675 511 328 105 915 813 553 789 116 887 824 877 600 452 829 806 836 515 624 147 677 957 540 394 381 157 413 618 458 199 616 604 863 662 162 152 563 973 717 351 445 779 181 843 99 967 743 921 93 475 375 793 837 463 192 231 243 285 336 216 53 469 225 330 186 31 867 357 590 165 525 407 164 826 818 983 304 127 588 683 55 861 541 364 205 118 421 464 627 571 207 771 123 848 41 442 389 261 457 62 212 623 731 585 601 423 768 640 656 128 3 821 235 42 909 977 693 385 367 344 629 102 708 59 886 441 543 805 874 898 653 714 2 636 769 730 422 125 670 784 230 552 586 999 726 947 15 185 785 796 50 238 204 498 136 281 373 975 358 263 456 237 897 387 952 68 678 412 558 308 971 156 672 858 547 270 654 12 786 704 754 573 443 67 682 234 733 239 167 35 21 574 734 196 652 38 669 499 685 248 377 655 363 830 224 433 856 959 578 698 455 170 790 686 256 825 633 702 955 61 986 742 202 79 400 912 774 44 723 808 305 37 575 14 355 561 832 772 480 647 527 529 486 27 688 881 209 262 18 764 580 567 937 949 65 158 916 155 911 910 57 931 505 638 142 634 403 89 266 252 43 539 628 800 954 25 532 362 625 866 870 72 320 817 97 277 273 617 699 143 968 526 310 809 315 902 447 932 39 334 854 907 240 265 354 229 801 360 630 461 538 476 180 576 880 570 325 86 103 247 546 844 706 721 345 275 146 995 350 760 482 6 228 335 799 892 648 804 577 11 668 776 542 944 919 687 267 791 396 632 929 509 321 565 545 415 189 496 964 473 572 51 485 758 436 569 871 568 197 852 891 22 137 182 500 611 478 724 938 319 60 88 882 849 178 46 522 946 384 934 701 660 537 923 664 10 559 680 131 671 635 366 622 160 589 393 91 117 132 386 96 287 523 302 980 337 594 438 290 709 34 566 481 853 665 992 82 121 32 681 322 292 369 722 996 168 69 557 299 819 896 254 736 950 700 777 477 348 418 963 104 130 579 827 609 822 802 7 226 602 787 869 512 860 341 835 141 139 766 716 338 997 329 873 291 317 94 607 283 966 426 200 913 657 106 194 969 614 85 879 644 420 917 606 145 87 19 467 695 331 948 643 272 705 544 936 987 619 862 242 414 401 691 773 763 770 925 727
