100 10
1 77 53
77 20 98
20 43 46
77 80 94
20 23 44
1 31 2
80 74 3
31 13 21
43 50 2
20 52 83
52 38 88
1 95 96
77 92 47
77 91 82
80 33 73
91 27 99
74 7 17
38 72 9
43 4 41
92 51 18
23 36 90
13 3 90
51 59 46
7 67 85
59 56 44
13 37 32
13 94 75
31 18 21
72 49 23
38 9 38
20 85 20
94 93 23
91 86 83
51 15 54
7 47 84
91 73 59
93 12 42
77 42 70
49 5 61
23 82 85
5 64 24
74 29 34
82 45 47
56 10 71
51 57 7
94 99 15
45 61 47
82 11 66
95 97 19
72 62 56
97 22 90
57 28 27
92 39 14
92 16 69
52 63 53
51 19 30
23 68 25
73 76 26
64 81 21
94 34 91
27 8 8
37 40 9
22 2 45
91 83 87
74 48 45
68 35 16
52 79 7
91 58 68
35 69 42
63 60 98
8 6 93
3 100 74
99 46 93
52 65 87
5 70 99
51 71 96
69 53 37
45 66 63
51 98 30
34 90 95
46 14 94
23 44 60
66 26 56
45 25 72
61 78 15
3 32 96
45 21 99
93 54 75
36 96 68
9 24 60
80 87 41
42 17 23
20 89 11
54 41 9
15 30 38
44 75 66
99 88 17
47 55 83
56 84 57
14 21 52 76 88 80 82 70 94 35
