100 10
1 36 14
1 49 53
36 56 35
36 11 94
1 98 56
36 74 61
49 38 89
74 12 42
49 19 70
74 96 34
98 10 2
49 43 70
19 23 64
43 22 40
10 24 26
98 16 18
10 91 36
36 82 4
22 95 84
16 35 53
36 72 18
95 83 10
56 81 84
96 37 26
11 79 39
19 20 75
98 25 70
24 62 96
25 75 36
20 71 22
37 65 92
71 8 52
98 27 13
95 76 2
35 45 4
98 57 86
91 51 71
74 100 32
79 13 97
57 33 59
72 50 68
11 28 79
96 48 28
91 70 74
82 18 12
11 15 77
13 67 37
48 53 83
24 39 83
27 61 48
75 26 41
75 97 60
61 78 80
12 46 18
57 52 99
52 29 63
49 5 61
16 41 7
52 6 66
95 60 3
1 31 78
60 87 81
98 89 59
61 34 67
25 9 98
96 63 31
33 90 100
18 88 1
23 3 84
5 42 55
57 73 46
78 4 1
63 44 10
76 32 97
49 54 39
6 7 5
72 85 82
29 94 82
88 55 51
88 80 33
78 86 15
11 40 37
51 92 57
31 17 44
95 99 7
20 66 74
80 64 20
23 93 13
20 84 33
55 47 8
98 21 61
6 30 38
79 58 100
25 68 34
13 2 72
99 59 49
39 14 32
64 77 3
89 69 27
93 81 89 7 53 23 42 39 57 19
