63 32
1 8 36
8 27 98
27 35 87
35 21 83
21 6 21
21 53 15
35 15 68
15 49 82
15 46 24
27 11 50
11 37 62
37 47 93
37 63 74
11 48 3
48 29 5
48 57 94
8 43 60
43 26 81
26 50 15
50 30 24
50 33 23
26 42 100
42 40 33
42 44 48
43 23 80
23 59 62
59 51 53
59 41 93
23 20 95
20 24 94
20 28 5
1 32 30
32 16 44
16 7 43
7 9 65
9 62 16
9 58 9
7 45 32
45 14 97
45 61 32
16 4 81
4 3 10
3 25 76
3 5 6
4 17 13
17 10 80
17 55 51
32 52 24
52 31 12
31 13 17
13 36 100
13 19 86
31 54 16
54 60 84
54 12 33
52 39 48
39 38 45
38 56 38
38 18 40
39 34 91
34 22 83
34 2 96
6 53 49 46 47 63 29 57 30 33 40 44 51 41 24 28 62 58 14 61 25 5 10 55 36 19 60 12 56 18 22 2
