60 10
1 18 13
18 56 66
56 16 27
16 11 100
11 9 31
11 29 6
16 45 1
45 40 66
45 54 33
56 6 55
6 17 85
17 57 50
17 60 2
6 55 16
55 5 72
55 21 87
18 3 19
3 41 18
41 8 68
8 28 81
8 2 100
41 31 75
31 15 24
31 48 63
3 52 10
52 13 58
13 7 49
13 4 10
52 24 12
24 10 53
24 33 23
1 14 76
14 30 71
30 27 50
27 50 75
50 42 1
50 44 7
27 39 75
39 47 18
39 25 91
30 34 82
34 35 2
35 26 40
35 23 83
34 22 69
22 51 11
22 49 69
14 20 87
20 37 80
37 12 88
12 58 68
12 43 79
37 19 14
19 46 91
19 59 41
20 38 75
38 32 100
32 36 90
32 53 36
42 15 8 9 43 46 7 29 20 13
