60 20
1 26 40
26 48 37
48 3 21
3 35 76
35 11 88
35 19 7
3 39 43
39 16 91
39 37 65
48 4 64
4 8 33
8 47 66
8 23 78
4 49 66
49 7 54
49 54 54
26 42 13
42 12 88
12 20 99
20 18 75
20 27 72
12 14 15
14 40 54
14 31 13
42 44 42
44 56 20
56 53 61
56 2 10
44 21 33
21 5 71
21 60 5
1 33 72
33 15 59
15 52 25
52 46 99
46 50 46
46 22 84
52 58 41
58 30 88
58 24 48
15 10 4
10 43 20
43 13 65
43 36 33
10 6 38
6 34 18
6 45 86
33 25 2
25 38 5
38 57 37
57 9 28
57 29 76
38 41 51
41 51 81
41 17 88
25 28 92
28 55 52
55 59 100
55 32 53
8 37 43 48 41 38 14 18 45 53 55 3 26 7 20 44 56 2 28 17
