60 40
1 47 95
47 3 93
3 31 92
31 18 92
18 25 84
25 10 85
10 13 87
13 24 87
24 27 78
27 14 79
14 60 76
60 37 79
37 6 67
6 43 68
43 52 69
52 11 68
11 29 61
29 5 59
5 12 60
12 16 61
16 8 51
8 20 55
20 2 52
2 48 54
48 57 54
57 26 45
26 54 44
54 7 46
7 28 43
28 58 36
58 23 39
23 39 37
39 40 37
40 36 31
36 22 31
22 53 30
53 15 29
15 34 23
34 30 22
30 41 23
41 49 21
49 21 11
58 4 93
4 32 85
32 56 78
56 17 69
17 59 63
59 51 53
51 33 43
33 19 39
19 44 30
44 38 21
38 42 13
15 50 16
50 45 79
50 55 97
15 9 30
9 46 74
9 35 52
56 25 17 22 39 14 15 53 10 58 46 28 35 60 16 27 11 32 13 51 24 36 55 7 34 8 33 59 42 20 38 45 57 21 49 31 19 4 50 30
