60 50
1 20 87
20 39 33
39 19 27
39 12 11
20 56 84
56 34 69
56 50 14
1 13 10
13 59 60
59 15 71
59 49 15
13 47 2
47 4 82
47 9 8
13 28 10
28 38 58
38 46 23
46 37 65
46 58 35
38 51 39
51 30 64
51 2 95
28 32 41
32 3 54
3 53 59
3 10 63
32 40 66
40 36 8
40 21 1
13 25 50
25 26 34
26 14 11
14 41 86
14 44 54
26 16 76
16 35 47
16 29 66
25 23 46
23 27 61
27 17 67
27 6 79
23 55 21
55 8 23
55 42 40
39 45 93
45 52 84
52 33 77
33 60 77
60 31 67
31 54 61
54 5 55
5 57 52
57 48 46
48 22 36
22 24 37
24 43 30
43 11 19
11 18 15
18 7 45
15 18 23 21 54 8 58 57 47 53 9 43 32 16 7 29 59 42 3 14 31 49 36 17 48 27 46 12 45 39 11 5 6 34 55 10 13 20 40 26 60 37 51 19 30 25 22 24 56 28
