100 10
1 33 87
33 14 77
33 19 9
14 92 100
33 43 23
19 76 89
1 13 76
33 65 100
19 21 79
76 72 90
33 20 92
92 69 31
72 7 12
43 61 100
43 53 5
69 86 94
21 18 27
86 84 85
86 39 77
53 70 83
92 75 50
70 24 37
53 4 1
4 87 8
19 80 44
61 36 93
84 31 81
36 97 26
33 81 28
31 35 12
97 68 34
80 6 75
1 15 28
86 99 98
43 8 95
70 54 6
20 28 7
20 73 68
28 96 82
76 22 90
13 23 27
28 46 64
15 77 56
87 5 99
80 49 18
7 38 19
21 78 19
1 48 15
75 55 4
61 62 53
22 56 49
55 10 93
99 82 56
8 100 14
86 12 91
76 85 13
75 32 36
28 50 24
18 44 17
33 2 30
21 63 83
85 25 89
6 40 93
13 26 51
2 37 68
39 79 97
20 57 17
69 94 22
57 3 53
76 58 60
57 41 41
87 59 59
24 9 52
44 64 71
5 60 55
57 89 6
76 93 100
12 30 43
50 67 97
92 74 40
19 16 100
97 83 83
31 91 77
87 27 40
49 90 43
8 88 75
68 11 24
81 29 63
23 42 19
46 66 95
32 52 85
78 71 15
3 98 45
73 51 28
89 45 5
52 17 9
13 34 56
20 95 25
25 47 48
67 52 57 16 30 40 35 21 85 92
