1000 1
1 629 48
629 248 37
629 430 10
1 929 26
929 922 20
929 247 94
247 178 49
178 464 7
464 882 73
464 367 57
178 443 46
443 167 27
443 898 47
247 691 62
691 26 1
26 415 92
26 548 23
691 641 85
641 682 71
641 377 5
443 277 33
277 43 35
43 407 37
407 890 73
890 701 3
701 14 84
14 147 61
14 143 64
701 172 62
172 619 80
172 292 9
890 342 68
342 689 10
689 550 18
689 228 68
342 631 68
631 939 90
631 834 24
407 265 13
265 514 68
514 656 71
656 72 27
656 722 68
514 159 62
159 453 49
159 107 5
265 916 84
916 774 5
774 975 40
774 417 60
916 983 32
983 964 25
983 318 46
43 23 20
23 473 49
473 321 100
321 425 55
425 308 9
425 627 63
321 650 16
650 860 40
650 337 23
473 127 35
127 102 49
102 905 40
102 10 3
127 911 16
911 869 81
911 169 26
23 433 80
433 669 48
669 527 96
527 881 6
527 827 68
669 404 9
404 33 7
404 674 72
433 135 44
135 454 63
454 158 63
454 810 3
135 789 46
789 360 87
789 976 48
277 523 65
523 946 35
946 410 99
410 445 20
445 938 95
938 937 61
938 695 87
445 997 34
997 133 84
997 210 22
410 822 34
822 908 75
908 392 24
908 516 49
822 140 56
140 494 1
140 424 81
946 336 55
336 605 97
605 700 38
700 88 22
700 297 57
605 928 44
928 645 45
928 824 1
336 567 59
567 242 8
242 296 55
242 170 4
567 725 94
725 165 3
725 877 69
523 237 81
237 683 53
683 687 40
687 797 75
797 760 14
797 491 26
687 501 61
501 310 49
501 98 99
683 657 94
657 578 75
578 282 74
578 112 95
657 145 82
145 617 75
145 791 75
237 497 37
497 104 23
104 408 12
408 621 10
408 458 79
104 868 8
868 947 55
868 49 31
497 591 66
591 245 14
245 101 86
245 426 21
591 153 59
153 327 40
153 156 41
443 728 39
728 236 92
236 554 80
554 984 66
984 383 57
383 851 58
851 100 26
851 653 5
383 328 56
328 44 19
328 176 80
984 571 30
571 175 13
175 923 61
175 602 56
571 830 39
830 466 49
830 865 78
554 78 3
78 55 59
55 18 8
18 461 10
18 189 65
55 991 39
991 301 27
991 330 78
78 355 24
355 848 99
848 128 88
848 4 15
355 306 40
306 307 27
306 39 6
236 467 19
467 698 92
698 413 63
413 366 76
366 76 69
366 826 19
413 347 84
347 811 87
347 75 50
698 932 65
932 933 52
933 278 63
933 562 20
932 382 90
382 405 11
382 391 97
467 531 44
531 338 21
338 335 4
335 385 5
335 806 85
338 505 94
505 123 31
505 559 14
531 612 69
612 832 30
832 71 2
832 179 83
612 311 69
311 69 80
311 814 89
728 552 39
552 825 23
825 329 3
329 109 67
109 575 91
575 542 21
575 902 50
109 343 29
343 676 71
343 386 14
329 685 32
685 155 33
155 483 85
155 28 74
685 77 95
77 934 81
77 772 17
825 116 16
116 692 36
692 295 22
295 316 52
295 264 82
692 419 4
419 597 18
419 604 50
116 833 85
833 568 71
568 630 85
568 444 5
833 312 2
312 524 25
312 513 44
552 712 24
712 254 27
254 717 62
717 27 66
27 81 99
27 474 11
717 326 46
326 886 69
326 609 76
254 829 78
829 148 53
148 427 60
148 716 51
829 288 100
288 538 92
288 585 67
712 448 67
448 394 79
394 732 40
732 192 18
732 484 60
394 305 44
305 294 87
305 54 62
448 353 28
353 402 9
402 944 46
402 287 85
353 131 10
131 664 70
131 696 28
310 913 92
913 86 95
86 429 95
429 361 91
361 184 93
184 574 91
574 920 92
920 678 94
678 94 91
94 941 91
941 660 91
660 499 93
499 962 95
962 114 93
114 709 91
709 465 95
465 800 91
800 727 93
727 286 94
286 875 95
875 816 94
816 540 95
540 80 95
80 769 95
769 537 94
537 856 94
856 115 91
115 421 94
421 845 94
845 279 91
279 702 95
702 779 94
779 729 94
729 823 93
823 635 93
635 893 92
893 763 94
763 974 92
974 231 94
231 601 93
601 753 93
753 280 95
280 53 95
53 289 95
289 220 95
220 489 91
489 836 95
836 533 91
533 271 92
271 393 92
393 269 94
269 314 94
314 409 92
409 661 94
661 580 91
580 818 95
818 854 93
854 613 95
613 478 92
478 281 95
281 547 95
547 850 92
850 614 92
614 894 94
894 356 94
356 251 92
251 340 93
340 354 91
354 7 94
7 726 92
726 70 93
70 607 95
607 249 94
249 764 93
764 138 95
138 903 94
903 373 92
373 813 93
813 611 93
611 341 92
341 783 94
783 397 92
397 795 94
795 57 94
57 30 94
30 46 93
46 995 86
995 24 87
24 880 84
880 414 86
414 871 87
871 576 87
576 183 87
183 639 87
639 420 84
420 144 84
144 535 84
535 940 87
940 536 85
536 191 86
191 996 86
996 60 83
60 909 83
909 723 85
723 416 84
416 545 83
545 925 87
925 395 84
395 707 85
707 606 83
606 252 84
252 187 87
187 37 83
37 137 87
137 150 86
150 482 87
482 530 85
530 720 87
720 543 87
543 276 85
276 166 86
166 142 85
142 887 85
887 380 86
380 569 83
569 566 86
566 640 83
640 519 84
519 620 84
620 835 83
835 291 86
291 434 83
434 272 84
272 780 87
780 323 84
323 61 83
61 387 85
387 616 87
616 751 85
751 906 86
906 82 83
82 221 86
221 452 86
452 883 84
883 672 86
672 924 85
924 671 87
671 796 87
796 579 85
579 164 87
164 97 84
97 20 83
20 125 83
125 982 87
982 344 85
344 188 83
188 62 84
62 12 83
12 773 83
773 802 85
802 67 84
67 966 87
966 389 84
389 111 84
111 644 84
644 610 85
610 22 85
22 563 87
563 988 85
988 459 87
459 508 84
508 162 83
162 256 76
256 570 75
570 781 77
781 198 78
198 517 76
517 914 76
914 333 78
333 804 78
804 859 79
859 87 78
87 907 77
907 895 77
895 428 75
428 930 75
930 436 76
436 718 77
718 912 79
912 633 75
633 668 78
668 867 76
867 819 75
819 697 77
697 29 77
29 759 75
759 120 78
120 756 78
756 440 78
440 968 76
968 358 76
358 257 75
257 665 75
665 615 78
615 6 79
6 152 75
152 586 77
586 174 75
174 469 77
469 32 78
32 213 77
213 754 75
754 969 77
969 240 75
240 406 76
406 503 76
503 801 79
801 56 78
56 134 76
134 740 78
740 654 79
654 350 75
350 608 78
608 284 77
284 839 76
839 359 79
359 557 76
557 25 75
25 990 77
990 915 79
915 90 79
90 798 79
798 219 78
219 437 75
437 643 75
643 273 77
273 204 76
204 381 78
381 74 76
74 58 77
58 241 75
241 442 79
442 99 75
99 960 75
960 888 78
888 849 77
849 626 77
626 655 76
655 628 78
628 423 79
423 710 78
710 47 76
47 320 77
320 876 76
876 572 79
572 977 79
977 951 76
951 670 75
670 108 69
108 589 69
589 171 70
171 721 69
721 488 68
488 592 69
592 746 68
746 8 67
8 525 67
525 1000 67
1000 762 71
762 214 69
214 584 70
584 755 69
755 234 67
234 719 69
719 690 70
690 560 71
560 132 69
132 529 68
529 844 70
844 239 68
239 561 70
561 652 69
652 110 70
110 945 71
945 180 71
180 212 67
212 369 71
369 647 70
647 896 71
896 857 67
857 511 68
511 788 68
788 785 68
785 348 68
348 5 71
5 593 69
593 963 69
963 724 69
724 457 70
457 553 71
553 521 70
521 48 67
48 95 69
95 889 70
889 711 69
711 36 71
36 243 68
243 2 67
2 761 71
761 41 67
41 794 67
794 864 70
864 447 69
447 792 69
792 820 70
820 852 67
852 375 70
375 910 67
910 582 71
582 831 68
831 942 68
942 460 70
460 733 70
733 744 69
744 986 70
986 9 69
9 532 70
532 202 70
202 965 70
965 79 69
79 556 68
556 636 69
636 370 68
370 209 69
209 978 68
978 892 69
892 812 69
812 432 67
432 290 70
290 680 69
680 15 68
15 989 69
989 105 67
105 490 69
490 481 63
481 736 61
736 203 59
203 246 62
246 211 62
211 750 62
750 735 61
735 949 61
949 384 59
384 194 60
194 199 62
199 230 62
230 227 61
227 737 61
737 480 59
480 124 60
124 935 62
935 994 61
994 926 62
926 677 59
677 85 59
85 549 62
549 596 61
596 897 60
897 418 63
418 981 63
981 742 63
742 302 62
302 126 63
126 451 62
451 345 63
345 874 63
874 479 59
479 638 59
638 544 60
544 758 61
758 588 62
588 498 63
498 734 62
734 502 63
502 186 59
186 119 61
119 149 60
149 594 62
594 258 62
258 206 61
206 35 61
35 411 59
411 378 62
378 799 60
799 399 62
399 625 61
625 250 62
250 510 63
510 855 63
855 268 59
268 747 61
747 993 60
993 936 63
936 998 61
998 659 59
659 522 61
522 618 61
618 987 63
987 518 59
518 648 62
648 438 63
438 412 61
412 346 60
346 667 62
667 177 59
177 673 59
673 770 62
770 879 60
879 642 60
642 679 59
679 766 61
766 847 63
847 786 59
786 504 62
504 229 60
229 225 61
225 919 60
919 136 59
136 703 61
703 161 62
161 233 52
233 42 51
42 285 51
285 992 55
992 917 53
917 958 52
958 900 55
900 927 51
927 83 54
83 160 51
160 866 53
866 339 52
339 509 52
509 694 54
694 463 51
463 59 53
59 953 53
953 470 53
470 918 53
918 957 55
957 13 51
13 603 53
603 223 55
223 3 55
3 351 52
351 973 55
973 972 53
972 706 52
706 507 53
507 649 51
649 51 51
51 595 53
595 84 55
84 455 52
455 714 52
714 841 53
841 91 51
91 66 55
66 872 51
872 45 53
45 130 54
130 379 52
379 324 55
324 663 51
663 439 54
439 730 54
730 472 54
472 675 51
675 808 51
808 506 51
506 870 51
870 600 55
600 313 54
313 283 53
283 985 55
985 456 54
456 117 53
117 40 53
40 573 51
573 403 51
403 205 52
205 492 54
492 173 53
173 17 52
17 201 51
201 821 53
821 873 52
873 731 55
731 357 53
357 858 51
858 446 53
446 843 52
843 64 53
64 846 53
846 163 53
163 73 54
73 624 54
624 775 55
775 471 55
471 658 55
658 390 54
390 950 54
950 449 53
449 590 51
590 303 52
303 299 53
299 971 55
971 708 46
708 979 46
979 713 45
713 662 47
662 50 46
50 216 44
216 226 43
226 840 46
840 767 45
767 168 46
168 807 46
807 967 47
967 943 44
943 684 47
684 118 45
118 805 44
805 262 47
262 11 45
11 956 45
956 952 46
952 486 44
486 376 44
376 515 44
515 218 47
218 487 46
487 583 43
583 739 45
739 577 46
577 190 47
190 686 46
686 441 46
441 325 46
325 38 43
38 93 44
93 275 44
275 182 47
182 599 44
599 368 44
368 475 44
475 749 44
749 776 46
776 904 47
904 468 44
468 688 45
688 757 47
757 862 45
862 878 47
878 215 45
215 195 43
195 961 47
961 435 44
435 154 43
154 151 47
151 263 44
263 741 46
741 422 46
422 565 44
565 207 47
207 261 45
261 253 47
253 539 46
539 666 46
666 181 44
181 699 45
699 809 46
809 68 44
68 765 43
765 622 47
622 34 44
34 16 44
16 362 44
362 266 47
266 371 44
371 558 46
558 863 45
863 520 47
520 528 44
528 784 43
784 551 44
551 19 47
19 999 43
999 200 44
200 485 46
485 349 46
349 267 45
267 476 44
476 364 36
364 861 37
861 322 36
322 587 37
587 954 37
954 771 37
771 853 39
853 365 37
365 139 35
139 217 37
217 837 39
837 581 35
581 748 35
748 431 35
431 106 37
106 196 37
196 884 35
884 235 37
235 493 39
493 157 36
157 623 37
623 222 39
222 704 37
704 374 37
374 309 37
309 401 35
401 778 38
778 931 35
931 315 37
315 632 39
632 646 37
646 65 39
65 921 37
921 534 39
534 400 39
400 715 38
715 332 37
332 92 39
92 259 36
259 803 35
803 141 35
141 193 36
193 238 36
238 634 36
634 208 35
208 372 39
372 363 39
363 955 36
955 146 35
146 304 37
304 331 36
331 526 38
526 244 39
244 129 36
129 298 38
298 948 37
948 564 37
564 495 35
495 745 38
745 388 35
388 777 35
777 752 39
752 681 37
681 637 38
637 334 36
334 787 35
787 477 35
477 743 37
743 31 38
31 319 35
319 598 38
598 555 38
555 52 37
52 693 38
693 63 35
63 89 35
89 398 36
398 828 37
828 274 37
274 317 37
317 790 35
790 705 36
705 899 38
899 901 38
901 232 38
232 500 37
500 197 27
197 450 31
450 651 30
651 224 29
224 122 27
122 255 31
255 96 31
96 782 28
782 512 28
512 113 28
113 738 27
738 793 27
793 270 29
270 496 30
496 838 28
838 21 30
21 260 29
260 103 31
103 352 29
352 185 28
185 980 27
980 541 30
541 817 31
817 546 27
546 885 28
885 462 29
462 959 29
959 842 27
842 300 28
300 121 31
121 293 30
293 396 27
396 891 31
891 970 27
970 815 27
815 768 30
328
