6234 132
1 3078 52
3078 4148 81
4148 2949 86
2949 549 20
549 383 38
549 2973 31
2949 5171 50
5171 4302 76
5171 3278 53
4148 2923 13
2923 2850 47
2850 5387 26
2850 411 98
2923 5433 80
5433 3633 99
5433 3616 25
3078 3897 79
3897 1665 23
1665 5907 23
5907 4522 65
5907 160 66
1665 3090 35
3090 1384 29
3090 6181 85
3897 1188 79
1188 4542 51
4542 1881 72
4542 2556 88
1188 1051 23
1051 3968 88
1051 3518 71
1 4391 74
4391 1340 69
1340 1832 8
1832 632 94
632 3847 58
632 3375 38
1832 1461 95
1461 2789 33
1461 3671 90
1340 1356 7
1356 1231 32
1231 426 67
1231 5448 4
1356 5038 11
5038 4178 65
5038 4559 81
4391 2011 41
2011 412 40
412 5474 3
5474 5264 5
5474 374 5
412 5582 89
5582 325 86
5582 662 41
2011 3422 68
3422 1543 36
1543 5416 12
1543 455 55
3422 5391 58
5391 1026 52
5391 3240 77
5038 5514 76
5514 3503 29
3503 5923 73
5923 1627 70
5923 3959 13
3503 201 63
201 363 29
201 5651 44
5514 3886 81
3886 4441 84
4441 5512 6
4441 5947 98
3886 5438 16
5438 1546 46
5438 3304 37
5038 48 19
48 3014 51
3014 5080 41
5080 2314 59
5080 3871 88
3014 111 81
111 5473 26
111 1086 23
48 3261 45
3261 3733 33
3733 1908 32
3733 1313 96
3261 5619 61
5619 1533 14
5619 1952 67
3671 2938 69
2938 5323 11
5323 2253 7
2253 2427 83
2427 3077 91
3077 5329 3
3077 6049 16
2427 621 27
621 1045 8
621 2950 13
2253 5089 42
5089 5593 54
5593 802 1
5593 993 12
5089 2725 56
2725 3846 41
2725 3817 71
5323 448 95
448 2395 73
2395 3021 48
3021 3884 17
3021 1331 17
2395 2871 32
2871 751 100
2871 902 64
448 5812 93
5812 6166 13
6166 444 30
6166 3514 41
5812 254 54
254 4835 76
254 5244 9
2938 3596 17
3596 5640 35
5640 2296 44
2296 3533 7
3533 5482 37
3533 4855 59
2296 3560 85
3560 2793 96
3560 6227 23
5640 1956 27
1956 5745 1
5745 698 23
5745 166 90
1956 5451 8
5451 2228 15
5451 972 60
3596 4402 2
4402 4706 87
4706 5149 60
5149 52 18
5149 3070 56
4706 4794 91
4794 1979 69
4794 5845 19
4402 2946 35
2946 631 82
631 1055 49
631 2086 75
2946 3676 87
3676 3831 76
3676 351 36
3671 3492 3
3492 5566 10
5566 5092 31
5092 1676 62
1676 2407 98
2407 244 89
2407 3142 46
1676 447 94
447 2855 11
447 3621 24
5092 3321 94
3321 5843 85
5843 2269 14
5843 5037 2
3321 3753 99
3753 5274 25
3753 3972 3
5566 730 85
730 2597 84
2597 3541 73
3541 165 92
3541 1091 27
2597 5104 41
5104 2983 11
5104 4208 61
730 2026 74
2026 2646 11
2646 477 88
2646 5119 61
2026 6024 86
6024 1542 75
6024 224 63
3492 1651 96
1651 2658 5
2658 3993 24
3993 3643 45
3643 2371 45
3643 2453 22
3993 2981 38
2981 892 7
2981 278 45
2658 1712 32
1712 4176 91
4176 2090 58
4176 2833 85
1712 1299 89
1299 3350 83
1299 4647 87
1651 4311 25
4311 5613 18
5613 3213 11
3213 1792 17
3213 5139 44
5613 5544 4
5544 878 27
5544 3248 5
4311 4130 77
4130 4833 37
4833 2576 44
4833 1526 89
4130 3543 74
3543 3271 18
3543 2944 4
3596 132 66
132 1438 70
132 11 100
3596 3559 3
3559 2564 76
3559 2233 45
3078 3342 70
3342 1973 54
3342 5429 36
3078 2856 9
2856 3297 30
2856 3601 54
2395 4465 74
4465 2896 72
2896 2858 53
2858 3338 51
3338 193 60
193 2252 48
193 4605 91
3338 1602 86
1602 4454 17
1602 3406 94
2858 1353 6
1353 2082 42
2082 4437 73
2082 5503 71
1353 4529 11
4529 1587 72
4529 4734 26
2896 4217 86
4217 4120 16
4120 5764 11
5764 3195 51
5764 2994 70
4120 3498 33
3498 3515 56
3498 5369 57
4217 1553 41
1553 3773 86
3773 109 10
3773 3367 63
1553 97 31
97 2444 59
97 1507 37
4465 429 55
429 4850 63
4850 4996 39
4996 3795 66
3795 1120 63
3795 2341 29
4996 3975 51
3975 3920 79
3975 4137 23
4850 946 57
946 1312 73
1312 4791 95
1312 1412 79
946 914 83
914 1837 18
914 5839 4
429 6008 69
6008 3289 34
3289 2848 67
2848 2229 71
2848 145 55
3289 4742 99
4742 3859 27
4742 3160 11
6008 5026 91
5026 1897 64
1897 2235 73
1897 3251 53
5026 4623 46
4623 1809 83
4623 3579 89
2395 3088 52
3088 4336 97
4336 4198 79
4198 203 18
203 5984 11
5984 3520 8
5984 5310 68
203 1094 42
1094 1326 30
1094 5460 76
4198 4519 14
4519 1864 76
1864 4644 7
1864 2197 96
4519 1609 93
1609 4323 10
1609 401 64
4336 2185 78
2185 5368 28
5368 4328 35
4328 1490 84
4328 5781 26
5368 5315 13
5315 5021 47
5315 72 68
2185 2392 28
2392 1451 71
1451 3112 21
1451 1485 73
2392 3891 5
3891 2593 61
3891 895 25
3088 3206 1
3206 1628 40
1628 1815 94
1815 994 12
994 986 99
994 2914 61
1815 5027 5
5027 418 80
5027 4191 89
1628 5790 18
5790 5148 55
5148 5293 95
5148 2884 13
5790 841 99
841 6185 56
841 3444 29
3206 3483 29
3483 5650 84
5650 1368 15
1368 2937 12
1368 142 61
5650 2922 27
2922 476 10
2922 466 29
3483 4894 54
4894 3774 80
3774 5560 1
3774 3308 78
4894 3222 84
3222 3232 13
3222 799 2
698 5810 100
5810 3766 50
3766 3291 8
3291 413 4
413 236 29
236 3323 48
3323 3893 21
3893 4353 35
4353 889 94
889 3044 85
3044 5291 86
5291 410 49
5291 5993 13
3044 3358 14
3358 4050 84
3358 3563 27
889 4032 77
4032 2321 45
2321 4444 5
2321 2207 87
4032 1621 25
1621 1953 58
1621 1304 18
4353 3667 77
3667 4215 88
4215 1060 54
1060 5542 89
1060 93 41
4215 4015 90
4015 3794 41
4015 2791 88
3667 1755 89
1755 2769 42
2769 4705 47
2769 4714 92
1755 6020 23
6020 64 94
6020 41 64
3893 4154 9
4154 503 87
503 405 48
405 2508 94
2508 5008 87
2508 2072 13
405 2293 59
2293 4965 23
2293 5589 39
503 1679 36
1679 5977 67
5977 44 44
5977 1414 74
1679 3317 43
3317 5588 53
3317 2690 43
4154 1700 19
1700 4729 92
4729 3054 96
3054 3537 7
3054 544 33
4729 1916 85
1916 4516 99
1916 68 20
1700 4397 25
4397 6072 93
6072 1535 66
6072 5181 16
4397 5050 15
5050 2042 11
5050 1319 31
3323 752 75
752 5531 97
5531 2909 31
2909 1258 69
1258 3371 35
3371 4781 43
3371 3133 27
1258 3376 57
3376 4905 33
3376 2477 14
2909 3803 75
3803 2553 28
2553 2800 39
2553 36 17
3803 3445 81
3445 3405 82
3445 3546 87
5531 2585 24
2585 4635 77
4635 5874 46
5874 122 56
5874 4728 14
4635 3570 44
3570 330 75
3570 2012 38
2585 3626 36
3626 5208 92
5208 1130 6
5208 4869 2
3626 2733 2
2733 3032 36
2733 3858 77
752 1693 50
1693 311 18
311 2460 97
2460 5242 85
5242 2364 60
5242 2203 23
2460 1594 93
1594 6011 45
1594 5517 89
311 2493 68
2493 5000 72
5000 4606 27
5000 2974 36
2493 2324 4
2324 4554 60
2324 4035 75
1693 1337 28
1337 5484 37
5484 5550 20
5550 6138 83
5550 6212 2
5484 1748 63
1748 2708 10
1748 4602 39
1337 819 51
819 3807 53
3807 5831 44
3807 6188 4
819 2692 55
2692 2240 32
2692 3878 80
236 5463 4
5463 301 49
301 5193 28
5193 4693 40
4693 955 61
955 754 51
754 4820 33
754 1427 5
955 5733 91
5733 985 52
5733 5815 28
4693 1556 69
1556 2322 87
2322 2220 32
2322 1455 29
1556 5247 61
5247 1607 59
5247 1876 17
5193 5343 32
5343 4053 93
4053 922 18
922 6146 47
922 443 54
4053 4759 8
4759 4099 97
4759 3407 7
5343 1746 52
1746 3410 52
3410 4260 61
3410 4123 35
1746 1217 84
1217 622 16
1217 3191 35
301 1150 11
1150 935 8
935 19 95
19 1782 61
1782 1265 40
1782 5837 51
19 2079 3
2079 2826 91
2079 954 79
935 4415 72
4415 2089 29
2089 2736 62
2089 2643 52
4415 1839 42
1839 5064 20
1839 184 68
1150 3294 73
3294 4746 64
4746 2217 37
2217 3446 19
2217 422 18
4746 3695 44
3695 4045 67
3695 880 76
3294 5955 47
5955 1273 71
1273 4614 88
1273 777 81
5955 6143 54
6143 2187 3
6143 94 16
5463 6090 64
6090 644 10
644 3337 62
3337 6201 77
6201 3987 1
3987 606 65
3987 4849 79
6201 4016 43
4016 811 43
4016 4533 2
3337 3938 72
3938 2748 4
2748 5266 53
2748 459 65
3938 5495 75
5495 5951 20
5495 1879 89
644 2241 90
2241 339 56
339 1817 8
1817 1983 59
1817 2361 52
339 1347 26
1347 6225 34
1347 59 98
2241 5965 96
5965 283 21
283 5592 79
283 1190 49
5965 2582 76
2582 6167 46
2582 4361 65
6090 852 85
852 1363 7
1363 6160 41
6160 3967 38
3967 1504 71
3967 974 19
6160 2411 80
2411 5508 65
2411 4762 21
1363 718 51
718 404 20
404 3647 25
404 624 67
718 3998 46
3998 3461 45
3998 1976 56
852 2071 36
2071 2094 52
2094 4440 15
4440 1720 46
4440 3903 3
2094 3698 40
3698 1472 80
3698 4501 1
2071 1346 88
1346 3815 100
3815 419 31
3815 5499 88
1346 2465 75
2465 1610 76
2465 5913 52
413 2810 12
2810 4500 34
4500 3854 44
3854 2159 49
2159 2891 57
2891 5318 63
5318 5830 80
5830 4195 21
5830 4931 35
5318 3403 83
3403 1923 41
3403 212 59
2891 3818 49
3818 2271 38
2271 4044 55
2271 3668 4
3818 2405 25
2405 2043 59
2405 1032 18
2159 4651 71
4651 6214 61
6214 5783 10
5783 4143 50
5783 864 13
6214 2484 49
2484 568 1
2484 4463 95
4651 3000 88
3000 5513 28
5513 3185 22
5513 2807 92
3000 1752 91
1752 4338 56
1752 4897 35
3854 5914 91
5914 4604 12
4604 5091 97
5091 3862 70
3862 478 84
3862 500 83
5091 5454 52
5454 3217 76
5454 4752 94
4604 5963 1
5963 1853 14
1853 2146 48
1853 715 56
5963 246 38
246 805 58
246 4908 26
5914 4650 8
4650 6173 71
6173 761 87
761 4341 9
761 4886 83
6173 5434 35
5434 2057 10
5434 5581 30
4650 4439 74
4439 472 89
472 2174 51
472 5103 65
4439 2255 79
2255 1719 58
2255 3529 100
4500 558 69
558 2544 21
2544 4141 48
4141 572 38
572 620 5
620 943 31
620 5562 42
572 942 32
942 2190 76
942 2838 42
4141 5407 45
5407 6172 75
6172 3645 49
6172 2516 35
5407 3921 33
3921 3896 74
3921 4196 94
2544 1062 3
1062 5210 60
5210 651 3
651 5425 37
651 4741 46
5210 2820 64
2820 2531 66
2820 5587 20
1062 4570 52
4570 3872 69
3872 1103 84
3872 5675 82
4570 4954 26
4954 260 35
4954 3624 2
558 999 99
999 3935 83
3935 5036 39
5036 1992 3
1992 2720 65
1992 4755 32
5036 2318 34
2318 2879 40
2318 1099 25
3935 3704 31
3704 6040 66
6040 4881 74
6040 757 65
3704 5685 98
5685 667 47
5685 3615 58
999 6213 52
6213 2173 59
2173 3096 12
3096 5205 89
3096 6087 4
2173 4218 75
4218 2297 6
4218 3325 23
6213 1176 78
1176 4039 26
4039 5219 59
4039 1199 11
1176 2330 4
2330 6101 93
2330 1224 12
2810 1476 2
1476 4269 27
4269 3026 3
3026 893 56
893 2155 91
2155 1181 34
1181 4525 41
1181 4151 82
2155 3957 59
3957 5668 71
3957 4478 48
893 3275 32
3275 4084 87
4084 3423 97
4084 2340 30
3275 5423 97
5423 1589 49
5423 3849 88
3026 6055 60
6055 1193 89
1193 4108 44
4108 139 87
4108 3296 94
1193 5924 18
5924 3564 64
5924 4252 72
6055 1790 28
1790 2164 27
2164 5511 75
2164 1076 21
1790 1256 38
1256 1008 76
1256 1637 47
4269 344 40
344 5910 83
5910 1920 90
1920 3442 74
3442 5734 23
3442 1482 71
1920 4005 32
4005 3853 46
4005 2435 70
5910 371 15
371 3789 84
3789 3087 67
3789 5379 96
371 1411 80
1411 149 67
1411 4380 84
344 2569 92
2569 2560 55
2560 5747 79
5747 756 78
5747 5232 100
2560 4243 96
4243 4018 93
4243 5077 71
2569 510 24
510 2657 19
2657 1972 45
2657 2654 96
510 2540 57
2540 2563 72
2540 5580 94
1476 4266 48
4266 3329 54
3329 2054 83
2054 593 21
593 2301 77
2301 5521 6
2301 6046 4
593 3332 74
3332 1544 27
3332 2319 70
2054 127 57
127 3511 93
3511 4492 66
3511 33 89
127 4510 59
4510 252 1
4510 3309 80
3329 528 65
528 461 79
461 6133 9
6133 563 65
6133 3002 26
461 1990 1
1990 91 87
1990 5786 49
528 2731 20
2731 4207 84
4207 4918 96
4207 150 28
2731 5070 55
5070 1689 90
5070 3634 75
4266 2653 61
2653 3989 24
3989 2450 48
2450 3933 89
3933 2663 81
3933 1115 3
2450 1545 62
1545 2745 8
1545 6058 73
3989 5366 18
5366 3103 52
3103 553 38
3103 1171 6
5366 3293 11
3293 4047 38
3293 3923 37
2653 4527 27
4527 4222 68
4222 5477 45
5477 4103 43
5477 1017 93
4222 5925 46
5925 1827 30
5925 5990 94
4527 822 17
822 3522 13
3522 2284 41
3522 5808 96
822 3035 19
3035 5240 82
3035 2599 70
3291 3101 79
3101 5302 6
5302 5717 69
5717 5033 67
5033 680 38
680 1644 72
1644 2877 28
2877 4926 45
4926 5386 96
4926 2568 98
2877 2452 97
2452 4194 33
2452 3336 55
1644 2805 59
2805 1778 22
1778 6162 92
1778 5216 85
2805 4497 41
4497 5622 36
4497 4329 28
680 2764 33
2764 5167 33
5167 6061 9
6061 941 78
6061 2672 1
5167 3907 73
3907 5737 19
3907 5320 96
2764 3089 91
3089 1400 100
1400 2227 18
1400 3292 22
3089 975 57
975 1376 38
975 2963 88
5033 189 47
189 1965 9
1965 4880 68
4880 4393 91
4393 6002 4
4393 3229 65
4880 1467 39
1467 2168 88
1467 6118 19
1965 4360 49
4360 2639 61
2639 1655 62
2639 3401 86
4360 385 1
385 4854 50
385 4941 65
189 6036 86
6036 4824 82
4824 809 73
809 4086 63
809 4052 35
4824 4560 45
4560 6060 33
4560 5048 30
6036 652 87
652 4145 85
4145 1214 99
4145 5260 8
652 968 93
968 6057 37
968 1462 96
5717 2811 39
2811 3262 97
3262 1662 15
1662 4745 82
4745 4237 1
4237 104 79
4237 6141 20
4745 4932 40
4932 874 49
4932 3985 69
1662 1254 1
1254 3835 11
3835 2112 6
3835 4081 53
1254 1514 60
1514 3540 70
1514 4223 38
3262 453 93
453 1629 42
1629 3542 53
3542 308 79
3542 3063 38
1629 5023 37
5023 4868 9
5023 3929 24
453 5142 21
5142 76 59
76 3751 32
76 3322 66
5142 433 47
433 520 79
433 414 4
2811 3654 44
3654 5040 93
5040 3369 85
3369 2403 96
2403 5979 23
2403 4487 57
3369 3978 35
3978 6075 23
3978 5530 77
5040 4153 87
4153 4423 85
4423 3842 82
4423 6026 40
4153 886 96
886 737 51
886 3460 77
3654 1614 89
1614 5731 44
5731 5607 81
5607 5532 67
5607 848 81
5731 5415 18
5415 1988 27
5415 3562 56
1614 5825 90
5825 4798 38
4798 4491 87
4798 4382 55
5825 3931 84
3931 3832 17
3931 5713 59
5302 4267 79
4267 2548 61
2548 3029 95
3029 3027 74
3027 5128 83
5128 269 3
269 496 61
269 2869 6
5128 4374 31
4374 2458 99
4374 394 90
3027 3069 12
3069 2755 38
2755 2425 38
2755 5847 14
3069 871 67
871 4083 26
871 4185 9
3029 3098 47
3098 3031 44
3031 3677 41
3677 2222 16
3677 3404 23
3031 2675 97
2675 4865 6
2675 3982 12
3098 3889 35
3889 4149 60
4149 5872 47
4149 6053 52
3889 646 70
646 5809 26
646 1633 12
2548 3689 17
3689 3697 51
3697 219 47
219 3318 19
3318 705 11
3318 3105 4
219 5041 2
5041 6163 62
5041 2957 45
3697 5428 65
5428 1220 99
1220 25 82
1220 1529 79
5428 4925 17
4925 1747 59
4925 5211 39
3689 5088 64
5088 2327 3
2327 3214 80
3214 1995 31
3214 5875 77
2327 3393 76
3393 3870 36
3393 42 88
5088 3081 62
3081 2479 48
2479 5043 86
2479 2958 13
3081 1212 17
1212 6048 11
1212 4859 77
4267 537 33
537 3400 62
3400 1393 23
1393 2489 4
2489 2770 24
2770 2543 26
2770 671 57
2489 566 85
566 4963 22
566 1870 21
1393 4695 36
4695 1250 4
1250 4787 51
1250 634 52
4695 1776 62
1776 2902 90
1776 5887 67
3400 2661 16
2661 1601 69
1601 506 98
506 2230 92
506 4637 96
1601 2529 33
2529 5018 31
2529 2840 57
2661 306 80
306 4004 17
4004 3383 22
4004 5289 49
306 5403 79
5403 2232 98
5403 2303 33
537 4484 40
4484 4354 72
4354 6045 88
6045 2256 16
2256 4345 49
2256 2205 44
6045 4451 100
4451 4698 70
4451 102 65
4354 5664 35
5664 1537 73
1537 2870 15
1537 4190 87
5664 3962 35
3962 2527 56
3962 1887 53
4484 2263 50
2263 360 24
360 2888 2
2888 69 94
2888 6099 71
360 2976 35
2976 2080 76
2976 555 28
2263 2893 66
2893 4844 44
4844 6103 1
4844 3547 14
2893 2561 23
2561 4795 50
2561 5489 47
3101 3013 62
3013 3450 21
3450 4904 34
4904 1424 77
1424 987 21
987 2537 78
2537 3039 29
3039 5272 90
3039 3603 94
2537 2587 15
2587 5899 15
2587 2131 8
987 5144 1
5144 1615 1
1615 532 64
1615 2276 6
5144 1475 2
1475 2985 39
1475 3227 7
1424 1419 95
1419 2388 10
2388 4392 93
4392 4436 23
4392 4087 89
2388 3749 59
3749 253 66
3749 1372 89
1419 2996 72
2996 1387 88
1387 1567 90
1387 5857 70
2996 321 2
321 4187 10
321 539 4
4904 1598 78
1598 2055 30
2055 6205 33
6205 3741 58
3741 5435 71
3741 3298 26
6205 2834 73
2834 5698 37
2834 625 33
2055 3709 25
3709 2697 37
2697 5184 48
2697 1296 82
3709 1666 39
1666 4512 39
1666 3339 89
1598 4483 85
4483 2428 48
2428 5558 33
5558 2900 59
5558 1421 88
2428 2216 91
2216 5868 25
2216 5278 28
4483 2880 15
2880 1511 12
1511 5233 17
1511 1148 84
2880 3575 65
3575 4458 78
3575 3455 39
3450 689 95
689 4446 59
4446 4821 71
4821 2344 52
2344 3485 81
3485 3040 96
3485 4117 24
2344 5884 18
5884 6158 81
5884 919 1
4821 666 6
666 5173 28
5173 3808 82
5173 3591 44
666 3471 18
3471 3675 22
3471 1447 81
4446 1079 17
1079 4634 55
4634 4625 39
4625 3700 4
4625 28 97
4634 2613 15
2613 3220 83
2613 2545 11
1079 3936 79
3936 2005 51
2005 3363 47
2005 322 43
3936 891 28
891 3850 85
891 5968 37
689 1263 38
1263 5641 56
5641 1661 89
1661 4102 19
4102 242 3
4102 2328 64
1661 507 88
507 1910 83
507 3768 64
5641 3656 93
3656 3716 63
3716 331 98
3716 2081 89
3656 5456 80
5456 6145 19
5456 3722 21
1263 1350 97
1350 5267 73
5267 1272 11
1272 629 52
1272 2763 22
5267 6093 26
6093 3881 87
6093 4435 84
1350 4884 4
4884 5001 37
5001 1048 30
5001 2759 46
4884 3470 17
3470 2137 67
3470 5234 35
3013 364 54
364 5738 74
5738 1266 75
1266 5946 24
5946 3010 76
3010 664 38
664 6191 11
664 5802 11
3010 4664 54
4664 1513 56
4664 3018 73
5946 277 51
277 5231 44
5231 5125 4
5231 5340 21
277 5780 64
5780 2167 52
5780 5197 94
1266 881 74
881 2114 4
2114 2383 67
2383 3845 99
2383 3183 90
2114 164 50
164 1315 54
164 4701 78
881 4275 32
4275 21 52
21 5138 94
21 5652 98
4275 546 86
546 3620 100
546 5789 71
5738 1460 60
1460 5226 75
5226 4778 98
4778 5108 49
5108 5172 86
5108 4628 8
4778 3139 2
3139 3644 41
3139 5567 32
5226 489 4
489 5020 36
5020 6177 36
5020 3233 25
489 3097 99
3097 4287 39
3097 3119 70
1460 2118 72
2118 5117 42
5117 4276 36
4276 2814 23
4276 16 83
5117 2381 37
2381 5186 28
2381 2142 61
2118 3288 68
3288 3436 79
3436 3944 6
3436 327 65
3288 2933 16
2933 1441 57
2933 4085 87
364 2956 27
2956 4421 32
4421 1066 37
1066 5497 76
5497 3941 69
3941 1861 44
3941 4332 29
5497 4915 61
4915 5748 28
4915 3178 85
1066 5863 96
5863 2480 63
2480 846 9
2480 6200 94
5863 801 1
801 2472 30
801 4549 17
4421 2350 95
2350 2420 17
2420 4847 91
4847 1314 29
4847 6131 53
2420 4265 19
4265 3890 41
4265 3769 73
2350 4630 49
4630 2722 47
2722 2286 89
2722 5130 65
4630 1403 55
1403 3866 76
1403 1336 43
2956 4297 86
4297 5824 12
5824 5766 18
5766 2683 6
2683 4091 7
2683 276 99
5766 5502 66
5502 5920 34
5502 6034 83
5824 4541 13
4541 247 48
247 3555 43
247 608 58
4541 27 1
27 4101 24
27 5859 75
4297 5090 95
5090 3362 92
3362 657 17
657 1239 75
657 4034 44
3362 1469 87
1469 2415 16
1469 5852 68
5090 3919 36
3919 190 14
190 2467 57
190 1525 52
3919 2382 68
2382 4348 84
2382 1937 94
3766 823 6
823 221 47
221 3199 64
3199 842 11
842 251 53
251 1342 14
1342 2003 77
2003 3999 39
3999 1110 48
1110 1322 89
1110 5335 86
3999 2645 42
2645 4204 47
2645 5122 86
2003 1433 65
1433 2110 73
2110 3064 32
2110 1492 56
1433 4024 41
4024 1715 7
4024 3661 51
1342 4031 28
4031 407 74
407 5932 71
5932 4779 15
5932 5437 87
407 202 27
202 3838 66
202 1895 54
4031 5126 10
5126 1734 11
1734 776 59
1734 4278 56
5126 209 26
209 4128 70
209 627 60
251 4767 91
4767 5409 98
5409 2975 98
2975 6111 38
6111 1360 38
6111 3759 36
2975 1382 79
1382 6068 36
1382 876 73
5409 2422 95
2422 3926 60
3926 3567 57
3926 6 2
2422 4979 1
4979 5730 63
4979 257 5
4767 3149 80
3149 1671 36
1671 3061 75
3061 393 94
3061 787 74
1671 1761 1
1761 6215 11
1761 844 27
3149 2236 62
2236 5002 73
5002 4772 38
5002 188 69
2236 5771 51
5771 3764 59
5771 3981 28
842 2221 41
2221 3686 56
3686 3285 26
3285 4025 79
4025 1207 45
1207 4940 13
1207 5115 9
4025 1515 33
1515 1825 85
1515 5982 4
3285 2651 92
2651 585 41
585 4994 57
585 813 44
2651 2740 55
2740 3521 13
2740 3586 23
3686 4506 42
4506 90 87
90 2238 68
2238 834 15
2238 6079 39
90 1037 30
1037 4763 94
1037 883 100
4506 238 3
238 3084 31
3084 310 68
3084 1165 53
238 105 89
105 1942 48
105 2536 93
2221 3228 96
3228 3895 25
3895 3095 23
3095 1955 40
1955 195 37
1955 4119 32
3095 699 72
699 4553 73
699 5851 87
3895 2018 16
2018 6197 14
6197 3587 95
6197 4093 11
2018 300 20
300 5312 8
300 3145 86
3228 5660 62
5660 5224 46
5224 4626 53
4626 5822 28
4626 1635 85
5224 2647 83
2647 3411 21
2647 5998 36
5660 5485 37
5485 1646 51
1646 3736 56
1646 3867 89
5485 4800 39
4800 5973 3
4800 1226 33
3199 3694 34
3694 924 27
924 5491 8
5491 5325 26
5325 3825 15
3825 62 39
62 3487 49
62 5459 87
3825 1660 77
1660 2149 64
1660 4532 100
5325 818 23
818 1812 27
1812 1335 20
1812 4473 30
818 4381 12
4381 5496 33
4381 57 76
5491 3172 64
3172 2287 60
2287 4816 12
4816 5749 98
4816 2471 81
2287 13 47
13 2698 34
13 5735 83
3172 5188 2
5188 2130 74
2130 702 22
2130 1132 4
5188 5164 59
5164 5268 7
5164 1302 82
924 118 66
118 4747 32
4747 5132 96
5132 6128 56
6128 5846 81
6128 6152 83
5132 4309 84
4309 5175 96
4309 5436 34
4747 24 6
24 5283 22
5283 1632 53
5283 2594 36
24 241 85
241 5354 37
241 5524 63
118 2019 49
2019 1162 97
1162 5265 74
5265 3724 98
5265 1869 29
1162 1701 20
1701 1899 32
1701 729 11
2019 5962 74
5962 3958 57
3958 1352 84
3958 4401 77
5962 508 67
508 4406 91
508 835 11
3694 3983 32
3983 3776 22
3776 5507 6
5507 4817 39
4817 4929 54
4929 302 88
4929 4268 22
4817 2153 2
2153 5757 74
2153 4209 28
5507 745 75
745 577 26
577 4974 15
577 3844 60
745 4810 15
4810 1536 77
4810 859 60
3776 1851 63
1851 367 2
367 1571 57
1571 778 91
1571 490 21
367 1011 40
1011 3480 53
1011 5769 94
1851 4944 49
4944 4056 37
4056 5221 23
4056 4467 15
4944 4656 27
4656 2067 33
4656 2721 99
3983 6122 100
6122 1244 90
1244 1164 37
1164 1563 6
1563 2961 30
1563 2052 11
1164 2307 7
2307 2311 3
2307 2846 38
1244 1126 33
1126 2980 80
2980 3201 4
2980 1330 92
1126 2454 94
2454 4116 32
2454 3242 3
6122 4934 56
4934 2145 33
2145 3772 60
3772 4445 98
3772 66 5
2145 2226 51
2226 2889 51
2226 4985 51
4934 3924 99
3924 3398 39
3398 3791 25
3398 5510 66
3924 5858 65
5858 4280 9
5858 4658 64
221 6114 16
6114 3372 98
3372 1453 100
1453 598 21
598 5410 79
5410 4639 10
4639 4571 79
4571 5162 81
4571 4364 99
4639 4895 12
4895 3598 61
4895 4174 54
5410 6091 55
6091 3354 6
3354 696 85
3354 4978 58
6091 1392 14
1392 5332 69
1392 5564 69
598 3834 63
3834 4219 74
4219 2046 19
2046 2215 65
2046 1134 24
4219 2073 70
2073 5612 3
2073 4229 48
3834 4629 35
4629 441 19
441 5086 8
441 3519 50
4629 4453 35
4453 1907 5
4453 5707 49
1453 1649 7
1649 1067 84
1067 2635 11
2635 5399 86
5399 5236 16
5399 4601 61
2635 4956 49
4956 2367 28
4956 5202 15
1067 2712 3
2712 2930 34
2930 1155 51
2930 5834 60
2712 5303 99
5303 5975 20
5303 3116 80
1649 920 61
920 3863 93
3863 5635 99
5635 957 26
5635 2505 68
3863 5252 20
5252 2095 80
5252 1172 67
920 285 6
285 3414 99
3414 431 74
3414 1604 55
285 5929 33
5929 1531 30
5929 4731 55
3372 3355 39
3355 2443 13
2443 435 17
435 1550 76
1550 4782 81
4782 4797 78
4782 4927 76
1550 1138 8
1138 4823 44
1138 4766 79
435 1603 93
1603 4989 94
4989 1036 90
4989 4041 91
1603 2384 65
2384 1084 70
2384 1927 4
2443 2039 9
2039 2414 20
2414 155 81
155 5778 76
155 2883 91
2414 2674 60
2674 3327 94
2674 4920 96
2039 5523 58
5523 552 19
552 2665 2
552 3244 42
5523 4301 49
4301 1731 8
4301 4477 33
3355 992 13
992 2837 25
2837 906 60
906 3221 93
3221 3150 54
3221 3037 36
906 1301 1
1301 4561 49
1301 3396 14
2837 1970 45
1970 838 94
838 1917 55
838 5583 88
1970 2047 59
2047 2638 76
2047 3067 91
992 2353 67
2353 4494 47
4494 1271 23
1271 3947 95
1271 4683 37
4494 382 34
382 6149 40
382 1022 84
2353 4546 92
4546 1773 59
1773 3729 37
1773 1565 85
4546 4410 7
4410 2701 45
4410 2451 17
6114 5543 19
5543 4334 21
4334 2106 77
2106 5600 64
5600 4395 26
4395 1182 12
1182 1838 16
1182 55 74
4395 366 77
366 4240 60
366 5355 19
5600 1328 83
1328 2267 47
2267 1289 77
2267 1691 59
1328 4431 89
4431 2126 96
4431 1677 57
2106 4307 11
4307 4202 42
4202 6078 94
6078 721 45
6078 439 81
4202 2466 29
2466 5384 88
2466 2818 39
4307 573 66
573 672 72
672 318 45
672 2254 62
573 2558 41
2558 4711 16
2558 5053 34
4334 2016 69
2016 5942 79
5942 5134 59
5134 4923 32
4923 399 94
4923 1127 84
5134 4366 8
4366 352 5
4366 6035 2
5942 724 42
724 4284 52
4284 5165 31
4284 3688 52
724 5850 40
5850 157 78
5850 1083 9
2016 5220 51
5220 5840 19
5840 3658 2
3658 1777 47
3658 4142 99
5840 5059 82
5059 1648 34
5059 1791 90
5220 4988 99
4988 3632 57
3632 2535 34
3632 2723 60
4988 3046 97
3046 2013 1
3046 3419 93
5543 2014 65
2014 1380 31
1380 1002 3
1002 2859 48
2859 3690 76
3690 208 38
3690 3800 55
2859 5605 81
5605 6119 92
5605 4552 49
1002 4811 32
4811 4272 74
4272 2044 100
4272 1292 23
4811 3894 51
3894 4858 8
3894 2517 73
1380 3120 21
3120 126 61
126 1911 71
1911 5191 19
1911 3267 43
126 2198 56
2198 3390 60
2198 5314 41
3120 3223 13
3223 5719 46
5719 6084 53
5719 294 61
3223 1528 46
1528 668 45
1528 1638 78
2014 4508 77
4508 179 100
179 15 25
15 3784 52
3784 5759 37
3784 3738 32
15 2283 84
2283 5552 80
2283 4723 80
179 4164 15
4164 3996 53
3996 4566 79
3996 4715 38
4164 4106 3
4106 5784 39
4106 2523 62
4508 172 23
172 206 99
206 1756 85
1756 2104 94
1756 1246 41
206 349 40
349 4048 53
349 1595 82
172 5672 4
5672 112 98
112 2924 34
112 3123 65
5672 3301 96
3301 2204 30
3301 3798 42
823 2707 24
2707 6089 81
6089 616 18
616 2389 27
2389 2478 70
2478 1116 49
1116 2348 11
2348 3165 49
3165 73 80
3165 5066 25
2348 3299 2
3299 709 11
3299 865 14
1116 4870 56
4870 1283 49
1283 3003 28
1283 1729 79
4870 3086 47
3086 328 12
3086 5235 24
2478 5848 40
5848 2313 51
2313 4585 28
4585 4335 73
4585 2705 55
2313 22 78
22 5576 6
22 5468 71
5848 1980 73
1980 4841 87
4841 3761 64
4841 170 48
1980 5547 20
5547 5873 81
5547 899 74
2389 4599 89
4599 2787 82
2787 1669 84
1669 2857 89
2857 3887 61
2857 312 61
1669 108 90
108 782 23
108 3961 26
2787 4556 98
4556 5525 71
5525 2182 53
5525 3104 28
4556 1073 70
1073 168 64
1073 2935 51
4599 6208 9
6208 4352 67
4352 3434 30
3434 2986 33
3434 2866 73
4352 2762 7
2762 4830 38
2762 2714 95
6208 3629 31
3629 5282 76
5282 675 58
5282 3790 78
3629 60 47
60 5446 90
60 1429 52
616 923 87
923 1100 71
1100 781 87
781 5251 76
5251 5065 84
5065 2391 47
5065 1606 17
5251 4289 58
4289 5470 73
4289 1300 14
781 463 81
463 2741 77
2741 1673 41
2741 707 50
463 4079 41
4079 2111 43
4079 4063 10
1100 2952 59
2952 5014 73
5014 1456 42
1456 6192 83
1456 2176 31
5014 5700 31
5700 3763 77
5700 2655 62
2952 392 58
392 205 86
205 370 91
205 2337 5
392 2999 75
2999 3193 94
2999 1625 91
923 4306 98
4306 4244 81
4244 2979 18
2979 1959 33
1959 2083 79
1959 6116 35
2979 2294 90
2294 103 51
2294 6092 48
4244 640 22
640 1187 28
1187 136 41
1187 1121 71
640 4369 20
4369 3778 83
4369 936 32
4306 5506 30
5506 2092 7
2092 4853 25
4853 1767 12
4853 2394 38
2092 2995 55
2995 154 40
2995 430 51
5506 2565 65
2565 3306 25
3306 686 93
3306 728 69
2565 3034 51
3034 4211 87
3034 2713 11
6089 1692 100
1692 6098 19
6098 1465 29
1465 3162 84
3162 5644 97
5644 6222 15
6222 342 26
6222 4825 48
5644 5985 14
5985 1021 47
5985 4012 27
3162 3828 54
3828 1245 18
1245 1415 98
1245 2325 89
3828 2445 1
2445 5152 27
2445 938 47
1465 3260 26
3260 1179 90
1179 4388 36
4388 4616 80
4388 2936 81
1179 5826 38
5826 4346 96
5826 1388 57
3260 4829 31
4829 1943 16
1943 5617 59
1943 4913 69
4829 279 27
279 2339 59
279 1925 87
6098 1227 7
1227 4958 42
4958 2491 83
2491 4992 21
4992 298 67
4992 1981 82
2491 750 34
750 4937 66
750 4026 60
4958 6059 40
6059 1698 83
1698 5135 57
1698 2882 80
6059 1862 35
1862 3430 35
1862 1402 26
1227 5574 60
5574 4999 24
4999 2138 14
2138 3263 92
2138 1652 56
4999 5141 51
5141 5287 87
5141 2860 12
5574 1295 81
1295 1308 3
1308 113 71
1308 3255 49
1295 3204 81
3204 1253 29
3204 5452 87
1692 2773 87
2773 5898 22
5898 17 70
17 5078 59
5078 2919 41
2919 5888 51
2919 6178 44
5078 2969 6
2969 4700 11
2969 1269 35
17 5017 40
5017 1855 19
1855 817 14
1855 462 74
5017 4509 54
4509 381 92
4509 5334 86
5898 4368 29
4368 2557 5
2557 2463 77
2463 5469 85
2463 5166 7
2557 3630 15
3630 3680 96
3630 1849 88
4368 5406 69
5406 5987 66
5987 2668 88
5987 1718 49
5406 5909 46
5909 2097 75
5909 6144 87
2773 2335 20
2335 3192 96
3192 5916 97
5916 87 60
87 594 98
87 2101 41
5916 6000 17
6000 425 8
6000 2686 27
3192 1255 56
1255 135 79
135 5402 93
135 2766 81
1255 3247 32
3247 6082 84
3247 4133 66
2335 5178 60
5178 5372 40
5372 273 94
273 6155 44
273 5767 46
5372 4009 61
4009 3151 92
4009 2865 85
5178 1539 29
1539 4233 9
4233 4732 25
4233 10 78
1539 3140 55
3140 2682 51
3140 601 16
2707 6123 26
6123 5279 46
5279 4452 13
4452 3848 85
3848 1029 43
1029 2925 53
2925 2036 53
2036 916 3
2036 659 31
2925 5883 60
5883 2525 33
5883 5741 23
1029 4876 40
4876 3287 64
3287 156 58
3287 5447 58
4876 2498 75
2498 1146 97
2498 6070 3
3848 604 71
604 45 95
45 1128 63
1128 5989 62
1128 2780 31
45 6182 92
6182 3215 22
6182 1195 7
604 771 21
771 183 28
183 2867 57
183 6104 36
771 1184 53
1184 1329 54
1184 4136 100
4452 2129 89
2129 307 49
307 1586 4
1586 3425 41
3425 2971 3
3425 4749 35
1586 4739 100
4739 5347 35
4739 3909 57
307 4182 92
4182 5381 98
5381 314 15
5381 1345 1
4182 5187 24
5187 4674 63
5187 6054 3
2129 6009 94
6009 3604 9
3604 1909 18
1909 3024 7
1909 3898 92
3604 198 9
198 2015 29
198 1044 98
6009 1423 81
1423 450 56
450 2910 7
450 4054 68
1423 4205 9
4205 2792 12
4205 5346 68
5279 4476 97
4476 1840 60
1840 2432 71
2432 5114 90
5114 970 62
970 2905 5
970 4192 41
5114 3912 48
3912 4964 14
3912 4957 32
2432 1135 97
1135 5458 28
5458 2413 32
5458 2041 21
1135 5299 42
5299 1230 87
5299 6077 14
1840 2901 3
2901 5421 4
5421 4804 73
4804 2989 94
4804 3457 64
5421 5686 1
5686 319 91
5686 4712 44
2901 596 56
596 5051 49
5051 4722 63
5051 6186 16
596 6187 61
6187 4318 30
6187 4917 65
4476 5180 20
5180 5964 53
5964 1702 54
1702 2326 34
2326 30 57
2326 741 94
1702 3500 33
3500 727 22
3500 4157 78
5964 2117 30
2117 5855 1
5855 3489 9
5855 4851 50
2117 3475 43
3475 521 95
3475 465 15
5180 2282 45
2282 1932 98
1932 2758 87
2758 5449 38
2758 4007 13
1932 3008 39
3008 736 80
3008 915 56
2282 2109 95
2109 619 81
619 1357 71
619 1223 62
2109 4581 41
4581 5905 100
4581 824 26
6123 3551 12
3551 5168 4
5168 4234 31
4234 3345 97
3345 1077 13
1077 6015 25
6015 3506 30
6015 2616 34
1077 1678 54
1678 2693 59
1678 2520 35
3345 4943 62
4943 32 60
32 4621 29
32 5015 9
4943 2119 74
2119 3190 73
2119 3785 58
4234 3141 13
3141 1871 62
1871 1101 71
1101 5182 51
1101 4733 93
1871 1042 78
1042 2441 97
1042 5376 73
3141 1123 48
1123 1659 59
1659 2354 65
1659 114 100
1123 879 36
879 3545 77
879 509 3
5168 4426 67
4426 56 73
56 5153 15
5153 120 43
120 2632 2
120 1167 49
5153 3833 96
3833 5494 12
3833 5870 35
56 2368 9
2368 4595 71
4595 5636 63
4595 2085 69
2368 720 97
720 2442 87
720 2291 27
4426 245 61
245 5277 100
5277 4867 49
4867 2802 63
4867 4901 92
5277 2852 26
2852 3111 60
2852 5721 17
245 839 26
839 1885 70
1885 5655 81
1885 3979 25
839 3458 5
3458 1664 9
3458 75 79
3551 4814 23
4814 4490 82
4490 4216 94
4216 1203 65
1203 2622 35
2622 2917 94
2622 4809 12
1203 2386 99
2386 3950 80
2386 576 21
4216 4488 21
4488 3179 42
3179 3254 89
3179 5300 69
4488 586 80
586 5829 67
586 3065 29
4490 3484 79
3484 5876 15
5876 5306 92
5306 3050 22
5306 437 93
5876 885 3
885 2009 90
885 3490 18
3484 1658 72
1658 3300 23
3300 3513 94
3300 4131 28
1658 5032 31
5032 4899 72
5032 1696 51
4814 5383 64
5383 1494 17
1494 5245 15
5245 875 99
875 6042 62
875 3977 27
5245 5209 49
5209 973 41
5209 270 99
1494 469 69
469 1440 34
1440 1732 39
1440 2231 38
469 1218 13
1218 6018 6
1218 2053 18
5383 4967 43
4967 3687 72
3687 3028 9
3028 2265 17
3028 4827 64
3687 1639 63
1639 3045 58
1639 1279 33
4967 2178 34
2178 1618 80
1618 2574 26
1618 5577 62
2178 5687 11
5687 2518 98
5687 2349 12
5810 1102 74
1102 5445 66
5445 6007 78
6007 4049 24
4049 1572 28
1572 4892 56
4892 398 72
398 151 68
151 1902 54
1902 3320 93
3320 5818 2
3320 978 93
1902 4064 30
4064 3429 66
4064 3927 50
151 648 47
648 4969 61
4969 284 73
4969 1267 8
648 4251 77
4251 3374 37
4251 4856 70
398 3174 34
3174 6226 21
6226 5692 56
5692 1125 66
5692 2115 47
6226 2854 17
2854 3281 76
2854 5894 96
3174 5005 80
5005 700 1
700 1612 61
700 542 57
5005 4708 77
4708 3055 88
4708 3236 13
4892 5986 48
5986 5746 8
5746 930 18
930 4852 40
4852 4296 9
4852 2954 62
930 3809 21
3809 3496 26
3809 4799 11
5746 5926 20
5926 1630 86
1630 2154 84
1630 2250 27
5926 5426 14
5426 1156 72
5426 1903 48
5986 5106 100
5106 1410 92
1410 1749 3
1749 991 65
1749 3118 90
1410 3194 19
3194 748 92
3194 5893 85
5106 5063 98
5063 2679 92
2679 456 98
2679 2844 7
5063 6096 20
6096 138 37
6096 6023 19
1572 1311 68
1311 2438 44
2438 4902 88
4902 4608 59
4608 1204 4
1204 485 50
1204 2756 32
4608 5554 30
5554 1495 60
5554 4432 51
4902 1374 67
1374 3169 95
3169 2208 77
3169 3356 33
1374 3413 18
3413 1863 24
3413 5555 32
2438 4313 62
4313 6126 27
6126 4200 96
4200 1307 51
4200 2615 97
6126 3357 39
3357 350 88
3357 4540 47
4313 5665 82
5665 2022 37
2022 1986 53
2022 6207 2
5665 2945 73
2945 4673 23
2945 2572 21
1311 148 69
148 5718 10
5718 2161 79
2161 1277 72
1277 2711 11
1277 1159 10
2161 5896 53
5896 1324 23
5896 1867 60
5718 1541 72
1541 803 17
803 61 88
803 2694 4
1541 4042 87
4042 4938 64
4042 5598 35
148 2218 48
2218 4166 42
4166 3932 82
3932 6013 98
3932 2289 90
4166 2778 20
2778 1394 37
2778 1820 36
2218 2970 53
2970 1309 73
1309 6180 40
1309 2790 54
2970 3799 98
3799 3812 14
3799 2202 74
4049 1819 66
1819 655 76
655 926 5
926 5365 37
5365 4632 86
4632 1645 66
1645 117 42
1645 3660 8
4632 4980 78
4980 5817 13
4980 3264 77
5365 3432 65
3432 4293 68
4293 4984 63
4293 2750 80
3432 770 2
770 1341 10
770 1848 21
926 2406 35
2406 4055 59
4055 684 11
684 3378 6
684 3168 96
4055 3428 98
3428 5861 58
3428 1449 68
2406 289 38
289 1991 64
1991 904 65
1991 2186 3
289 4213 89
4213 2606 82
4213 1285 78
655 5408 93
5408 796 71
796 6094 64
6094 2642 59
2642 5229 12
2642 2374 71
6094 2141 88
2141 3948 76
2141 6073 99
796 3583 4
3583 4968 43
4968 1977 61
4968 3913 84
3583 481 96
481 4030 70
481 6088 4
5408 961 30
961 1557 29
1557 3711 66
3711 5842 35
3711 1674 76
1557 4866 64
4866 2533 44
4866 5628 43
961 2559 53
2559 1968 7
1968 1957 60
1968 1987 55
2559 1240 96
1240 5140 41
1240 3188 33
1819 4398 40
4398 3592 63
3592 1442 48
1442 5674 50
5674 2928 74
2928 2033 70
2928 3171 37
5674 4678 1
4678 4115 69
4678 1745 41
1442 3942 43
3942 5363 29
5363 5455 24
5363 1408 90
3942 5098 51
5098 3627 79
5098 2603 19
3592 1435 31
1435 4199 97
4199 5667 5
5667 1321 6
5667 4756 12
4199 3202 1
3202 5568 100
3202 1683 16
1435 5573 59
5573 1717 59
1717 3416 70
1717 742 54
5573 5647 52
5647 4909 54
5647 5969 46
4398 5776 14
5776 2609 53
2609 5752 95
5752 4405 40
4405 2329 23
4405 3571 84
5752 5631 92
5631 6083 43
5631 2408 24
2609 106 87
106 2849 23
2849 567 99
2849 458 76
106 2964 73
2964 976 29
2964 1568 47
5776 5866 3
5866 1457 77
1457 1177 51
1177 5273 60
1177 1831 88
1457 3544 3
3544 4945 60
3544 2899 3
5866 1174 62
1174 4183 70
4183 2050 25
4183 3742 15
1174 5246 21
5246 5879 30
5246 5067 12
6007 2455 87
2455 5978 35
5978 3666 7
3666 3516 78
3516 1800 57
1800 2430 90
2430 5131 69
5131 4721 51
5131 3420 65
2430 4591 55
4591 3479 73
4591 530 15
1800 4569 83
4569 5729 98
5729 5961 43
5729 129 29
4569 3670 52
3670 5616 72
3670 1584 79
3516 3588 12
3588 5934 59
5934 1808 82
1808 600 71
1808 3726 14
5934 1898 95
1898 2309 40
1898 2873 90
3588 1613 9
1613 5420 13
5420 5904 19
5420 1501 73
1613 5578 51
5578 4709 53
5578 1534 79
3666 2579 80
2579 2726 61
2726 5228 20
5228 1065 100
1065 4939 63
1065 1834 36
5228 1489 55
1489 3305 36
1489 5697 2
2726 791 37
791 2521 85
2521 1185 44
2521 2002 17
791 1006 88
1006 2939 15
1006 3438 95
2579 1828 99
1828 119 26
119 4304 28
4304 5087 21
4304 807 91
119 1704 22
1704 3060 61
1704 1431 80
1828 3937 83
3937 3888 25
3888 6159 98
3888 1194 55
3937 4177 27
4177 3056 3
4177 6062 85
5978 1950 6
1950 789 15
789 2020 56
2020 944 5
944 3589 78
3589 2397 43
3589 1824 11
944 2775 65
2775 2486 44
2775 4521 99
2020 4990 49
4990 3348 39
3348 5996 15
3348 5019 36
4990 4885 6
4885 3908 62
4885 3899 87
789 4152 83
4152 3424 89
3424 4547 7
4547 5333 73
4547 2171 63
3424 4088 19
4088 2612 52
4088 4536 97
4152 4507 43
4507 4413 1
4413 2476 3
4413 1753 69
4507 2732 3
2732 3379 39
2732 1144 26
1950 3011 18
3011 81 46
81 3526 31
3526 1821 47
1821 990 88
1821 2911 41
3526 71 11
71 4197 83
71 3170 40
81 4279 11
4279 3597 73
3597 3860 6
3597 4161 98
4279 3917 78
3917 163 67
3917 5559 84
3011 4662 60
4662 63 8
63 6175 43
6175 2103 84
6175 347 70
63 3211 61
3211 4138 35
3211 2601 18
4662 416 56
416 1426 36
1426 5794 20
1426 3440 76
416 1921 90
1921 3472 58
1921 4249 2
2455 4417 7
4417 826 55
826 5238 84
5238 26 53
26 4615 94
4615 5062 76
5062 3743 15
5062 584 76
4615 763 67
763 988 25
763 5590 48
26 1053 73
1053 937 23
937 5156 78
937 1016 39
1053 2140 58
2140 37 89
2140 3635 46
5238 3508 100
3508 215 73
215 2375 67
2375 1241 13
2375 2650 7
215 1294 84
1294 199 20
1294 5533 42
3508 1888 3
1888 5327 47
5327 6156 32
5327 5646 12
1888 2332 100
2332 4862 90
2332 1458 18
826 2812 83
2812 4429 95
4429 1332 11
1332 5760 59
5760 850 9
5760 1215 38
1332 5740 77
5740 519 86
5740 4652 86
4429 909 49
909 1611 60
1611 5516 15
1611 4523 88
909 3085 17
3085 714 3
3085 3385 85
2812 3879 69
3879 1597 75
1597 303 52
303 1993 33
303 1261 34
1597 4071 35
4071 2881 52
4071 185 27
3879 2607 90
2607 2987 98
2987 178 10
2987 5579 53
2607 3126 98
3126 3911 52
3126 531 23
4417 3106 32
3106 2497 46
2497 2249 33
2249 3431 42
3431 3361 6
3361 2352 71
3361 3824 19
3431 5563 43
5563 3556 8
5563 402 67
2249 2248 2
2248 65 22
65 4225 6
65 3491 71
2248 1764 76
1764 5479 91
1764 2680 39
2497 2915 3
2915 5498 94
5498 5248 71
5248 3953 36
5248 2670 80
5498 1124 74
1124 3453 62
1124 3109 21
2915 5595 71
5595 4373 24
4373 2584 74
4373 5615 20
5595 4282 75
4282 1713 48
4282 5057 52
3106 4836 72
4836 2728 80
2728 5311 93
5311 4474 77
4474 4584 2
4474 3121 63
5311 2819 20
2819 1564 9
2819 1716 30
2728 4163 73
4163 2602 82
2602 522 87
2602 4077 43
4163 4094 58
4094 2347 77
4094 3713 81
4836 997 60
997 2908 22
2908 3678 3
3678 2251 47
3678 1706 2
2908 5112 76
5112 4273 60
5112 1574 22
997 3477 99
3477 1883 83
1883 5472 47
1883 1626 18
3477 4750 57
4750 5548 94
4750 3986 21
5445 464 28
464 591 26
591 2010 14
2010 4498 57
4498 3502 27
3502 5911 76
5911 3501 28
3501 3611 36
3611 3810 57
3611 3256 100
3501 281 69
281 79 44
281 3622 43
5911 3068 78
3068 5844 72
5844 4663 75
5844 4471 37
3068 747 94
747 3359 30
747 1444 35
3502 5890 47
5890 3684 57
3684 1114 95
1114 2278 68
1114 3777 55
3684 2223 77
2223 1046 67
2223 1113 25
5890 918 34
918 2360 60
2360 5113 45
2360 1222 13
918 3042 85
3042 536 10
3042 4660 69
4498 2696 64
2696 2162 38
2162 1774 96
1774 143 51
143 2724 94
143 2940 48
1774 5806 19
5806 4864 89
5806 5049 42
2162 897 97
897 6151 13
6151 4971 68
6151 5596 85
897 658 6
658 726 97
658 5960 20
2696 4090 4
4090 53 6
53 5670 14
5670 1049 71
5670 1007 60
53 5100 90
5100 3703 89
5100 5770 84
4090 4502 75
4502 31 49
31 749 29
31 1391 88
4502 5385 85
5385 1562 90
5385 4677 8
2010 6137 48
6137 5500 27
5500 5814 56
5814 250 98
250 5653 21
5653 3973 55
5653 3914 17
250 1496 61
1496 502 96
1496 6033 65
5814 3005 73
3005 693 63
693 5120 49
693 1846 30
3005 907 12
907 4271 68
907 4315 33
5500 1479 17
1479 5522 33
5522 2667 56
2667 2704 28
2667 1118 23
5522 4843 44
4843 483 64
4843 1378 49
1479 3976 44
3976 4290 92
4290 4135 88
4290 4254 29
3976 1913 33
1913 5959 96
1913 1276 76
6137 6218 60
6218 5727 3
5727 5805 26
5805 5010 32
5010 5705 57
5010 2863 42
5805 3435 92
3435 3382 4
3435 4139 58
5727 5227 65
5227 1872 18
1872 5111 6
1872 1286 46
5227 316 29
316 1107 26
316 3448 31
6218 1945 97
1945 3765 58
3765 1471 86
1471 6004 77
1471 2062 80
3765 939 29
939 3682 40
939 4076 81
1945 1248 25
1248 5811 83
5811 1593 68
5811 2299 53
1248 5319 15
5319 5751 15
5319 5356 80
591 612 74
612 2035 69
2035 6124 5
6124 5673 5
5673 1935 25
1935 5637 98
5637 4780 49
5637 233 80
1935 4668 55
4668 1025 65
4668 5974 98
5673 1904 61
1904 1728 10
1728 4098 78
1728 5688 86
1904 2660 40
2660 372 27
2660 3072 43
6124 1178 77
1178 3610 3
3610 5681 75
5681 5586 58
5681 1436 94
3610 4770 7
4770 603 82
4770 2506 76
1178 2199 74
2199 790 34
790 6165 42
790 5076 41
2199 5297 65
5297 2998 68
5297 5765 9
2035 3495 70
3495 1751 24
1751 4324 34
4324 1396 67
1396 725 72
1396 896 13
4324 820 22
820 1551 36
820 313 62
1751 1139 34
1139 214 98
214 4592 40
214 4370 19
1139 1558 37
1558 4953 66
1558 5133 13
3495 3837 66
3837 5828 20
5828 5711 39
5711 746 23
5711 5777 13
5828 373 97
373 1951 4
373 2875 88
3837 3988 71
3988 3892 89
3892 2904 81
3892 1735 11
3988 3076 53
3076 1206 48
3076 3092 71
612 1012 22
1012 4857 72
4857 2298 56
2298 5157 41
5157 1524 43
1524 2625 69
1524 3216 62
5157 4707 31
4707 5370 82
4707 2144 95
2298 326 28
326 2122 21
2122 5042 65
2122 5471 16
326 2795 86
2795 767 29
2795 821 81
4857 3152 57
3152 5632 20
5632 1889 55
1889 4357 69
1889 4029 16
5632 4970 58
4970 4822 8
4970 4878 38
3152 2898 98
2898 2225 89
2225 3006 48
2225 116 51
2898 5638 88
5638 843 19
5638 1425 24
1012 2084 59
2084 966 74
966 2808 64
2808 3245 54
3245 3310 94
3245 5515 77
2808 4181 84
4181 2338 28
4181 2402 23
966 1166 63
1166 5006 48
5006 436 39
5006 3756 30
1166 4676 86
4676 3530 68
4676 4390 63
2084 4688 42
4688 3829 39
3829 3939 17
3939 4818 11
3939 397 54
3829 2623 27
2623 5047 70
2623 2656 92
4688 1499 76
1499 181 58
181 51 91
181 1891 78
1499 5427 46
5427 1938 61
5427 5024 2
464 1145 56
1145 3079 87
3079 1759 17
1759 4147 9
4147 4684 32
4684 2000 46
2000 2695 44
2695 4109 59
2695 5324 68
2000 4169 58
4169 3239 59
4169 3259 7
4684 5457 88
5457 494 44
494 4768 26
494 4442 2
5457 2659 37
2659 4665 64
2659 4578 18
4147 4383 99
4383 3593 17
3593 3876 96
3876 5584 69
3876 5796 60
3593 3650 72
3650 3154 26
3650 4861 3
4383 6025 49
6025 5761 23
5761 1349 63
5761 1466 2
6025 2851 31
2851 1278 49
2851 2677 19
1759 1622 39
1622 1280 33
1280 1090 16
1090 5862 35
5862 3732 91
5862 3930 83
1090 656 44
656 3380 1
656 560 41
1280 1640 83
1640 3036 44
3036 3602 66
3036 5322 84
1640 3334 33
3334 3019 81
3334 613 54
1622 1219 31
1219 4528 50
4528 4232 49
4232 5999 99
4232 1884 9
4528 2991 20
2991 1901 77
2991 5702 11
1219 676 21
676 3767 51
3767 3618 26
3767 297 22
676 5629 81
5629 1771 26
5629 3836 92
3079 2729 72
2729 4669 58
4669 391 7
391 5338 58
5338 4777 1
4777 5526 42
4777 1789 1
5338 2439 1
2439 1004 82
2439 739 84
391 3235 97
3235 4785 100
4785 1233 67
4785 529 29
3235 3499 32
3499 5768 20
3499 6204 59
4669 4582 81
4582 1657 21
1657 4597 10
4597 5286 42
4597 4386 92
1657 1343 38
1343 2075 4
1343 1850 12
4582 1726 88
1726 2716 29
2716 797 34
2716 694 69
1726 2135 7
2135 2401 77
2135 711 40
2729 1459 64
1459 1878 84
1878 3370 97
3370 1445 16
1445 4558 25
1445 967 49
3370 216 69
216 4520 58
216 1059 32
1878 4773 65
4773 2437 9
2437 2077 51
2437 5754 45
4773 3813 41
3813 2482 22
3813 70 55
1459 1281 21
1281 772 94
772 2378 64
2378 3108 14
2378 4188 86
772 4765 1
4765 217 18
4765 423 97
1281 2510 41
2510 1936 98
1936 2887 82
1936 3851 61
2510 4261 56
4261 4238 11
4261 5453 100
1145 2959 72
2959 1064 94
1064 6176 48
6176 2774 87
2774 5243 70
5243 34 48
34 995 55
34 6027 27
5243 959 32
959 4227 71
959 1845 88
2774 1092 82
1092 6001 15
6001 1984 28
6001 2972 55
1092 1428 70
1428 3189 100
1428 5213 49
6176 5121 85
5121 5373 14
5373 1709 34
1709 1293 38
1709 1780 83
5373 4023 82
4023 4588 78
4023 4717 32
5121 4326 16
4326 1237 38
1237 408 88
1237 3210 26
4326 2876 89
2876 6132 59
2876 5143 71
1064 516 88
516 628 97
628 5444 92
5444 1518 35
1518 2997 4
1518 4372 70
5444 4751 66
4751 5296 74
4751 5689 57
628 3550 99
3550 5704 41
5704 1900 84
5704 4725 54
3550 2691 10
2691 1249 84
2691 4283 54
516 1919 46
1919 3469 49
3469 3906 39
3906 4069 83
3906 4105 31
3469 1170 72
1170 5249 12
1170 932 14
1919 6216 87
6216 292 1
292 4270 1
292 4659 64
6216 3176 89
3176 872 11
3176 2179 86
2959 911 28
911 4877 8
4877 2456 77
2456 3718 15
3718 5787 63
5787 1675 99
5787 5980 80
3718 4758 36
4758 3347 55
4758 4912 31
2456 682 76
682 3198 91
3198 773 36
3198 2927 37
682 54 26
54 211 89
54 3127 35
4877 6194 74
6194 575 79
575 538 17
538 4589 56
538 637 50
575 4285 81
4285 4826 69
4285 3804 89
6194 3409 81
3409 4067 22
4067 5371 52
4067 5204 22
3409 3549 84
3549 1152 90
3549 753 49
911 5337 91
5337 6196 18
6196 858 63
858 1291 5
1291 2051 16
1291 2715 95
858 4960 41
4960 4774 23
4960 1454 77
6196 3623 68
3623 1576 13
1576 2831 12
1576 5159 57
3623 1234 38
1234 428 52
1234 1894 91
5337 2512 63
2512 5601 30
5601 4420 59
4420 2334 18
4420 2396 79
5601 1520 91
1520 2753 38
1520 2358 19
2512 6100 72
6100 1681 11
1681 2148 71
1681 4286 93
6100 4038 95
4038 2739 12
4038 3992 93
1102 4573 37
4573 5081 29
5081 2121 56
2121 5016 42
5016 4919 45
4919 498 2
498 5919 34
5919 3381 67
3381 3386 78
3386 929 53
3386 910 31
3381 5756 41
5756 133 9
5756 3464 68
5919 3344 92
3344 4653 51
4653 4206 82
4653 357 73
3344 6168 62
6168 6233 51
6168 243 3
498 582 52
582 953 88
953 4472 22
4472 691 75
4472 3925 51
953 6037 44
6037 6221 67
6037 5189 97
582 3609 55
3609 6032 60
6032 1317 33
6032 3558 83
3609 1616 67
1616 4511 26
1616 1727 79
4919 2189 68
2189 2947 59
2947 5773 97
5773 2192 97
2192 3762 64
2192 5341 27
5773 388 37
388 1142 24
388 1527 46
2947 903 28
903 2652 75
2652 2177 79
2652 5039 52
903 1856 88
1856 3094 29
1856 4330 54
2189 3007 91
3007 2823 17
2823 4462 75
4462 5388 66
4462 4603 19
2823 1873 18
1873 2275 84
1873 4122 15
3007 6147 24
6147 1877 95
1877 1303 99
1877 5908 7
6147 1106 13
1106 4235 25
1106 5190 37
5016 5625 32
5625 2088 35
2088 5377 86
5377 173 28
173 3945 98
3945 3693 64
3945 5217 64
173 1508 22
1508 4548 62
1508 788 43
5377 3314 48
3314 2942 40
2942 913 46
2942 1519 87
3314 2513 69
2513 3286 100
2513 713 77
2088 4879 37
4879 3459 26
3459 3452 94
3452 1866 55
3452 4230 96
3459 329 78
329 380 21
329 1275 19
4879 697 24
697 1929 19
1929 2990 77
1929 1257 37
697 3138 43
3138 3535 66
3138 5669 68
5625 3802 30
3802 5724 51
5724 354 48
354 3280 79
3280 5223 14
3280 2738 63
354 5353 100
5353 4753 27
5353 6232 6
5724 3052 99
3052 1310 67
1310 3249 3
1310 1129 85
3052 5177 35
5177 4590 2
5177 4060 14
3802 2194 23
2194 1137 80
1137 5820 7
5820 5662 77
5820 5058 75
1137 1397 36
1397 4428 97
1397 2806 93
2194 2120 60
2120 1147 67
1147 2538 22
1147 2393 48
2120 3960 10
3960 3701 87
3960 1521 15
2121 1209 91
1209 271 37
271 5538 62
5538 4000 69
4000 4936 2
4936 4114 25
4114 1208 21
4114 5486 29
4936 710 82
710 2304 19
710 4611 47
4000 4726 84
4726 1573 56
1573 1933 81
1573 4690 38
4726 227 21
227 5821 3
227 6041 69
5538 4771 79
4771 570 31
570 695 43
695 256 15
695 855 79
570 1555 87
1555 983 26
1555 764 45
4771 2662 8
2662 2150 73
2150 89 6
2150 950 46
2662 1577 39
1577 5146 96
1577 2234 82
271 4253 53
4253 296 17
296 5609 36
5609 2040 77
2040 768 37
2040 1054 16
5609 6142 10
6142 2801 7
6142 263 62
296 4333 45
4333 2021 14
2021 3439 94
2021 2300 34
4333 735 34
735 29 48
735 46 2
4253 5110 13
5110 5179 78
5179 5714 96
5714 5627 79
5714 717 8
5179 177 83
177 4947 56
177 3608 52
5110 4320 42
4320 1668 80
1668 5012 10
1668 4534 88
4320 4201 18
4201 110 57
4201 2158 21
1209 5799 70
5799 1014 73
1014 230 8
230 5424 98
5424 4975 9
4975 5374 23
4975 3707 7
5424 2853 68
2853 134 84
2853 1822 4
230 5869 81
5869 6019 77
6019 1682 37
6019 1013 15
5869 3840 76
3840 649 39
3840 5933 79
1014 5185 53
5185 2718 34
2718 5695 9
5695 2038 12
5695 4743 68
2718 1654 16
1654 5292 16
1654 4008 62
5185 5431 95
5431 3144 25
3144 3466 1
3144 3307 64
5431 88 33
88 5753 21
88 3274 34
5799 2380 6
2380 356 81
356 3134 83
3134 2369 66
2369 3015 3
2369 2906 42
3134 4557 33
4557 2515 39
4557 4719 45
356 2312 14
2312 3033 67
3033 2245 81
3033 4493 80
2312 806 43
806 2765 71
806 1327 10
2380 2618 47
2618 708 57
708 862 70
862 5633 59
862 5970 76
708 2921 85
2921 2169 26
2921 6171 37
2618 706 31
706 1600 50
1600 4567 37
1600 293 94
706 3023 34
3023 475 10
3023 1133 79
5081 5085 39
5085 2532 90
2532 4950 62
4950 1089 57
1089 524 44
524 2357 3
2357 703 89
703 3394 82
703 4930 99
2357 3161 54
3161 5927 1
3161 3901 31
524 1406 85
1406 1730 43
1730 1063 2
1730 3234 46
1406 4480 41
4480 5476 10
4480 5706 15
1089 4702 51
4702 4949 85
4949 1401 51
1401 4228 76
1401 2633 22
4949 6039 81
6039 3059 77
6039 320 10
4702 98 27
98 3758 11
3758 4033 71
3758 468 5
98 5630 1
5630 3053 60
5630 1082 18
4950 2542 57
2542 5797 56
5797 4107 72
4107 5394 98
5394 5285 89
5394 3272 70
4107 4654 51
4654 2213 89
4654 5025 1
5797 100 88
100 4167 83
4167 1714 54
4167 733 33
100 474 76
474 2608 63
474 175 100
2542 4518 26
4518 1452 99
1452 4021 50
4021 6066 54
4021 4610 72
1452 5684 83
5684 3117 30
5684 5258 82
4518 169 9
169 2308 92
2308 5880 52
2308 5256 65
169 716 93
716 420 64
716 5035 83
2532 1417 49
1417 5860 71
5860 2258 6
2258 5659 98
5659 5443 59
5443 5290 76
5443 3058 1
5659 6229 100
6229 4689 28
6229 513 88
2258 5762 82
5762 998 33
998 4738 72
998 4898 9
5762 605 95
605 4952 71
605 332 35
5860 1688 45
1688 299 73
299 2320 88
2320 5137 17
2320 4242 7
299 3486 69
3486 2709 98
3486 3875 67
1688 484 61
484 3874 1
3874 3212 31
3874 2274 5
484 4544 16
4544 3415 65
4544 3284 53
1417 4422 86
4422 1672 71
1672 1650 51
1650 2270 97
2270 2589 98
2270 5571 51
1650 4212 96
4212 5943 25
4212 4718 90
1672 1750 29
1750 1605 9
1605 3641 61
1605 5995 38
1750 2366 55
2366 3200 84
2366 1351 24
4422 4551 99
4551 2410 8
2410 4214 63
4214 3016 15
4214 3723 14
2410 207 31
207 5654 64
207 467 80
4551 833 43
833 5116 65
5116 4020 62
5116 958 47
833 1705 80
1705 4803 27
1705 2549 52
5085 3568 18
3568 877 97
877 1858 54
1858 3051 14
3051 1443 46
1443 665 56
665 5935 61
665 4993 22
1443 5308 45
5308 415 89
5308 890 30
3051 3412 57
3412 409 78
409 3238 84
409 663 92
3412 2688 1
2688 3739 82
2688 1228 99
1858 2398 63
2398 779 49
779 4704 64
4704 2895 46
4704 5439 12
779 1024 95
1024 704 88
1024 775 76
2398 5972 57
5972 3826 35
3826 5261 8
3826 1136 83
5972 5176 86
5176 4028 77
5176 3612 31
877 5281 39
5281 345 90
345 5988 28
5988 3577 94
3577 4482 50
3577 4314 49
5988 4514 90
4514 2147 90
4514 101 78
345 4111 46
4111 338 68
338 3125 61
338 1522 90
4111 2201 68
2201 3368 94
2201 6220 88
5281 2196 83
2196 4351 42
4351 1944 4
1944 2446 28
1944 4430 54
4351 4685 98
4685 5838 67
4685 3585 81
2196 5936 54
5936 2951 1
2951 3402 40
2951 3573 88
5936 1506 38
1506 853 16
1506 5475 70
3568 4563 28
4563 2165 5
2165 4796 97
4796 1859 73
1859 5912 6
5912 340 45
5912 4513 62
1859 2183 96
2183 1585 22
2183 4890 60
4796 5915 63
5915 1386 34
1386 3655 49
1386 5501 82
5915 5418 80
5418 4419 88
5418 5440 16
2165 35 73
35 4757 91
4757 3606 43
3606 5949 26
3606 3443 89
4757 268 10
268 440 59
268 5414 94
35 4832 62
4832 6113 98
6113 905 82
6113 3527 52
4832 2743 14
2743 6140 51
2743 1946 79
4563 3164 70
3164 4303 48
4303 1119 4
1119 1599 76
1599 1027 92
1599 3857 65
1119 5903 23
5903 4987 66
5903 5798 76
4303 635 85
635 3395 51
3395 4670 76
3395 548 18
635 527 30
527 571 64
527 4355 34
3164 3830 3
3830 7 6
7 1620 28
1620 518 80
1620 5301 94
7 4305 89
4305 1098 38
4305 3454 40
3830 5358 3
5358 4066 88
4066 1070 21
4066 1186 54
5358 3705 1
3705 3219 23
3705 361 84
4573 1354 70
1354 692 70
692 1733 87
1733 107 45
107 2841 14
2841 5642 4
5642 2069 67
2069 1488 31
1488 2160 79
1488 2843 3
2069 5728 81
5728 4906 55
5728 4776 73
5642 2424 63
2424 4863 70
4863 255 58
4863 3122 65
2424 1081 75
1081 3868 85
1081 1377 96
2841 5958 21
5958 395 26
395 3417 86
3417 2495 60
3417 5413 80
395 2913 73
2913 1971 32
2913 6047 33
5958 4070 73
4070 5954 54
5954 1298 68
5954 2903 42
4070 4342 76
4342 3022 7
4342 4530 39
107 4761 89
4761 1383 10
1383 4396 57
4396 3250 19
3250 317 40
3250 5163 12
4396 4043 51
4043 3648 46
4043 5380 84
1383 1477 13
1477 1404 15
1404 265 93
1404 2363 29
1477 4337 42
4337 5608 77
4337 2916 25
4761 3970 62
3970 2470 54
2470 3712 62
3712 5867 73
3712 5336 33
2470 5083 34
5083 1667 4
5083 5 17
3970 3594 6
3594 2496 57
2496 2878 85
2496 949 99
3594 2143 84
2143 1801 43
2143 346 89
1733 758 72
758 2049 52
2049 3750 46
3750 5330 42
5330 1161 91
1161 3852 9
1161 1788 45
5330 3447 89
3447 2100 92
3447 3639 57
3750 2822 3
2822 2581 36
2581 4537 86
2581 1915 44
2822 3316 64
3316 3131 62
3316 5160 57
2049 2028 18
2028 5071 23
5071 2614 29
2614 837 2
2614 1624 8
5071 5123 84
5123 3246 19
5123 2821 13
2028 3755 41
3755 829 55
829 760 63
829 1989 24
3755 6110 97
6110 4438 52
6110 4411 48
758 5055 100
5055 495 49
495 3504 41
3504 630 42
630 3331 9
630 2305 85
3504 1826 30
1826 5052 52
1826 2771 42
495 3754 33
3754 5763 87
5763 5882 79
5763 1131 28
3754 3252 50
3252 5661 92
3252 3770 37
5055 471 67
471 4259 66
4259 1588 65
1588 493 69
1588 3268 73
4259 5931 49
5931 5534 39
5931 3197 37
471 3146 41
3146 2511 93
2511 2076 51
2511 2570 16
3146 1793 41
1793 5461 54
1793 2782 15
692 2786 40
2786 3669 54
3669 2596 56
2596 1111 81
1111 1982 62
1982 4379 92
4379 4587 63
4379 688 13
1982 5703 85
5703 4365 47
5703 845 99
1111 1020 63
1020 3951 74
3951 4322 49
3951 4469 6
1020 3717 62
3717 4973 67
3717 3822 23
2596 2827 27
2827 3474 87
3474 2514 47
2514 5250 27
2514 2648 25
3474 1117 35
1117 5792 19
1117 4 69
2827 5419 86
5419 780 86
780 2960 61
780 4146 91
5419 1656 1
1656 2526 100
1656 4184 45
3669 3001 8
3001 559 33
559 2181 6
2181 4295 99
4295 3463 47
4295 4687 71
2181 1591 36
1591 1804 93
1591 3823 69
559 3451 50
3451 3956 18
3956 1497 69
3956 6210 56
3451 795 80
795 3673 36
795 5509 30
3001 590 58
590 1480 22
1480 3905 77
3905 5804 84
3905 5716 99
1480 4624 11
4624 1180 54
4624 4403 67
590 1483 48
1483 4735 39
4735 2524 28
4735 2017 39
1483 2530 91
2530 1517 79
2530 4125 35
2786 4424 50
4424 5276 63
5276 2767 92
2767 218 1
218 5519 9
5519 6022 62
5519 1381 36
218 4600 1
4600 6190 83
4600 5803 85
2767 3801 71
3801 1143 51
1143 6148 92
1143 4842 50
3801 2829 38
2829 5222 22
2829 396 7
5276 2356 12
2356 814 98
814 1560 42
1560 3488 10
1560 2436 60
814 4649 95
4649 1857 76
4649 200 8
2356 554 33
554 933 55
933 1407 98
933 1741 76
554 1323 86
1323 2798 32
1323 3020 25
4424 2244 48
2244 2151 23
2151 5895 25
5895 5094 9
5094 5938 85
5094 3578 60
5895 5294 61
5294 6043 19
5294 759 97
2151 5161 31
5161 1284 21
1284 1941 88
1284 4367 32
5161 1366 59
1366 3080 9
1366 4110 38
2244 3057 70
3057 2063 58
2063 1470 79
1470 4075 79
1470 3497 70
2063 4911 73
4911 4730 6
4911 4565 29
3057 2678 58
2678 3885 13
3885 1344 26
3885 4134 85
2678 4748 98
4748 5339 9
4748 4783 9
1354 3827 97
3827 2583 31
2583 1926 86
1926 1491 57
1491 5411 67
5411 5207 45
5207 561 18
561 3576 85
561 5390 93
5207 5772 100
5772 2281 6
5772 3153 81
5411 1288 32
1288 4784 16
4784 1093 41
4784 2747 21
1288 3744 37
3744 309 51
3744 2988 100
1491 816 67
816 4250 20
4250 4620 24
4620 3524 24
4620 3646 48
4250 4631 33
4631 3510 36
4631 4310 25
816 4594 17
4594 2257 85
2257 5639 33
2257 3437 78
4594 3100 34
3100 174 63
3100 1287 63
1926 3631 90
3631 5518 82
5518 6231 59
6231 1325 59
1325 213 18
1325 3902 52
6231 1783 59
1783 1154 75
1783 2136 84
5518 3580 42
3580 3282 90
3282 5237 24
3282 3607 62
3580 2242 26
2242 2006 74
2242 800 13
3631 2649 92
2649 1575 93
1575 2788 37
2788 3205 16
2788 5393 92
1575 898 21
898 2746 3
898 5944 16
2649 5465 90
5465 1379 40
1379 3590 48
1379 1198 67
5465 1252 73
1252 3365 63
1252 438 29
2583 1041 14
1041 956 96
956 4775 39
4775 2571 73
2571 1922 13
1922 365 90
1922 5758 83
2571 1994 88
1994 1708 73
1994 928 76
4775 5127 77
5127 5270 49
5270 5679 37
5270 2247 55
5127 4806 22
4806 2323 2
4806 5940 98
956 2575 67
2575 1370 38
1370 3883 13
3883 4470 58
3883 137 10
1370 1707 68
1707 5676 74
1707 162 99
2575 5726 7
5726 479 73
479 4641 65
479 4874 79
5726 867 87
867 4991 45
867 2706 44
1041 1985 82
1985 2239 36
2239 74 68
74 5800 95
5800 6183 77
5800 3710 2
74 5732 82
5732 1035 50
5732 2640 77
2239 534 10
534 2784 50
2784 2815 66
2784 5072 64
534 3186 71
3186 888 67
3186 2967 62
1985 2059 37
2059 3467 56
3467 333 26
333 5404 95
333 3270 17
3467 2462 93
2462 2116 20
2462 161 16
2059 5378 51
5378 4124 92
4124 4840 32
4124 5271 81
5378 1097 79
1097 1742 29
1097 4744 25
3827 744 12
744 5230 64
5230 1251 92
1251 3009 6
3009 5109 40
5109 3303 94
3303 2567 39
3303 3257 41
5109 2214 22
2214 115 49
2214 3047 90
3009 82 87
82 421 64
421 3341 13
421 5710 5
82 1487 77
1487 5606 49
1487 2096 12
1251 854 55
854 614 95
614 2030 29
2030 2200 99
2030 6161 14
614 2598 44
2598 683 50
2598 4792 58
854 1038 27
1038 3478 30
3478 4657 88
3478 4642 55
1038 5262 6
5262 1743 99
5262 5743 70
5230 5075 98
5075 3640 5
3640 5073 62
5073 4834 43
4834 3482 95
4834 3507 2
5073 6211 16
6211 4057 95
6211 740 44
3640 4459 55
4459 5257 59
5257 4277 56
5257 3353 59
4459 6157 87
6157 1799 56
6157 1071 71
5075 4127 93
4127 2078 51
2078 5095 99
5095 1852 92
5095 2783 16
2078 2152 94
2152 610 93
2152 969 73
4127 2779 20
2779 1738 22
1738 4113 12
1738 1061 27
2779 1080 80
1080 4173 11
1080 3509 96
744 2128 29
2128 5462 67
5462 6117 57
6117 1739 71
1739 6074 61
6074 2108 11
6074 3964 86
1739 4486 8
4486 6228 54
4486 223 92
6117 2068 66
2068 5097 61
5097 1931 51
5097 2031 4
2068 334 68
334 766 73
334 579 97
5462 1468 18
1468 3517 23
3517 5331 88
5331 2920 86
5331 141 16
3517 5620 80
5620 3572 58
5620 5361 87
1468 1096 53
1096 229 22
229 5597 13
229 5885 84
1096 2172 32
2172 1947 61
2172 4524 12
2128 3792 50
3792 1964 69
1964 446 82
446 1690 62
1690 2157 79
1690 3082 20
446 1367 69
1367 3181 84
1367 2399 11
1964 1744 86
1744 5350 96
5350 196 13
5350 4144 90
1744 4831 64
4831 5101 85
4831 6127 38
3792 3093 33
3093 1893 7
1893 1686 77
1686 1737 18
1686 3748 74
1893 569 8
569 4321 28
569 1205 61
3093 5648 12
5648 1722 49
1722 4317 25
1722 1582 96
5648 2343 32
2343 5945 37
2343 921 7
698 3991 81
3991 4682 6
4682 4764 41
4764 5835 94
5835 1085 36
1085 3731 12
3731 4095 63
4095 4697 72
4697 6136 74
6136 5212 100
5212 6223 67
6223 5198 87
6223 3351 41
5212 315 30
315 2751 23
315 4343 78
6136 6095 15
6095 3531 82
3531 280 6
3531 5450 32
6095 5400 7
5400 4168 13
5400 934 59
4697 1268 67
1268 5901 25
5901 1596 59
1596 2534 44
1596 4408 72
5901 2037 90
2037 2279 80
2037 4461 78
1268 5351 22
5351 4568 85
4568 5856 70
4568 3449 16
5351 1578 73
1578 2125 81
1578 2206 30
4095 6139 44
6139 2385 55
2385 5061 29
5061 3512 10
3512 5150 93
3512 5623 70
5061 3397 92
3397 3821 67
3397 515 99
2385 5030 6
5030 3041 48
3041 3156 5
3041 3659 89
5030 4257 55
4257 2522 69
4257 1786 100
6139 488 73
488 2355 93
2355 2423 58
2423 2627 68
2423 180 16
2355 2673 100
2673 5392 48
2673 4387 94
488 1540 21
1540 3025 84
3025 1122 63
3025 2752 88
1540 262 56
262 4040 96
262 4612 17
3731 417 99
417 4740 50
4740 3625 98
3625 6097 61
6097 533 94
533 873 19
533 2519 52
6097 4535 60
4535 504 17
4535 5194 9
3625 96 60
96 486 21
486 4499 97
486 228 66
96 4046 42
4046 3781 48
4046 3166 38
4740 3740 86
3740 3269 6
3269 6016 6
6016 3974 2
6016 2156 5
3269 3934 5
3934 5570 47
3934 1339 77
3740 5405 88
5405 1841 61
1841 5755 65
1841 1833 96
5405 1813 56
1813 290 33
1813 5305 46
417 1874 57
1874 6005 30
6005 3760 6
3760 4643 50
4643 4828 48
4643 3735 9
3760 1509 62
1509 5136 17
1509 6012 17
6005 5696 21
5696 501 89
501 40 66
501 2105 38
5696 4001 30
4001 588 13
4001 1405 27
1874 5950 16
5950 3662 70
3662 3599 32
3599 5827 17
3599 3377 26
3662 4526 88
4526 4838 63
4526 5836 3
5950 2669 28
2669 6067 23
6067 5591 19
6067 1697 23
2669 2317 31
2317 2310 3
2317 4648 68
1085 2835 87
2835 4037 85
4037 4241 26
4241 5657 89
5657 4112 84
4112 1724 34
1724 2610 50
1724 5900 100
4112 6169 3
6169 4264 22
6169 2886 89
5657 1642 20
1642 3426 11
3426 1389 70
3426 5093 84
1642 5939 37
5939 5535 85
5939 4576 54
4241 962 21
962 4291 53
4291 1538 31
1538 2777 8
1538 5621 67
4291 6050 85
6050 6135 35
6050 3391 42
962 2292 3
2292 2730 9
2730 4263 72
2730 1333 58
2292 3180 29
3180 2555 58
3180 1548 42
4037 4872 54
4872 4505 98
4505 1056 25
1056 1581 87
1581 1474 99
1581 5397 25
1056 4475 89
4475 4754 20
4475 2351 65
4505 4412 60
4412 1886 30
1886 2133 34
1886 434 44
4412 633 19
633 5691 71
633 6064 97
4872 4962 39
4962 1779 23
1779 4539 79
4539 2434 46
4539 4562 42
1779 4942 64
4942 5788 33
4942 4921 83
4962 1039 18
1039 4914 41
4914 6003 54
4914 4873 75
1039 2492 69
2492 6105 63
2492 2744 16
2835 3360 74
3360 4036 61
4036 1699 93
1699 545 61
545 2604 59
2604 3208 69
2604 1235 1
545 4819 31
4819 4236 33
4819 1371 61
1699 124 12
124 3782 18
3782 3207 56
3782 3954 30
124 1760 40
1760 2742 4
1760 2687 68
4036 4407 15
4407 2336 82
2336 1439 66
1439 882 56
1439 424 45
2336 3746 98
3746 1547 90
3746 152 63
4407 5321 90
5321 1087 43
1087 607 37
1087 1140 59
5321 240 57
240 5084 5
240 2 32
3360 4455 69
4455 2099 97
2099 3102 44
3102 2431 80
2431 5603 17
2431 526 97
3102 3737 62
3737 1740 1
3737 2219 9
2099 153 73
153 2666 18
2666 4572 64
2666 1807 55
153 5739 10
5739 4226 67
5739 432 74
4455 5682 24
5682 2573 48
2573 2163 39
2163 231 31
2163 3569 93
2573 3918 88
3918 4666 20
3918 2473 7
5682 6065 78
6065 4609 14
4609 6051 95
4609 5922 36
6065 3664 22
3664 4006 51
3664 1503 19
5835 4156 43
4156 2885 99
2885 225 15
225 4793 22
4793 2502 15
2502 4619 11
4619 1068 83
1068 3124 15
1068 2494 19
4619 3553 7
3553 3582 85
3553 1974 34
2502 5422 61
5422 1373 94
1373 1770 100
1373 1175 87
5422 3672 69
3672 5349 47
3672 647 25
4793 386 51
386 3725 91
3725 4298 13
4298 192 22
4298 286 49
3725 3730 90
3730 2580 87
3730 3004 44
386 2757 77
2757 5307 8
5307 2387 94
5307 343 47
2757 379 50
379 2828 93
379 3265 61
225 2124 23
2124 123 7
123 4162 23
4162 5218 5
5218 4681 74
5218 2418 93
4162 4433 64
4433 4710 58
4433 3600 26
123 5849 24
5849 4671 51
4671 617 77
4671 2703 62
5849 6179 71
6179 3230 24
6179 1829 87
2124 2483 21
2483 4014 66
4014 5068 51
5068 3566 42
5068 2611 15
4014 6203 92
6203 5537 80
6203 1647 10
2483 856 68
856 6085 87
6085 4716 3
6085 2932 66
856 1305 89
1305 5395 47
1305 4638 79
2885 5585 11
5585 1369 6
1369 1196 1
1196 722 68
722 5708 79
5708 5195 46
5708 5807 31
722 1050 36
1050 1781 23
1050 1413 6
1196 1844 38
1844 4786 100
4786 5069 68
4786 784 8
1844 4319 75
4319 2702 54
4319 3012 80
1369 5298 40
5298 951 56
951 4580 73
4580 1290 54
4580 5736 47
951 4186 52
4186 2804 63
4186 2700 66
5298 5722 90
5722 900 18
900 4986 31
900 2032 78
5722 1579 16
1579 836 9
1579 3681 41
5585 5854 21
5854 3788 62
3788 4907 8
4907 4966 51
4966 1031 59
4966 4339 90
4907 2631 86
2631 3418 81
2631 2993 95
3788 4903 75
4903 4694 80
4694 83 62
4694 2735 34
4903 1463 54
1463 4239 67
1463 4481 13
5854 1797 46
1797 4981 22
4981 3727 37
3727 5342 99
3727 2978 20
4981 511 88
511 2449 14
511 5466 85
1797 3574 30
3574 868 83
868 2045 16
868 2624 59
3574 378 50
378 3048 76
378 3237 99
4156 3110 71
3110 235 89
235 1966 58
1966 1710 73
1710 5344 47
5344 2065 99
2065 1242 11
2065 14 28
5344 5045 94
5045 794 85
5045 2637 59
1710 5677 7
5677 6063 19
6063 1003 13
6063 3493 26
5677 5029 83
5029 4460 10
5029 358 99
1966 1736 20
1736 3319 60
3319 4485 19
4485 3433 59
4485 5779 25
3319 2864 55
2864 2754 88
2864 4887 7
1736 3584 22
3584 6184 47
6184 4159 57
6184 1432 98
3584 121 97
121 4456 79
121 4596 38
235 4017 7
4017 2184 51
2184 4002 85
4002 3441 5
3441 3702 61
3441 5295 64
4002 1619 50
1619 3679 98
1619 5645 22
2184 5360 9
5360 5288 16
5288 186 86
5288 980 34
5360 3330 50
3330 4400 95
3330 1168 32
4017 804 21
804 945 55
945 578 2
578 3657 80
578 1962 79
945 4888 57
4888 2261 19
4888 1854 38
804 3752 78
3752 5328 17
5328 1028 94
5328 1052 27
3752 182 14
182 1918 24
182 3349 65
3110 267 72
267 4308 26
4308 3 49
3 4427 76
4427 1158 87
1158 2490 12
1158 2966 78
4427 5102 36
5102 4434 85
5102 1481 86
3 3241 3
3241 1213 71
1213 2087 19
1213 167 52
3241 677 65
677 5011 2
677 4245 73
4308 5309 71
5309 3273 4
3273 2066 4
2066 5981 50
2066 5490 12
3273 4672 22
4672 2481 87
4672 5357 89
5309 931 39
931 719 32
719 3706 16
719 3505 4
931 4327 7
4327 5561 32
4327 4788 75
267 2416 32
2416 1450 80
1450 3775 2
3775 2636 70
2636 1963 43
2636 1200 79
3775 1583 5
1583 5997 27
1583 3049 16
1450 1842 7
1842 1757 97
1757 3617 86
1757 3408 11
1842 4951 14
4951 3313 88
4951 1260 35
2416 940 84
940 3715 43
3715 3692 38
3692 1694 85
3692 3276 54
3715 1040 59
1040 2504 71
1040 5877 42
940 449 49
449 1112 54
1112 4256 9
1112 4703 52
449 2004 60
2004 4118 40
2004 960 78
4764 1961 92
1961 2552 71
2552 679 80
679 454 13
454 1631 13
1631 5967 10
5967 2266 18
2266 2776 92
2776 861 26
2776 390 76
2266 6021 40
6021 4972 11
6021 3946 86
5967 2992 53
2992 5864 50
5864 2501 20
5864 1398 89
2992 5096 92
5096 1361 9
5096 2816 73
1631 3819 45
3819 3806 20
3806 1803 96
1803 2025 39
1803 3904 68
3806 4466 49
4466 2566 47
4466 3324 72
3819 2929 61
2929 6028 39
6028 237 49
6028 400 52
2929 4845 9
4845 5816 80
4845 2211 16
454 5158 74
5158 3340 90
3340 1201 33
1201 1758 17
1758 2934 67
1758 2404 61
1201 3856 56
3856 3187 29
3856 851 98
3340 3922 9
3922 952 31
952 324 70
952 1811 49
3922 3132 22
3132 6030 78
3132 641 21
5158 887 19
887 1505 97
1505 4916 16
4916 615 57
4916 4170 17
1505 6108 17
6108 220 55
6108 1608 88
887 2237 77
2237 1183 45
1183 4607 88
1183 1043 80
2237 6086 6
6086 492 68
6086 5304 95
679 1766 31
1766 2839 9
2839 2797 80
2797 4575 47
4575 5255 27
5255 5169 92
5255 5488 2
4575 3747 55
3747 4255 89
3747 5183 62
2797 1940 85
1940 4579 58
4579 1880 10
4579 4815 59
1940 3137 88
3137 3224 31
3137 1359 29
2839 2417 36
2417 77 98
77 1078 37
1078 1095 52
1078 2212 14
77 650 43
650 1836 91
650 2409 42
2417 4807 88
4807 2268 31
2268 4179 21
2268 3561 45
4807 2175 98
2175 491 68
2175 6031 75
1766 1512 58
1512 2377 47
2377 964 21
964 4416 84
4416 5170 38
4416 4479 22
964 1169 90
1169 86 26
1169 3614 84
2377 4982 27
4982 681 36
681 1015 45
681 3226 85
4982 5044 75
5044 5155 75
5044 50 13
1512 5725 10
5725 4839 73
4839 5200 1
5200 4489 14
5200 5921 38
4839 5520 43
5520 5241 4
5520 3277 80
5725 1338 30
1338 204 34
204 3780 100
204 5782 74
1338 452 83
452 3943 19
452 1954 100
2552 1173 40
1173 701 65
701 769 20
769 4180 23
4180 4646 54
4646 4299 94
4299 5352 13
4299 3494 32
4646 3143 29
3143 5478 39
3143 3128 67
4180 377 73
377 3994 75
3994 1905 41
3994 5206 100
377 2717 39
2717 2139 2
2717 2630 24
769 5551 39
5551 4132 15
4132 1711 61
1711 4349 81
1711 5082 71
4132 2440 92
2440 1978 63
2440 981 4
5551 1434 44
1434 3328 88
3328 2962 39
3328 3843 62
1434 1775 88
1775 1088 78
1775 1484 27
701 4356 59
4356 4385 53
4385 2689 32
2689 5709 52
5709 2243 17
5709 2433 63
2689 3728 32
3728 685 7
3728 1448 81
4385 5819 57
5819 4019 81
4019 2331 73
4019 2539 56
5819 2127 71
2127 5983 75
2127 3708 79
4356 2098 61
2098 1958 89
1958 3389 91
3389 5699 93
3389 2048 59
1958 901 83
901 1422 7
901 3581 15
2098 1787 78
1787 4977 95
4977 3373 53
4977 5546 39
1787 5966 34
5966 6217 82
5966 1975 17
1173 5565 92
5565 2588 86
2588 3663 49
3663 5046 96
5046 49 2
49 3966 63
49 1835 79
5046 1274 8
1274 3637 44
1274 3771 35
3663 1721 40
1721 523 16
523 2550 42
523 4294 62
1721 2023 42
2023 5930 20
2023 4358 22
2588 4359 83
4359 3734 63
3734 774 15
774 5481 93
774 1306 97
3734 4583 21
4583 1473 7
4583 556 74
4359 1264 67
1264 2781 11
2781 3225 12
2781 3158 52
1264 982 45
982 4312 29
982 6129 96
5565 5801 30
5801 925 29
925 2727 91
2727 4300 32
4300 248 91
4300 6071 21
2727 734 91
734 3218 34
734 2699 56
925 4846 83
4846 1355 2
1355 5214 49
1355 611 44
4846 832 95
832 226 69
832 4203 66
5801 5028 77
5028 3787 83
3787 3628 32
3628 4450 70
3628 1552 79
3787 6014 4
6014 2290 28
6014 1210 52
5028 5744 23
5744 2280 91
2280 3638 15
2280 5832 74
5744 1847 35
1847 6230 43
1847 1191 69
1961 535 64
535 2459 23
2459 2008 11
2008 2684 47
2684 5367 14
5367 4598 32
4598 2628 90
2628 4555 99
2628 1663 39
4598 6198 72
6198 23 52
6198 2845 87
5367 687 15
687 1999 47
1999 979 7
1999 3155 32
687 1896 23
1896 3173 89
1896 80 15
2684 1794 44
1794 580 67
580 6195 19
6195 609 72
6195 4924 70
580 574 41
574 1221 14
574 5976 85
1794 2799 66
2799 6107 48
6107 5031 79
6107 2760 35
2799 239 63
239 12 2
239 2577 97
2008 3135 62
3135 1769 67
1769 1399 28
1399 1157 51
1157 592 17
1157 5529 18
1399 989 74
989 977 69
989 3074 5
1769 473 40
473 3548 67
3548 5658 63
3548 3539 72
473 5671 41
5671 5694 52
5671 827 86
3135 3965 85
3965 5712 70
5712 1009 56
1009 39 8
1009 894 40
5712 445 48
445 4922 21
445 2180 76
3965 1763 14
1763 6102 20
6102 2953 54
6102 1057 100
1763 4686 82
4686 259 7
4686 2862 96
2459 291 43
291 375 73
375 815 76
815 4363 45
4363 5793 42
5793 4061 93
5793 5313 18
4363 6189 10
6189 4468 49
6189 1906 58
815 4158 76
4158 1282 12
1282 4808 81
1282 1395 68
4158 4983 15
4983 738 18
4983 3651 52
375 3333 84
3333 2461 74
2461 5275 11
5275 5362 75
5275 348 73
2461 2210 83
2210 4316 50
2210 3869 38
3333 1502 2
1502 2285 4
2285 4165 89
2285 3605 84
1502 840 62
840 3619 85
840 8 78
291 5505 87
5505 5953 12
5953 1806 75
1806 1934 28
1934 5259 4
1934 2346 92
1806 2193 37
2193 1316 5
2193 43 1
5953 5316 64
5316 5203 16
5203 2362 33
5203 5398 31
5316 3963 30
3963 2868 51
3963 2796 35
5505 4593 65
4593 4636 76
4636 1498 45
1498 541 40
1498 3148 100
4636 2546 80
2546 362 89
2546 1680 38
4593 5396 81
5396 4889 44
4889 6109 26
4889 1768 16
5396 5634 58
5634 6115 62
5634 2056 94
535 2955 44
2955 1830 73
1830 6106 68
6106 3745 71
3745 3971 29
3971 5375 11
5375 3346 59
5375 4543 85
3971 2554 64
2554 5795 22
2554 2719 100
3745 187 96
187 451 4
451 551 81
451 3473 98
187 3793 90
3793 4350 45
3793 5215 25
6106 4760 87
4760 2626 36
2626 1516 25
1516 1238 66
1516 6069 77
2626 4900 14
4900 4073 46
4900 5971 72
4760 2488 39
2488 1192 62
1192 5174 29
1192 3387 53
2488 4246 7
4246 517 72
4246 5145 77
1830 359 26
359 3552 42
3552 2803 57
2803 4340 36
4340 4378 100
4340 2123 41
2803 6153 51
6153 3916 73
6153 2509 40
3552 2132 99
2132 5553 29
5553 2093 72
5553 3147 96
2132 5618 18
5618 3163 69
5618 3786 21
359 3811 4
3811 336 4
336 4262 97
4262 3877 69
4262 4871 80
336 2499 10
2499 1163 15
2499 810 52
3811 2426 100
2426 2912 28
2912 798 32
2912 2469 52
2426 5775 34
5775 4096 4
5775 1641 81
2955 191 11
191 146 97
146 1762 37
1762 1001 46
1001 6044 49
6044 5785 78
6044 368 49
1001 1670 73
1670 6052 69
1670 4627 47
1762 1892 1
1892 5003 41
5003 2272 94
5003 3231 19
1892 1875 9
1875 4813 66
1875 673 22
146 5412 64
5412 4027 62
4027 3468 43
3468 4248 96
3468 3456 23
4027 406 57
406 4891 47
406 5107 23
5412 4550 36
4550 4727 30
4727 128 26
4727 3083 21
4550 2872 85
2872 1590 58
2872 4805 31
191 4538 82
4538 669 95
669 3796 28
3796 2547 82
2547 1687 72
2547 3326 76
3796 2209 6
2209 2373 40
2209 5492 74
669 1523 7
1523 5941 32
5941 2847 68
5941 4464 77
1523 1018 92
1018 2448 33
1018 1530 50
4538 287 56
287 274 95
274 1592 92
1592 1814 51
1592 5575 69
274 653 100
653 1510 49
653 1754 43
287 4377 35
4377 1010 78
1010 5956 69
1010 2507 55
4377 470 63
470 2107 78
470 5678 85
4682 4586 96
4586 4059 72
4059 3995 65
3995 4618 29
4618 4691 43
4691 674 40
674 1805 34
1805 1270 35
1270 5626 14
5626 3066 92
5626 4503 18
1270 971 33
971 2592 68
971 3865 10
1805 4080 65
4080 2825 18
2825 2794 17
2825 2907 11
4080 550 9
550 1437 67
550 2578 80
674 6199 9
6199 5483 67
5483 1795 22
1795 4633 95
1795 2926 96
5483 3159 42
3159 158 50
3159 1211 10
6199 5074 20
5074 2070 86
2070 5151 57
2070 5326 91
5074 3130 50
3130 5004 85
3130 786 86
4691 1141 42
1141 2113 71
2113 1561 72
1561 4935 7
4935 3910 62
4935 266 41
1561 1798 39
1798 5878 30
1798 2641 50
2113 557 3
557 3129 47
3129 2676 18
3129 2475 66
557 5952 55
5952 4736 36
5952 1865 45
1141 6150 15
6150 5572 2
5572 3699 18
3699 3928 10
3699 2390 50
5572 870 12
870 849 11
870 4193 59
6150 3209 31
3209 1890 96
1890 3565 16
1890 2060 73
3209 460 98
460 6224 52
460 1153 10
4618 1948 91
1948 5196 22
5196 3343 33
3343 2813 49
2813 5527 84
5527 643 74
5527 4231 87
2813 4155 13
4155 5536 75
4155 4802 41
3343 5013 11
5013 812 93
812 4404 6
812 3861 17
5013 3258 28
3258 1247 2
3258 4325 32
5196 2941 82
2941 1348 72
1348 1816 93
1816 4545 31
1816 5430 83
1348 1532 3
1532 99 89
1532 3114 13
2941 6029 50
6029 4220 56
4220 2590 37
4220 6170 99
6029 743 8
743 5693 47
743 1297 89
1948 4720 29
4720 6010 31
6010 626 37
626 5610 64
5610 85 4
5610 5723 75
626 2817 28
2817 2772 79
2817 4724 16
6010 5750 38
5750 3683 23
3683 5649 73
3683 5389 55
5750 4104 50
4104 1823 27
4104 497 38
4720 6209 83
6209 3364 98
3364 1685 30
1685 5493 13
1685 1236 80
3364 3295 32
3295 645 54
3295 3642 44
6209 2061 33
2061 6017 9
6017 793 32
6017 3984 32
2061 3980 68
3980 4692 30
3980 1969 20
3995 5948 49
5948 3665 61
3665 2166 9
2166 4013 12
4013 4457 16
4457 2836 83
2836 5614 40
2836 4449 94
4457 4376 98
4376 5079 77
4376 3462 68
4013 197 23
197 5199 83
5199 1623 18
5199 2379 49
197 282 20
282 3167 100
282 4068 98
2166 732 1
732 597 65
597 2890 29
2890 1390 32
2890 2262 18
597 5886 24
5886 4680 65
5886 948 78
732 2620 7
2620 5345 96
5345 2333 46
5345 2977 37
2620 908 67
908 3043 94
908 20 97
3665 2824 75
2824 2370 57
2370 1033 64
1033 387 58
387 963 96
387 1996 58
1033 3613 7
3613 6120 25
3613 830 77
2370 3175 81
3175 2605 59
2605 4655 94
2605 1684 81
3175 762 79
762 4189 46
762 2246 78
2824 4574 79
4574 3115 10
3115 5359 58
5359 5528 63
5359 5118 79
3115 2029 81
2029 47 79
2029 2644 56
4574 5060 88
5060 3595 26
3595 4129 53
3595 3099 76
5060 3481 44
3481 487 98
3481 3525 24
5948 3636 19
3636 1653 55
1653 5991 87
5991 264 28
264 1069 2
1069 2224 96
1069 4371 34
264 6076 78
6076 4517 73
6076 5225 67
5991 2832 37
2832 3855 18
3855 4531 47
3855 5833 67
2832 3476 63
3476 1075 25
3476 1554 97
1653 3311 24
3311 4443 34
4443 2306 59
2306 3864 54
2306 3538 67
4443 4292 89
4292 2464 62
4292 3880 54
3311 1725 14
1725 5928 14
5928 3392 81
5928 4640 58
1725 5742 64
5742 3279 4
5742 144 28
3636 3990 18
3990 731 90
731 4082 55
4082 5680 71
5680 4010 38
5680 4801 40
4082 9 49
9 1939 10
9 5280 6
731 3157 37
3157 4946 27
4946 1058 5
4946 1464 3
3157 5865 42
5865 3873 29
5865 1549 99
3990 4837 65
4837 5487 14
5487 4175 10
4175 6219 19
4175 1478 80
5487 5105 98
5105 2500 32
5105 5124 85
4837 1189 64
1189 587 45
587 2447 65
587 1796 73
1189 947 8
947 2027 20
947 583 100
4059 1074 77
1074 4121 10
4121 2315 6
2315 2982 100
2982 4622 47
4622 3266 97
3266 4389 48
4389 3949 8
4389 1446 55
3266 5480 36
5480 3388 34
5480 5957 59
4622 3900 38
3900 5594 75
5594 618 39
5594 5611 88
3900 1362 92
1362 2064 52
1362 5720 97
2982 3783 62
3783 4347 84
4347 1695 47
1695 765 93
1695 5201 68
4347 4418 10
4418 4997 89
4418 5364 85
3783 2619 34
2619 261 97
261 3841 4
261 4848 85
2619 2421 25
2421 38 13
2421 67 90
2315 4447 24
4447 825 11
825 4247 38
4247 5556 23
5556 5441 18
5556 4893 44
4247 5099 58
5099 6038 4
5099 3302 2
825 712 47
712 2007 30
2007 2734 92
2007 1197 87
712 1634 21
1634 295 96
1634 2965 83
4447 785 82
785 2892 79
2892 499 81
499 1019 74
499 4910 98
2892 3091 90
3091 457 63
3091 1023 82
785 3366 75
3366 1912 11
1912 5154 86
1912 5239 59
3366 3940 87
3940 5317 50
3940 4448 100
4121 3714 11
3714 4331 13
4331 660 38
660 4976 33
4976 2134 82
2134 2562 81
2134 3797 43
4976 4504 85
4504 4089 35
4504 2273 41
660 1005 15
1005 1868 78
1868 5540 27
1868 6206 87
1005 1430 25
1430 4258 10
1430 3805 69
4331 2761 3
2761 5891 42
5891 5791 94
5791 131 53
5791 1030 84
5891 2468 8
2468 2372 34
2468 3290 58
2761 3384 70
3384 4613 71
4613 884 17
4613 4812 57
3384 2342 21
2342 917 16
2342 1500 67
3714 2830 85
2830 3107 53
3107 2710 51
2710 2295 66
2295 505 86
2295 5569 45
2710 5871 3
5871 5715 72
5871 1105 86
3107 581 69
581 4281 49
4281 5918 12
4281 2617 55
581 638 74
638 1409 73
638 5056 75
2830 2376 28
2376 5549 15
5549 3955 69
3955 5192 80
3955 2302 98
5549 2419 28
2419 4221 66
2419 1860 55
2376 1960 98
1960 3073 36
3073 323 23
3073 1104 6
1960 3421 8
3421 1416 39
3421 4092 72
1074 3203 44
3203 3528 43
3528 1818 74
1818 3814 10
3814 5129 28
5129 125 19
125 5604 64
125 5504 99
5129 3839 56
3839 3721 32
3839 1375 100
3814 3653 19
3653 6130 86
6130 5701 25
6130 5348 92
3653 927 61
927 5906 52
927 5994 58
1818 1160 81
1160 1843 84
1843 2365 7
2365 1000 8
2365 2058 1
1843 2861 61
2861 5034 57
2861 3038 88
1160 860 36
860 6154 62
6154 3465 48
6154 1723 74
860 3184 85
3184 3685 91
3184 275 16
3528 1225 59
1225 3536 100
3536 4072 96
4072 6202 29
6202 5897 15
6202 4883 46
4072 1365 36
1365 3196 46
1365 5464 45
3536 4790 54
4790 4172 32
4172 866 21
4172 2874 45
4790 258 44
258 984 73
258 4737 54
1225 1109 24
1109 3649 8
3649 5442 60
5442 5853 83
5442 3071 8
3649 3136 73
3136 384 40
3136 723 47
1109 1559 8
1559 6164 1
6164 2288 94
6164 1914 81
1559 1358 86
1358 1703 85
1358 783 48
3203 4667 96
4667 1072 36
1072 869 43
869 1151 24
1151 5007 51
5007 5054 89
5007 2918 59
1151 341 96
341 636 85
341 6234 12
869 2188 79
2188 5774 6
5774 2485 9
5774 5284 22
2188 1320 30
1320 4414 62
1320 595 97
1072 4882 37
4882 4948 22
4948 2842 80
2842 1580 96
2842 4675 94
4948 6112 19
6112 1493 94
6112 4661 53
4882 3062 71
3062 3952 88
3952 5254 33
3952 2591 8
3062 2345 24
2345 3674 80
2345 3253 3
4667 2685 59
2685 95 75
95 3182 78
3182 3554 61
3554 2984 63
3554 355 88
3182 5902 9
5902 2681 99
5902 3352 52
95 3532 39
3532 3652 4
3652 1617 60
3652 4288 13
3532 4058 33
4058 3816 73
4058 1385 9
2685 1232 21
1232 828 46
828 3691 40
3691 58 68
3691 1784 91
828 3335 10
3335 654 62
3335 5992 43
1232 5917 81
5917 1364 49
1364 5432 27
1364 4617 88
5917 2528 72
2528 3719 59
2528 1149 43
4586 3997 82
3997 3427 33
3427 4955 20
4955 5823 95
5823 353 47
353 4022 8
4022 4384 3
4384 4078 45
4078 1643 59
4078 6121 41
4384 2737 49
2737 1569 70
2737 5881 53
4022 512 33
512 2671 42
2671 4995 14
2671 589 6
512 1420 40
1420 562 53
1420 661 73
353 5269 30
5269 2634 15
2634 863 34
863 2457 73
863 3017 47
2634 4065 34
4065 2170 51
4065 1785 34
5269 222 57
222 6174 9
6174 3757 28
6174 3075 91
222 1997 41
1997 4399 48
1997 4645 85
5823 337 87
337 5889 7
5889 335 39
335 4425 32
4425 4928 17
4425 3399 31
335 1882 32
1882 4959 38
1882 690 36
5889 4003 64
4003 5841 31
5841 2948 49
5841 4409 69
4003 857 70
857 1636 53
857 2102 94
337 272 100
272 5417 19
5417 480 27
480 965 24
480 5382 65
5417 3779 13
3779 4140 74
3779 3315 99
272 6081 21
6081 5666 83
5666 5683 78
5666 2260 11
6081 5263 23
5263 5541 77
5263 1570 47
4955 232 62
232 3969 83
3969 2277 85
2277 5624 93
5624 4344 51
4344 1949 16
4344 599 76
5624 2785 88
2785 2621 3
2785 2768 39
2277 5557 19
5557 2259 3
2259 2586 60
2259 1810 88
5557 18 55
18 234 53
18 2664 39
3969 4515 74
4515 171 31
171 1998 62
1998 540 90
1998 304 95
171 2264 88
2264 3283 88
2264 5022 16
4515 6006 70
6006 2595 18
2595 427 78
2595 4875 44
6006 5663 94
5663 808 25
5663 4699 5
232 1259 29
1259 3243 61
3243 2894 49
2894 1928 79
1928 1318 28
1928 159 76
2894 4495 67
4495 3882 30
4495 2316 15
3243 2749 85
2749 4011 32
4011 4577 26
4011 2629 24
2749 4998 39
4998 2968 30
4998 1108 63
1259 670 64
670 2943 12
2943 176 76
176 1202 53
176 3820 7
2943 2034 63
2034 6134 93
2034 2931 74
670 1047 84
1047 847 10
847 2400 51
847 547 28
1047 5937 55
5937 140 27
5937 602 84
3427 403 83
403 4961 88
4961 5892 85
5892 288 62
288 4150 15
4150 543 60
543 2001 80
543 623 97
4150 996 26
996 3696 64
996 642 28
288 4496 51
4496 6193 39
6193 4074 18
6193 5539 32
4496 678 1
678 5599 33
678 194 44
5892 2600 29
2600 4126 86
4126 3915 2
3915 4051 91
3915 565 30
4126 1229 75
1229 305 75
1229 5690 39
2600 442 25
442 4789 54
4789 5602 45
4789 2191 52
442 1418 89
1418 564 28
1418 5656 91
4961 2024 73
2024 792 89
792 525 5
525 4394 33
4394 4713 68
4394 4274 53
525 4696 10
4696 3030 83
4696 210 33
792 1243 13
1243 1034 73
1034 2195 50
1034 1930 44
1243 1216 26
1216 4375 83
1216 1262 87
2024 3720 54
3720 1924 20
1924 4210 40
4210 4860 96
4210 3113 49
1924 5147 14
5147 2412 70
5147 249 39
3720 1765 91
1765 6056 75
6056 2429 83
6056 4100 94
1765 84 64
84 4933 10
84 4097 84
403 6080 36
6080 389 50
389 5643 40
5643 3177 20
3177 4769 69
4769 2897 93
4769 92 30
3177 5253 3
5253 376 25
5253 5545 42
5643 3534 76
3534 639 74
639 2359 37
639 4564 1
3534 5813 8
5813 912 76
5813 2487 6
389 831 27
831 3523 15
3523 5009 1
5009 147 75
5009 3557 29
3523 2809 23
2809 3312 13
2809 2474 19
831 4171 97
4171 1334 48
1334 1566 12
1334 130 60
4171 4679 57
4679 5467 95
4679 4362 48
6080 4896 7
4896 2541 86
2541 1772 67
1772 2503 27
2503 482 78
2503 2091 48
1772 1802 30
1802 4160 54
1802 78 41
2541 369 5
369 4224 80
4224 2074 78
4224 2551 57
369 1967 87
1967 6125 53
1967 4062 62
4896 5401 66
5401 514 67
514 755 62
755 1486 40
5407 40 4331 423 3586 5103 3121 4387 6064 2319 1115 6052 3794 1468 2725 1299 1591 3269 431 3887 2707 1891 3151 5761 534 6152 5843 3602 4214 399 1968 3018 1956 2525 1509 1011 2617 4594 1047 871 4255 3704 4311 6054 73 401 810 2634 4116 2165 4927 2235 3332 4931 1303 3301 2780 4781 1246 4547 4804 5901 3852 5971 2831 4889 5219 5805 5143 5799 2563 5699 555 2458 360 5705 744 3859 2134 3937 2811 162 3976 3067 2966 3370 2718 101 6138 3129 682 1549 605 1407 4485 2069 1459 5032 3096 773 4022 5570 4621 5386 5536 1091 2057 68 3762 1353 4789 579 3097 1072 4274 4677 1232 5293 3903 3271 5752 4478 636 1938 3116 6162 5877 4196 2846 5206 1727 210
