1953 298
1 1389 1
1389 1280 60
1280 1045 9
1045 426 57
426 353 41
353 1241 99
1241 287 45
287 523 91
523 373 71
523 1551 73
287 1481 75
1481 566 63
1481 647 84
1241 140 76
140 1016 30
1016 1865 46
1016 710 94
140 80 96
80 698 74
80 664 63
353 886 5
886 1385 66
1385 439 62
439 106 73
439 728 89
1385 706 17
706 1644 4
706 1447 77
886 1597 75
1597 214 4
214 675 30
214 696 75
1597 89 15
89 1334 38
89 1805 32
426 1065 56
1065 1756 88
1756 819 28
819 839 98
839 1849 58
839 149 53
819 1185 72
1185 557 21
1185 901 88
1756 1862 99
1862 1048 2
1048 1134 33
1048 1682 45
1862 311 98
311 346 58
311 665 7
1065 1029 54
1029 1276 23
1276 1293 68
1293 845 26
1293 1124 12
1276 503 85
503 864 82
503 13 40
1029 1566 59
1566 807 37
807 1420 70
807 1028 85
1566 574 52
574 643 59
574 472 68
1045 216 59
216 1292 47
1292 1345 48
1345 1424 56
1424 1072 56
1072 1534 52
1072 998 27
1424 1387 76
1387 273 91
1387 1132 25
1345 1039 30
1039 1022 76
1022 191 69
1022 832 27
1039 586 33
586 1536 27
586 381 80
1292 1773 56
1773 421 95
421 1119 58
1119 1161 19
1119 661 31
421 695 39
695 681 58
695 1815 41
1773 697 75
697 1121 79
1121 1490 77
1121 1659 78
697 1909 38
1909 1496 97
1909 626 36
216 1222 36
1222 617 44
617 194 91
194 787 91
787 1594 47
787 1725 69
194 929 19
929 1749 37
929 1256 94
617 1824 48
1824 1100 12
1100 1568 14
1100 757 26
1824 184 97
184 170 41
184 440 57
1222 715 52
715 1501 87
1501 663 14
663 326 22
663 1695 69
1501 555 4
555 481 79
555 1657 9
715 751 79
751 1116 10
1116 1843 37
1116 1114 8
751 1423 99
1423 1936 33
1423 1813 44
1280 245 34
245 301 28
301 1771 34
1771 870 76
870 1336 26
1336 1754 3
1754 531 94
1754 1539 63
1336 1550 48
1550 515 41
1550 996 26
870 1847 13
1847 1470 18
1470 1015 22
1470 271 5
1847 507 75
507 1840 73
507 707 91
1771 1834 40
1834 1330 46
1330 383 59
383 720 44
383 1173 77
1330 585 19
585 1179 74
585 754 86
1834 514 8
514 569 81
569 479 84
569 187 92
514 207 24
207 1004 17
207 1026 20
301 1049 10
1049 258 44
258 393 45
393 1460 64
1460 483 38
1460 395 59
393 1654 63
1654 1036 30
1654 540 85
258 331 75
331 188 48
188 798 6
188 1668 80
331 145 74
145 1911 31
145 1396 22
1049 642 13
642 1820 76
1820 599 33
599 119 8
599 1720 52
1820 1227 51
1227 1162 81
1227 238 37
642 1584 10
1584 551 62
551 303 72
551 269 2
1584 1386 37
1386 543 40
1386 497 21
245 15 98
15 991 84
991 1896 17
1896 1434 61
1434 529 21
529 1809 76
529 471 75
1434 688 2
688 1950 12
688 203 50
1896 1242 1
1242 1413 17
1413 1797 81
1413 1286 74
1242 1922 47
1922 872 2
1922 1260 39
991 390 75
390 1042 34
1042 1509 46
1509 1192 26
1509 1035 37
1042 559 27
559 1247 15
559 1462 46
390 369 40
369 1005 86
1005 721 47
1005 567 28
369 461 26
461 613 19
461 1369 26
15 1368 61
1368 883 88
883 155 38
155 803 33
803 1463 15
803 1519 13
155 1924 34
1924 112 26
1924 562 14
883 699 35
699 1897 42
1897 797 94
1897 1135 60
699 1893 41
1893 1403 95
1893 181 98
1368 77 67
77 1616 81
1616 493 96
493 460 44
493 84 17
1616 1675 22
1675 1059 58
1675 83 62
77 1875 13
1875 1774 96
1774 993 61
1774 880 92
1875 327 73
327 1317 31
327 405 69
1389 494 33
494 241 18
241 1937 59
1937 1605 65
1605 821 32
821 968 23
968 1938 50
1938 1728 9
1938 795 36
968 1273 36
1273 999 51
1273 967 81
821 1147 96
1147 836 43
836 246 27
836 1371 45
1147 597 9
597 204 7
597 131 40
1605 130 52
130 977 23
977 1201 13
1201 650 62
1201 588 37
977 1726 25
1726 638 9
1726 1445 49
130 1634 69
1634 1662 33
1662 885 79
1662 341 37
1634 314 17
314 1258 49
314 946 95
1937 1685 33
1685 835 32
835 1208 17
1208 1071 82
1071 737 41
1071 388 4
1208 1892 18
1892 102 43
1892 1130 84
835 1770 65
1770 1679 85
1679 961 11
1679 1210 9
1770 1143 45
1143 132 69
1143 332 49
1685 909 48
909 1228 92
1228 1346 61
1346 538 61
1346 1860 80
1228 1803 38
1803 1791 69
1803 513 28
909 1402 6
1402 1084 1
1084 1636 58
1084 78 42
1402 1498 69
1498 1585 6
1498 793 89
241 1731 1
1731 1743 90
1743 1788 57
1788 243 35
243 1690 30
1690 136 61
1690 16 52
243 364 72
364 1753 96
364 315 16
1788 853 8
853 53 58
53 570 24
53 1707 4
853 378 27
378 195 24
378 1494 51
1743 841 70
841 827 85
827 363 12
363 765 49
363 480 22
827 476 32
476 179 76
476 1716 79
841 1225 85
1225 922 85
922 534 72
922 1628 53
1225 1476 91
1476 205 60
1476 764 54
1731 1610 80
1610 600 69
600 1648 88
1648 1906 61
1906 116 29
1906 29 91
1648 219 84
219 1062 76
219 30 58
600 969 43
969 261 34
261 1796 33
261 601 46
969 669 60
669 1298 57
669 1077 48
1610 174 81
174 937 93
937 1540 11
1540 788 29
1540 568 66
937 741 43
741 1266 56
741 1942 44
174 40 79
40 1166 40
1166 957 15
1166 1341 31
40 1007 30
1007 1884 27
1007 1404 36
494 302 61
302 1578 95
1578 135 75
135 1089 73
1089 1580 75
1580 280 17
280 1702 56
280 467 50
1580 846 74
846 1489 98
846 761 35
1089 1567 59
1567 1416 43
1416 537 46
1416 1229 15
1567 1433 43
1433 1484 26
1433 1518 7
135 1772 53
1772 82 54
82 107 72
107 612 47
107 1784 61
82 1097 67
1097 1406 25
1097 424 1
1772 928 33
928 411 8
411 583 82
411 495 11
928 919 95
919 678 43
919 1297 5
1578 343 70
343 1052 67
1052 325 31
325 1819 38
1819 1729 23
1819 254 33
325 815 12
815 528 20
815 1000 67
1052 1706 70
1706 1808 15
1808 1013 65
1808 686 36
1706 636 57
636 1886 42
636 1838 94
343 408 61
408 1461 96
1461 952 17
952 1535 8
952 342 56
1461 1591 83
1591 905 84
1591 137 8
408 1818 67
1818 1612 43
1612 1522 90
1612 826 78
1818 367 38
367 71 84
367 1655 34
302 1469 59
1469 1437 50
1437 1635 65
1635 1038 96
1038 1684 72
1684 402 49
1684 1383 59
1038 180 44
180 541 67
180 711 80
1635 762 58
762 1527 31
1527 278 15
1527 966 14
762 1257 73
1257 134 8
1257 1153 74
1437 1418 20
1418 1057 76
1057 635 33
635 425 27
635 662 58
1057 508 17
508 1373 35
508 1764 77
1418 705 59
705 866 76
866 215 54
866 658 48
705 1794 59
1794 1245 87
1794 35 6
1469 1737 60
1737 873 3
873 1762 54
1762 783 32
783 1017 3
783 165 12
1762 867 27
867 1935 70
867 802 44
873 1109 84
1109 176 52
176 1617 58
176 837 49
1109 1541 76
1541 759 18
1541 1658 74
1737 95 95
95 1507 93
1507 1395 7
1395 1136 74
1395 316 3
1507 842 75
842 1205 60
842 723 79
95 1614 85
1614 206 35
206 446 84
206 282 33
1614 1608 45
1608 320 22
1608 1174 90
1 1104 4
1104 805 77
805 522 43
522 454 87
454 1175 79
1175 927 7
927 1449 13
1449 1517 48
1517 1556 50
1517 1226 48
1449 1133 100
1133 247 59
1133 1746 96
927 844 75
844 218 28
218 484 70
218 1724 22
844 1125 73
1125 623 28
1125 1419 47
1175 877 75
877 789 54
789 153 6
153 1306 5
153 10 38
789 760 92
760 337 88
760 1851 22
877 380 88
380 87 61
87 1503 64
87 226 43
380 284 37
284 1414 58
284 935 30
454 432 16
432 1768 64
1768 700 94
700 1559 15
1559 1270 65
1559 959 42
700 1181 66
1181 1600 76
1181 249 37
1768 11 93
11 374 3
374 824 58
374 1575 14
11 1093 75
1093 72 85
1093 1238 12
432 962 1
962 14 38
14 143 69
143 648 5
143 1323 28
14 1483 12
1483 542 44
1483 1237 49
962 1021 99
1021 1338 5
1338 532 12
1338 111 41
1021 773 41
773 1755 22
773 264 22
522 608 8
608 1450 85
1450 1454 68
1454 1887 23
1887 942 2
942 1355 9
942 766 88
1887 634 77
634 27 97
634 1632 80
1454 418 31
418 1650 55
1650 1627 45
1650 330 6
418 100 91
100 1186 56
100 556 6
1450 1832 81
1832 1091 24
1091 1549 63
1549 544 8
1549 198 35
1091 829 6
829 437 8
829 727 85
1832 1607 10
1607 376 72
376 304 78
376 823 3
1607 385 93
385 1126 51
385 1800 10
608 1926 29
1926 1196 18
1196 431 32
431 37 82
37 1863 26
37 941 20
431 1281 58
1281 7 75
1281 1302 51
1196 607 89
607 42 29
42 667 96
42 1572 46
607 1080 71
1080 1563 3
1080 358 51
1926 900 51
900 348 27
348 571 13
571 422 10
571 117 13
348 1399 71
1399 104 70
1399 682 98
900 485 80
485 1611 93
1611 950 75
1611 1411 82
485 1251 85
1251 57 77
1251 781 44
805 306 65
306 1067 95
1067 1506 75
1506 1394 47
1394 1342 72
1342 1786 46
1786 1714 56
1786 229 46
1342 1757 97
1757 633 44
1757 43 26
1394 387 44
387 129 41
129 1111 97
129 1554 46
387 1573 92
1573 1315 99
1573 28 24
1506 361 56
361 97 61
97 1464 37
1464 677 78
1464 1198 30
97 318 86
318 266 58
318 1477 74
361 1848 12
1848 598 91
598 1861 58
598 412 88
1848 1339 34
1339 718 74
1339 1019 82
1067 535 61
535 1365 20
1365 340 54
340 917 6
917 1152 76
917 146 51
340 434 54
434 1440 71
434 577 77
1365 1934 49
1934 487 12
487 1871 73
487 163 47
1934 1322 55
1322 167 23
1322 1290 70
535 1329 62
1329 1137 83
1137 1033 58
1033 572 40
1033 1378 64
1137 913 95
913 436 49
913 552 37
1329 51 6
51 1082 39
1082 774 46
1082 125 46
51 1224 25
1224 59 20
1224 921 27
306 1562 37
1562 263 91
263 521 32
521 21 94
21 285 18
285 1321 83
285 359 48
21 409 89
409 1193 59
409 1711 48
521 1150 52
1150 1577 83
1577 1783 46
1577 157 6
1150 683 57
683 70 16
683 502 67
263 1718 92
1718 501 25
501 564 58
564 1505 55
564 1011 20
501 1190 6
1190 1443 44
1190 565 77
1718 1453 97
1453 1431 41
1431 1830 22
1431 550 21
1453 414 60
414 654 1
414 1799 57
1562 897 3
897 1354 32
1354 384 50
384 1299 20
1299 1583 66
1299 1643 49
384 58 8
58 1047 76
58 1588 49
1354 1524 59
1524 166 10
166 162 94
166 355 16
1524 1953 67
1953 115 61
1953 828 35
897 1430 58
1430 1041 86
1041 1894 92
1894 1592 64
1894 279 57
1041 1526 98
1526 592 59
1526 1363 33
1430 1881 46
1881 19 100
19 512 7
19 775 66
1881 932 11
932 1206 7
932 1921 74
1104 1929 13
1929 1149 90
1149 1722 75
1722 1882 33
1882 142 56
142 1923 76
1923 1014 92
1014 34 31
1014 1090 24
1923 745 3
745 1480 93
745 1197 69
142 1312 70
1312 1915 59
1915 725 30
1915 637 4
1312 1362 68
1362 1691 67
1362 1392 96
1882 1546 31
1546 1601 75
1601 1417 45
1417 248 42
1417 1812 7
1601 1053 90
1053 1877 41
1053 744 65
1546 990 7
990 1043 51
1043 160 71
1043 1428 32
990 1309 16
1309 1697 61
1309 1223 6
1722 498 100
498 220 68
220 156 33
156 833 43
833 192 98
833 1012 56
156 500 97
500 366 90
500 1232 25
220 578 67
578 734 100
734 1520 6
734 924 70
578 470 67
470 882 72
470 1590 17
498 1486 50
1486 953 46
953 869 13
869 329 43
869 533 4
953 1665 54
1665 630 83
1665 1471 21
1486 1622 60
1622 931 85
931 1261 91
931 1686 91
1622 888 52
888 582 3
888 486 49
1149 150 51
150 992 70
992 1106 81
1106 951 46
951 1425 20
1425 1674 89
1425 1407 42
951 1182 61
1182 1767 65
1182 1307 8
1106 644 61
644 1561 22
1561 972 78
1561 182 79
644 1692 93
1692 50 46
1692 1703 80
992 1380 90
1380 39 59
39 144 22
144 1708 45
144 1672 12
39 158 56
158 23 65
158 1316 24
1380 1547 93
1547 152 8
152 995 66
152 365 44
1547 719 10
719 876 66
719 1587 47
150 1191 32
1191 124 99
124 1188 92
1188 466 51
466 1700 87
466 1814 33
1188 1661 11
1661 1326 3
1661 1734 93
124 812 23
812 1837 24
1837 1145 22
1837 1836 54
812 1529 68
1529 1044 67
1529 604 33
1191 338 57
338 1631 77
1631 1831 7
1831 1841 53
1831 236 41
1631 896 14
896 1598 70
896 333 64
338 1221 6
1221 1560 29
1560 1375 81
1560 1899 50
1221 391 38
391 428 47
391 1068 48
1929 820 69
820 1209 45
1209 1357 39
1357 1928 19
1928 1141 83
1141 54 23
54 771 82
54 1219 85
1141 233 15
233 976 4
233 200 8
1928 1576 36
1576 949 57
949 615 75
949 1073 55
1576 1920 42
1920 1902 83
1920 926 31
1357 822 100
822 516 87
516 868 23
868 451 13
868 986 56
516 1235 86
1235 17 19
1235 449 84
822 469 19
469 1148 68
1148 1031 74
1148 199 17
469 1351 67
1351 713 94
1351 1626 61
1209 749 5
749 982 65
982 1907 95
1907 1868 79
1868 923 46
1868 1212 79
1907 758 94
758 840 1
758 970 38
982 804 81
804 1194 10
1194 875 64
1194 1374 35
804 1664 51
1664 1671 98
1664 510 18
749 902 50
902 1778 84
1778 997 40
997 463 62
997 441 92
1778 691 78
691 105 32
691 1717 27
902 1667 96
1667 1301 99
1301 1538 52
1301 1940 12
1667 794 17
794 1391 46
794 1571 24
820 313 21
313 651 62
651 113 70
113 154 100
154 1747 59
1747 1793 100
1747 1502 45
154 228 59
228 1296 37
228 1637 25
113 1593 68
1593 1879 52
1879 730 12
1879 1289 70
1593 68 49
68 297 81
68 399 71
651 186 84
186 811 20
811 1769 33
1769 518 75
1769 808 49
811 1510 64
1510 772 54
1510 1178 44
186 1811 15
1811 1303 5
1303 453 7
1303 352 31
1811 1151 2
1151 1752 82
1151 916 4
313 1176 63
1176 653 51
653 1427 55
1427 717 21
717 1254 2
717 1810 99
1427 25 80
25 1095 38
25 548 75
653 73 99
73 1497 41
1497 1310 86
1497 631 21
73 372 89
372 1521 66
372 1589 91
1176 553 73
553 1096 38
1096 56 75
56 1478 99
56 1211 86
1096 147 39
147 547 52
147 983 82
553 386 5
386 468 9
468 1787 40
468 632 87
386 452 10
452 1311 22
452 855 42
369 862 45
862 1001 26
1001 575 94
575 1846 76
575 939 15
1001 1102 69
1102 1398 27
1102 1604 56
862 645 6
645 1328 47
1328 1218 96
1328 1822 24
645 328 37
328 1680 20
328 1925 61
369 769 12
769 890 71
890 1050 98
1050 1649 2
1050 776 74
890 1741 79
1741 1056 58
1741 240 82
769 1112 19
1112 1275 44
1275 1265 44
1275 1350 92
1112 1885 86
1885 1545 68
1885 1639 67
547 1795 9
1795 1867 5
1867 1240 8
1240 1488 5
1488 1603 5
1603 482 8
482 676 6
676 1918 7
1918 1640 8
1640 763 9
763 908 7
908 1234 5
1234 1356 5
1356 490 9
490 305 8
305 1633 8
1633 1872 7
1872 685 6
685 740 5
740 687 9
687 1410 6
1410 1360 6
1360 1495 9
1495 666 9
666 1826 8
1826 1673 6
1673 1949 6
1949 810 5
810 796 9
796 1775 9
1775 1467 8
1467 1214 5
1214 1669 9
1669 103 6
103 581 7
581 101 6
101 933 7
933 816 5
816 907 6
907 1446 5
1446 1641 5
1641 1458 5
1458 289 6
289 1032 7
1032 596 9
596 1441 9
1441 1913 6
1913 1740 6
1740 456 7
456 1142 6
1142 1870 7
1870 906 6
906 963 9
963 1379 6
1379 1163 5
1163 392 7
392 1146 9
1146 1738 6
1738 611 8
611 1857 6
1857 455 8
455 1388 6
1388 1397 6
1397 1332 9
1332 738 8
738 1850 6
1850 1525 8
1525 344 7
344 1107 6
1107 624 9
624 1869 7
1869 1319 8
1319 1903 9
1903 210 8
210 1912 6
1912 499 5
499 415 9
415 275 9
275 629 6
629 225 7
225 120 7
120 1438 9
1438 750 8
750 1353 7
1353 792 7
792 936 5
936 1154 9
1154 48 7
48 478 9
478 736 7
736 1606 5
1606 1676 9
1676 1216 6
1216 549 6
549 67 8
67 825 6
825 989 9
989 1736 8
1736 1531 8
1531 1343 6
1343 1287 7
1287 239 5
239 212 9
212 602 8
602 38 9
38 768 7
768 1010 5
1010 520 5
520 201 6
201 1638 7
1638 1523 15
1523 12 17
12 777 16
777 1123 15
1123 267 14
267 1785 13
1785 1359 13
1359 1504 13
1504 1943 17
1943 491 17
491 849 16
849 1790 17
1790 1003 16
1003 349 14
349 817 16
817 704 16
704 1283 15
1283 1103 15
1103 1274 15
1274 622 13
622 915 13
915 262 14
262 1895 13
1895 1243 15
1243 1646 15
1646 1474 14
1474 1789 17
1789 1543 15
1543 579 15
579 1781 14
1781 1807 17
1807 1064 14
1064 979 15
979 91 17
91 1055 14
1055 1696 16
1696 114 15
114 1189 14
1189 272 13
272 1780 16
1780 701 13
701 1183 13
1183 221 16
221 1876 13
1876 1439 14
1439 1025 16
1025 954 16
954 438 16
438 1574 15
1574 178 13
178 410 16
410 1200 16
1200 904 17
904 1364 17
1364 290 15
290 190 14
190 1314 15
1314 1468 14
1468 1220 16
1220 674 17
674 1596 17
1596 1492 13
1492 863 16
863 1083 14
1083 32 17
32 138 17
138 1295 14
1295 185 14
185 1239 13
1239 782 15
782 1816 15
1816 1184 15
1184 1948 15
1948 172 13
172 173 15
173 109 17
109 733 13
733 709 15
709 423 15
423 1187 15
1187 716 16
716 1331 16
1331 1694 15
1694 1900 15
1900 1530 17
1530 1761 17
1761 1595 13
1595 298 14
298 743 16
743 1448 16
1448 732 14
732 1340 15
1340 224 16
224 81 14
81 88 14
88 595 16
595 1760 13
1760 850 15
850 806 14
806 847 15
847 1623 17
1623 464 16
464 465 17
465 1139 15
1139 319 13
319 1941 16
1941 1609 16
1609 1653 15
1653 64 13
64 164 15
164 1500 15
1500 1087 21
1087 610 21
610 1140 22
1140 778 25
778 1599 25
1599 489 22
489 1619 25
1619 1452 24
1452 1367 22
1367 79 24
79 1528 25
1528 1491 24
1491 1933 24
1933 703 21
703 1878 25
1878 1092 24
1092 1327 23
1327 1709 25
1709 139 21
139 1409 25
1409 1693 24
1693 1890 21
1890 335 21
335 1651 23
1651 511 24
511 6 24
6 590 21
590 1164 21
1164 858 21
858 177 21
177 668 25
668 1061 22
1061 1172 21
1172 121 22
121 18 23
18 646 23
646 1127 25
1127 912 23
912 1745 21
1745 1910 21
1910 1660 23
1660 345 22
345 1008 21
1008 606 21
606 1159 24
1159 1217 23
1217 530 22
530 1721 21
1721 684 22
684 1917 24
1917 526 22
526 1027 22
1027 1914 24
1914 1586 22
1586 1750 25
1750 22 24
22 1259 22
1259 911 22
911 944 22
944 1233 22
1233 971 22
971 1859 21
1859 1927 25
1927 1833 23
1833 947 22
947 671 23
671 1230 22
1230 1792 23
1792 1508 22
1508 1046 22
1046 196 23
196 232 21
232 404 25
404 879 21
879 1582 23
1582 310 23
310 1271 23
1271 893 24
893 561 25
561 546 21
546 739 22
739 2 21
2 1548 22
1548 889 23
889 800 22
800 1248 23
1248 1070 21
1070 259 23
259 985 25
985 1060 24
1060 217 21
217 799 21
799 910 22
910 419 21
419 477 25
477 1618 23
1618 1888 25
1888 1009 21
1009 945 23
945 1511 23
1511 375 24
375 1625 25
1625 1835 25
1835 339 23
339 742 22
742 1742 22
1742 1415 22
1415 1466 24
1466 1621 23
1621 1553 21
1553 746 21
746 1138 32
1138 1472 31
1472 587 31
587 1776 31
1776 1719 32
1719 444 33
444 1687 32
1687 274 31
274 854 29
854 1487 32
1487 1020 29
1020 1930 30
1930 1144 33
1144 887 29
887 1308 31
1308 492 33
492 1337 30
1337 257 32
257 1759 30
1759 49 29
49 1262 32
1262 1436 31
1436 1244 33
1244 1024 32
1024 1165 33
1165 1620 29
1620 1751 33
1751 860 33
860 473 33
473 1408 31
1408 277 29
277 1076 32
1076 1482 33
1482 1864 33
1864 354 29
354 994 29
994 672 29
672 1401 29
1401 1730 33
1730 183 30
183 360 30
360 1688 33
1688 938 33
938 294 29
294 1945 30
1945 1180 30
1180 692 33
692 234 31
234 69 30
69 1246 31
1246 903 33
903 400 31
400 1798 29
1798 430 32
430 1931 29
1931 1828 30
1828 1908 30
1908 1422 30
1422 505 31
505 628 29
628 786 29
786 457 31
457 128 29
128 189 31
189 1435 32
1435 1732 30
1732 940 31
940 1426 30
1426 1544 32
1544 175 32
175 1272 33
1272 62 33
62 1827 32
1827 276 29
276 1479 29
1479 1565 33
1565 649 30
649 389 30
389 24 33
24 47 29
47 960 30
960 640 32
640 222 33
222 5 32
5 955 33
955 1516 30
1516 722 33
722 462 29
462 1215 33
1215 288 30
288 1335 31
1335 1723 29
1723 1324 30
1324 1905 32
1905 1663 33
1663 814 30
814 159 30
159 1493 32
1493 1094 33
1094 1128 33
1128 1645 30
1645 1117 32
1117 1951 30
1951 1801 33
1801 573 32
573 834 30
834 1088 30
1088 1204 31
1204 93 33
93 96 31
96 1873 33
1873 362 39
362 1705 37
1705 1393 40
1393 1253 37
1253 336 41
336 324 38
324 620 41
620 1168 38
1168 1853 37
1853 322 40
322 1782 41
1782 281 37
281 865 38
865 1405 41
1405 379 38
379 1291 39
1291 1823 37
1823 1284 41
1284 506 41
506 230 41
230 76 38
76 1514 39
1514 899 37
899 90 39
90 1499 40
1499 1555 40
1555 356 40
356 1349 39
1349 52 37
52 1018 37
1018 1390 40
1390 1131 39
1131 1952 40
1952 1300 40
1300 589 37
589 1701 41
1701 1804 41
1804 1002 38
1002 895 40
895 250 41
250 1727 41
1727 61 39
61 1263 39
1263 1158 39
1158 1381 38
1381 545 40
545 45 39
45 1856 40
1856 94 40
94 1277 38
1277 1683 39
1683 406 38
406 31 37
31 1023 37
1023 964 40
964 296 40
296 1733 37
1733 1348 41
1348 65 39
65 1063 39
1063 1231 38
1231 1320 39
1320 151 39
151 1579 41
1579 255 37
255 702 39
702 1352 38
1352 584 41
584 231 40
231 975 41
975 448 38
448 988 40
988 878 38
878 1677 37
1677 169 39
169 856 41
856 377 40
377 1382 41
1382 1681 39
1681 312 40
312 756 37
756 265 38
265 1698 41
1698 1901 38
1901 407 40
407 1169 37
1169 1821 38
1821 1376 38
1376 1829 41
1829 295 38
295 347 40
347 1766 37
1766 891 40
891 1207 37
1207 382 39
382 1115 41
1115 1581 39
1581 3 40
3 1444 37
1444 416 38
416 308 39
308 46 40
46 251 38
251 394 37
394 445 40
445 1919 40
1919 1678 38
1678 252 39
252 317 37
317 1779 37
1779 1279 39
1279 851 45
851 974 46
974 641 47
641 1852 48
1852 1236 47
1236 1570 47
1570 1285 47
1285 1557 48
1557 603 48
603 659 48
659 1817 48
1817 33 48
33 474 48
474 283 49
283 539 47
539 594 47
594 1086 48
1086 752 45
752 1465 45
1465 1642 46
1642 639 47
639 1898 48
1898 965 47
965 371 49
371 1765 49
1765 60 48
60 44 45
44 118 46
118 496 48
496 1099 47
1099 427 45
427 1040 45
1040 693 49
693 92 49
92 1558 46
1558 1537 48
1537 747 48
747 509 48
509 1120 48
1120 1294 46
1294 981 48
981 616 46
616 1085 47
1085 1647 46
1647 475 47
475 1377 49
1377 1713 46
1713 350 46
350 396 45
396 323 46
323 1459 47
1459 63 49
63 397 46
397 712 47
712 1855 46
1855 679 45
679 874 45
874 1195 48
1195 1602 48
1602 168 45
168 1167 46
1167 334 49
334 1358 45
1358 447 47
447 1054 48
1054 1129 48
1129 293 45
293 268 49
268 1552 46
1552 1075 48
1075 779 45
779 209 49
209 1515 46
1515 253 47
253 1457 46
1457 1542 49
1542 1854 47
1854 980 49
980 450 45
450 1456 49
1456 1748 47
1748 1442 47
1442 755 45
755 673 48
673 357 49
357 213 46
213 1118 46
1118 726 46
726 256 45
256 801 46
801 1825 46
1825 1113 46
1113 1101 47
1101 1763 49
1763 1666 48
1666 857 48
857 1630 47
1630 260 48
260 1739 47
1739 987 46
987 1802 48
1802 1532 47
1532 36 45
36 519 49
519 123 47
123 1255 48
1255 1105 48
1105 925 46
925 784 47
784 85 45
85 127 45
127 714 57
714 731 56
731 1712 53
1712 770 53
770 1078 57
1078 1006 55
1006 1074 56
1074 930 56
930 133 57
133 580 57
580 593 54
593 785 53
785 413 57
413 657 53
657 619 56
619 1629 55
1629 1880 53
1880 66 56
66 576 54
576 429 54
429 1652 56
1652 859 56
859 1034 56
1034 1361 57
1361 948 55
948 563 57
563 831 53
831 1564 56
1564 86 56
86 591 53
591 689 53
689 1366 53
1366 1372 53
1372 767 54
767 1475 55
1475 1904 53
1904 1946 53
1946 1318 53
1318 898 53
898 978 57
978 443 54
443 524 54
524 1704 54
1704 735 55
735 300 57
300 433 54
433 1170 57
1170 1513 57
1513 791 57
791 1252 55
1252 1304 55
1304 291 57
291 625 56
625 1249 55
1249 4 56
4 1313 53
1313 1264 56
1264 1157 56
1157 1429 57
1429 1122 57
1122 861 57
861 1267 57
1267 818 57
818 1066 54
1066 1744 55
1744 242 54
242 368 56
368 1710 57
1710 1412 56
1412 729 56
729 1160 53
1160 1384 54
1384 1758 53
1758 920 54
920 517 57
517 956 54
956 1656 55
1656 9 53
9 55 55
55 126 56
126 1844 56
1844 1916 57
1916 1269 57
1269 848 54
848 1455 56
1455 1098 56
1098 830 56
830 1156 57
1156 1715 56
1715 656 57
656 724 56
724 351 57
351 813 54
813 1624 55
1624 1891 54
1891 1199 56
1199 1213 53
1213 780 57
780 1615 53
1615 370 53
370 1203 53
1203 1866 53
1866 122 56
122 918 53
918 1155 57
1155 1037 55
1037 235 54
235 197 54
197 398 53
398 98 56
98 401 55
401 958 61
958 1947 65
1947 1081 62
1081 286 64
286 694 65
694 108 62
108 161 62
161 488 64
488 1932 63
1932 99 62
99 934 62
934 307 62
307 1613 63
1613 560 61
560 790 65
790 1333 63
1333 884 63
884 838 65
838 1370 65
1370 403 63
403 299 65
299 605 61
605 458 62
458 943 62
943 237 62
237 504 61
504 211 65
211 1939 65
1939 1282 63
1282 1699 65
1699 292 62
292 1325 63
1325 1421 61
1421 75 61
75 1110 63
1110 1842 65
1842 1533 64
1533 525 65
525 618 61
618 660 61
660 1108 63
1108 20 64
20 1347 63
1347 41 62
41 1344 65
1344 621 64
621 558 61
558 309 64
309 753 63
753 627 61
627 1451 64
1451 1400 64
1400 892 63
892 871 65
871 1051 62
1051 881 64
881 1858 62
1858 748 61
748 1874 63
1874 1883 65
1883 208 62
208 417 62
417 670 64
670 843 62
843 1806 62
1806 1079 62
1079 202 64
202 1288 62
1288 459 63
459 1473 64
1473 8 63
8 1569 65
1569 270 62
270 193 62
193 1777 63
1777 435 63
435 809 65
809 690 63
690 1944 64
1944 1030 65
1030 223 63
223 171 62
171 1202 63
1202 527 62
527 680 63
680 973 62
973 227 65
227 148 64
148 1839 62
1839 554 65
554 536 65
536 110 64
110 1485 61
1485 1735 61
1735 244 62
244 1889 64
1889 652 62
652 442 65
442 1058 65
1058 914 64
914 420 63
420 1845 64
1845 1250 65
1250 1670 62
1670 1268 65
1268 1278 62
1278 1432 61
1432 1069 62
1069 26 61
26 609 64
609 655 61
655 1689 72
1689 321 73
321 708 71
708 984 70
984 614 70
614 1512 69
1512 894 70
894 1171 71
1171 1305 71
1305 1177 71
1177 141 70
141 74 71
74 852 71
551 1266 1331 1352 861 705 172 1324 358 1275 992 1179 1613 505 280 207 249 510 1809 1916 1801 101 586 290 1483 1869 1162 1055 1676 831 661 911 1291 53 1927 830 878 365 122 1293 726 1385 1079 264 1318 457 629 1550 509 1077 1465 1197 1437 1560 384 377 1418 1432 514 494 1408 1117 1252 1053 438 226 1065 1471 990 211 836 1400 1941 1042 723 966 1459 939 829 1582 1020 1371 90 1333 1181 132 23 632 1765 1478 1848 1641 1883 398 881 549 1704 912 985 727 1200 60 1125 1344 1948 528 1884 315 940 1510 685 391 1342 950 1911 1627 875 1328 548 607 1246 168 123 1618 1907 1822 690 1354 846 21 1431 25 657 387 986 147 666 590 654 111 293 640 519 1935 1537 1225 953 170 404 1686 804 1635 1250 1101 1014 1377 1219 160 767 118 1243 1300 1873 1268 1697 699 1150 1511 1944 1323 1201 1195 367 1745 864 464 183 1847 1946 1900 24 336 1751 618 114 1062 359 1185 1878 554 714 582 8 143 1356 1464 22 928 32 851 222 1234 1502 868 1066 1325 1821 1567 1888 415 1715 1491 1712 1192 587 569 445 715 1657 279 902 1292 684 1337 481 681 701 879 801 1783 762 285 44 1368 337 637 483 704 428 167 645 169 1383 1416 1196 1445 1174 1116 1886 1692 543 1216 737 323 1184 1705 1885 811 1279 1141 1456 1933 927 603 1501 149 1744 1409 758 784 1288 969 948 827 1289 1482 1380 403 1072 1050 1621 133 793 713 559 1329 1454 1397 815 88 1001 1180 945 1760 1725 444 267 971
