100 10
1 89 96
89 24 51
24 53 28
89 77 65
77 3 22
3 99 88
3 78 95
24 74 94
99 32 86
3 87 90
99 63 48
89 18 8
77 20 47
77 47 88
1 92 30
99 29 93
29 52 42
99 7 39
99 38 1
24 25 80
25 34 2
92 27 92
92 15 34
25 45 43
7 44 44
89 5 82
87 73 22
20 61 28
24 26 92
5 33 16
5 95 61
38 83 50
83 60 51
26 97 23
78 98 42
32 66 76
5 59 21
27 100 39
24 85 7
83 79 24
25 84 16
78 42 42
34 86 99
66 6 57
95 23 87
20 28 67
25 17 31
61 13 1
45 16 8
27 48 35
24 62 77
3 72 44
62 30 28
16 91 3
38 90 66
44 12 37
18 67 87
34 58 70
13 93 50
59 49 31
85 55 1
58 82 35
20 37 65
73 70 64
45 80 10
61 31 26
26 35 60
66 39 35
33 56 55
61 71 74
67 76 66
3 11 5
87 69 91
83 19 41
29 88 4
71 46 79
72 81 68
15 65 88
42 68 1
71 14 60
74 43 49
49 22 48
81 8 6
30 40 48
99 9 22
6 36 83
44 94 86
37 10 43
93 96 66
15 64 67
48 41 6
83 54 25
22 21 10
17 75 9
93 2 15
15 57 72
63 50 57
14 4 75
50 51 4
91 29 2 32 96 66 82 100 58 89
