100 20
1 4 84
4 56 24
1 72 84
4 86 56
86 71 79
4 25 21
71 10 10
56 46 60
71 59 70
4 5 18
59 52 5
4 54 90
54 8 54
4 73 21
72 82 62
8 85 92
1 83 95
4 97 17
83 58 13
86 100 55
100 78 70
72 2 44
52 6 42
2 94 32
52 44 6
56 14 27
25 68 66
82 9 69
8 31 96
31 91 50
10 42 19
100 75 53
83 99 60
73 60 43
86 27 45
59 64 68
27 18 25
75 74 97
10 20 70
20 69 29
69 79 80
97 98 89
79 76 75
85 84 68
25 38 50
84 37 30
71 53 13
79 90 33
46 51 2
94 39 49
71 92 24
10 29 65
31 43 30
46 32 18
72 41 45
51 33 26
78 16 5
43 62 73
51 15 22
52 28 100
15 30 12
60 77 91
74 81 62
97 3 48
84 70 50
78 11 13
46 61 63
1 55 73
70 12 42
4 63 91
4 36 87
53 67 61
12 89 81
39 88 21
29 34 76
20 7 26
78 13 4
43 45 15
56 47 39
4 49 32
49 48 10
15 26 12
26 22 25
47 93 64
49 24 77
7 95 3
72 35 74
60 66 58
72 87 100
39 40 61
24 17 54
70 23 66
59 19 53
24 96 74
56 50 41
100 57 30
78 21 53
58 80 74
63 65 29
31 29 27 20 46 53 60 97 74 78 8 71 92 4 67 94 39 99 59 54
