100
3
15 20 60 75 80 100
4
9 9 12 12 12 15 16 20
4
480 640 1047 1396 1638 2184 2481 3308
4
495 660 1953 2559 2604 2685 3412 3580
4
384 512 1005 1340 2037 2716 2973 3964
4
270624780 336144033 360833040 448192044 736130808 745857189 981507744 994476252
4
147 196 267 330 356 440 810 1080
4
222 296 1533 1767 2044 2356 2541 3388
4
450 600 804 1072 1137 1497 1516 1996
4
1788 2384 2697 2967 2991 3596 3956 3988
4
23158248 30877664 39506376 52675168 61028502 81371336 246817389 329089852
4
360 480 1665 1815 2220 2420 2727 3636
4
89379288 119172384 541058934 687765351 713124897 721411912 917020468 950833196
4
825 1100 1185 1580 2565 2787 3420 3716
4
1767 1833 1890 2356 2444 2520 2979 3972
4
243 324 1065 1420 1713 2284 2970 3960
4
3 4 177 236 1221 1628 2385 3180
4
525 700 2130 2391 2529 2840 3188 3372
4
16713 22284 26730 35640 35640 47520 47520 63360
4
10638 14184 18912 24111 25216 32148 42864 57152
4
99 117 132 156 939 1008 1252 1344
4
132 176 1557 2049 2076 2732 2772 3696
4
6153429 8204572 229744608 306326144 604841283 699795381 806455044 933060508
4
238666812 318222416 515488512 583222140 610893597 687318016 777629520 814524796
1
3 4
4
20169 24462 26892 32616 35856 43488 47808 57984
4
120866907 161155876 554384304 650232675 660036354 739179072 866976900 880048472
4
39510171 52680228 68172375 90896500 644201271 654174342 858935028 872232456
4
1080 1440 1920 2560 10044 13392 17856 23808
4
6 8 228 304 906 1208 1287 1716
4
24 32 1074 1432 2697 2739 3596 3652
4
1317 1359 1756 1812 1893 2016 2524 2688
4
270 360 570 760 2166 2634 2888 3512
4
332439564 443252752 461950665 480380187 615934220 640506916 641701200 855601600
4
1608 1824 2144 2226 2358 2432 2968 3144
4
558 744 1866 2067 2454 2488 2756 3272
4
66001068 88001424 508792263 678389684 692898039 723449421 923864052 964599228
4
272688951 363585268 398822718 531763624 554179581 738906108 748014771 997353028
4
5311620 7082160 153956652 205275536 298726539 398302052 745859832 994479776
4
1269 1674 1692 2232 2706 2787 3608 3716
4
138 184 1689 1797 2252 2396 2616 3488
4
639 852 1449 1488 1932 1984 2817 3756
4
8532 11376 11376 15168 15168 17793 20224 23724
4
690 920 1116 1329 1488 1581 1772 2108
4
114 152 414 552 1809 2160 2412 2880
4
19089 25452 25650 34200 34200 45600 45600 60800
4
369 492 1074 1432 2301 2886 3068 3848
4
444 592 1500 1854 2000 2472 2973 3964
4
51 68 564 752 1347 1368 1796 1824
4
13824 18432 24705 32940 32940 43920 43920 58560
4
324 432 1014 1352 2781 2880 3708 3840
1
750000000 1000000000
4
14744616 19659488 64584717 86112956 271881291 362508388 404403144 539204192
4
227716509 244960866 303622012 326614488 387872697 517163596 605846475 807795300
4
339 452 1398 1716 1864 2288 2355 3140
4
123485379 164647172 190650183 239915535 254200244 319887380 673919799 898559732
4
423 564 1194 1592 2400 2517 3200 3356
4
9139446 12185928 67717320 90289760 169427664 225903552 308587131 411449508
4
3969 5292 7056 9408 20061 26748 35664 47552
4
1308 1744 1758 2344 2376 2979 3168 3972
4
24759 26433 33012 33012 35244 44016 44016 58688
4
93776772 125035696 300405942 382067952 400541256 509423936 595913586 794551448
2
3 4 750000000 1000000000
4
342 456 1581 2108 2889 2997 3852 3996
4
45432753 60577004 137258901 183011868 447317205 596422940 708182229 944242972
4
642 856 1533 2040 2044 2094 2720 2792
4
5886 7848 7848 10464 10464 13952 16497 21996
4
40567770 54090360 156947067 209262756 534611736 589381443 712815648 785841924
4
1905 2166 2540 2568 2676 2888 3424 3568
4
7965 10620 10620 13608 14160 14160 18144 18880
4
93 124 1299 1732 2301 2322 3068 3096
4
108 144 192 256 6102 8136 10848 14464
4
72 96 1491 1988 2625 2931 3500 3908
4
11313 14742 15084 19656 20112 26208 26816 34944
4
6939 9252 12336 16448 21789 29052 38736 51648
4
14175 15984 18900 21312 25200 28416 33600 37888
4
8181 10908 10908 14544 14544 19392 23085 30780
4
300 400 1203 1604 2769 2823 3692 3764
4
924 1232 2064 2631 2730 2752 3508 3640
4
222 296 2451 2622 2931 3268 3496 3908
4
969 1292 1569 1686 2092 2248 2697 3596
4
633 844 861 1148 1440 1920 2916 3888
4
621 828 1509 1995 2012 2406 2660 3208
4
1536 1758 2048 2298 2344 2601 3064 3468
4
141 188 666 888 1101 1468 2103 2804
4
756 1008 1008 1344 1344 1404 1792 1872
4
369 492 1062 1416 2364 2970 3152 3960
4
312 416 522 696 1518 2024 2550 3400
4
396 528 2238 2322 2625 2984 3096 3500
4
15112635 20150180 300582345 400776460 695970675 719586816 927960900 959449088
4
5940 7155 7920 7920 9540 10560 10560 14080
4
3537 4716 6288 8384 24759 33012 44016 58688
4
1041 1388 2598 2814 2826 3464 3752 3768
4
1674 2232 2976 3968 25407 33876 45168 60224
4
579 772 1083 1353 1444 1804 2589 3452
4
387 417 516 556 1839 1884 2452 2512
4
1806 1908 2130 2408 2544 2595 2840 3460
4
204465969 272621292 453003606 604004808 685423008 695343138 913897344 927124184
4
522 696 1788 2384 2412 2847 3216 3796
4
1416 1833 1888 2331 2444 2808 3108 3744
