100
1 1 4
1 2 2
43 47 500
45 44 500
1 1 500
2 2 1
48 41 500
50 41 1
41 40 500
40 45 500
46 44 500
50 40 500
4 3 2
48 46 500
46 47 500
48 43 500
40 50 500
47 40 497
42 45 500
42 50 500
50 50 499
40 4 3
43 42 1
44 49 500
45 46 500
49 40 500
50 3 2
48 4 2
5 41 498
3 43 2
41 49 500
46 43 500
2 1 1
5 5 499
48 40 500
43 46 1
43 4 498
44 47 498
41 50 500
40 48 500
3 40 499
50 48 500
49 44 497
44 42 500
41 47 500
2 2 500
45 50 500
46 40 3
45 4 499
40 43 500
50 45 500
49 42 500
40 46 500
5 4 2
42 49 500
1 1 1
1 2 500
42 40 500
49 45 500
50 42 500
2 1 500
5 49 2
47 47 500
40 40 500
43 41 500
50 47 500
47 50 500
42 44 1
40 41 500
5 4 497
50 50 1
50 50 2
43 44 500
50 49 500
48 44 500
45 48 500
5 5 497
41 42 500
46 46 500
45 49 500
50 44 500
45 47 500
47 49 500
44 48 500
43 50 500
41 4 498
43 45 2
4 5 2
40 49 500
43 48 500
41 48 500
40 42 500
5 42 2
45 45 1
46 48 500
1 2 1
47 42 2
4 45 499
44 40 500
50 50 500
