100
1 1 4
1 2 2
43 47 15
45 44 15
1 1 15
2 2 1
48 41 15
50 41 1
41 40 15
40 45 15
46 44 15
50 40 15
4 3 2
48 46 15
46 47 15
48 43 15
40 50 15
47 40 12
42 45 15
42 50 15
50 50 14
40 4 3
43 42 1
44 49 15
45 46 15
49 40 15
50 3 2
48 4 2
5 41 13
3 43 2
41 49 15
46 43 15
2 1 1
5 5 14
48 40 15
43 46 1
43 4 13
44 47 13
41 50 15
40 48 15
3 40 14
50 48 15
49 44 12
44 42 15
41 47 15
2 2 15
45 50 15
46 40 3
45 4 14
40 43 15
50 45 15
49 42 15
40 46 15
5 4 2
42 49 15
1 1 1
1 2 15
42 40 15
49 45 15
50 42 15
2 1 15
5 49 2
47 47 15
40 40 15
43 41 15
50 47 15
47 50 15
42 44 1
40 41 15
5 4 12
50 50 1
50 50 2
43 44 15
50 49 15
48 44 15
45 48 15
5 5 12
41 42 15
46 46 15
45 49 15
50 44 15
45 47 15
47 49 15
44 48 15
43 50 15
41 4 13
43 45 2
4 5 2
40 49 15
43 48 15
41 48 15
40 42 15
5 42 2
45 45 1
46 48 15
1 2 1
47 42 2
4 45 14
44 40 15
50 50 15
