100
6 4009704
6 2300501
6 0000001
6 8000401
6 0000803
6 1200101
6 8271704
6 0037987
6 3144351
2 301
0 5
6 0050001
6 2460328
6 0111021
6 0413521
6 0800081
1 11
6 1111111
0 1
6 3144186
6 0000791
6 1222201
6 8006006
6 2222002
5 333771
3 2029
5 393538
2 001
6 5090001
5 021202
4 11111
6 1122201
5 300691
2 002
6 2060001
6 9000704
6 0000101
6 0500031
5 500001
6 5473567
2 001
6 5090001
3 0001
4 25325
6 1111111
1 01
3 8001
6 1700061
5 010011
6 6388219
6 0007005
1 11
6 0000051
1 01
6 2020808
6 0856001
1 11
6 0000711
6 0000161
6 1211211
6 2026121
6 0000001
5 000301
6 0000001
6 2001201
6 5000001
6 0570011
2 181
6 1121202
2 001
6 4037509
6 7000001
5 900931
6 3008051
6 6490062
4 22265
0 1
6 0090001
3 9001
5 820203
4 21022
3 7447
4 20801
6 9999999
5 050001
2 011
6 2112012
5 110011
2 464
6 3600001
6 1101111
1 09
6 0004071
6 7000001
0 1
5 167001
4 11111
5 000007
6 2021111
4 00006
