100
2 3
1 2
1 2
3 3
1 2
2 3
2 2
3 3
1 1
2 2
1 2
100 100
35 72
39 78
36 72
38 71
38 78
37 76
33 72
34 77
33 78
31 75
34 73
39 76
33 74
32 79
30 79
31 79
33 79
31 71
31 70
37 79
34 78
38 72
36 73
35 78
31 77
38 74
36 79
36 76
37 77
34 76
39 75
38 70
35 77
37 75
39 73
37 78
34 79
35 71
33 77
39 74
31 78
33 70
38 75
30 71
31 72
36 71
33 73
39 72
30 76
39 79
38 77
32 76
35 75
32 74
31 76
32 77
30 75
38 76
33 76
30 73
32 71
39 71
30 77
34 75
33 71
36 77
35 70
35 73
31 73
34 71
37 74
36 75
39 77
34 70
36 74
37 71
32 73
36 70
37 72
37 70
35 79
39 70
34 72
31 74
32 70
35 74
38 73
34 74
36 78
38 79
32 78
30 74
30 78
33 75
32 72
30 72
30 70
35 76
37 73
32 75
90 10
1 2
8 9
1 8
2 9
3 6
1 4
2 7
4 5
3 10
3 6
5 8
9 10
4 8
3 8
8 10
1 9
6 9
1 5
3 7
4 5
4 9
3 9
1 5
1 8
5 9
2 3
6 7
4 6
5 6
1 6
2 5
2 4
1 7
2 4
4 6
2 10
8 9
2 5
8 10
3 4
2 6
7 10
5 10
1 4
3 9
2 7
4 10
1 2
1 9
6 10
7 9
2 3
1 6
2 8
4 9
2 8
7 10
2 9
3 10
7 8
1 10
5 10
1 7
3 8
6 8
7 8
5 9
6 9
5 7
4 10
2 10
4 8
5 8
3 4
1 3
9 10
6 8
1 3
7 9
3 7
3 5
2 6
4 7
4 7
6 10
5 7
6 7
5 6
1 10
3 5
6 91
44 63
24 82
20 59
22 31
22 76
15 41
100 100
32 69
30 71
28 73
22 79
43 58
42 59
31 70
20 81
36 65
2 99
15 86
47 54
34 67
18 83
6 95
16 85
21 80
13 88
39 62
40 61
3 98
15 86
12 89
49 52
13 88
38 63
6 95
1 100
26 75
33 68
19 82
27 74
50 51
29 72
14 87
37 64
2 99
31 70
41 60
3 98
11 90
19 82
46 55
10 91
20 81
5 96
12 89
17 84
9 92
4 97
22 79
26 75
21 80
8 93
24 77
35 66
24 77
25 76
44 57
35 66
1 100
43 58
44 57
7 94
33 68
23 78
47 54
50 51
5 96
4 97
18 83
30 71
48 53
8 93
36 65
40 61
7 94
46 55
45 56
17 84
48 53
49 52
14 87
45 56
28 73
37 64
34 67
10 91
11 90
42 59
27 74
38 63
16 85
39 62
32 69
9 92
29 72
25 76
23 78
41 60
50 61
8 22
25 33
30 52
12 21
28 29
3 34
14 20
20 25
12 61
26 43
11 60
10 55
6 47
4 7
13 28
18 61
42 46
43 50
36 40
21 35
26 39
6 60
27 29
1 39
25 35
37 44
24 61
18 56
10 53
21 32
22 53
11 61
11 27
21 44
17 60
30 51
45 46
11 42
3 39
1 58
31 60
31 60
37 41
18 38
28 30
30 32
10 58
53 60
14 60
15 56
100 100
54 55
12 13
78 79
41 42
46 47
4 5
6 7
13 14
52 53
2 3
93 94
84 85
82 83
23 24
60 61
99 100
88 89
44 45
40 41
37 38
17 18
30 31
48 49
49 50
33 34
38 39
14 15
42 43
3 4
92 93
25 26
27 28
67 68
55 56
45 46
70 71
18 19
85 86
81 82
16 17
1 2
28 29
65 66
56 57
95 96
77 78
62 63
58 59
9 10
7 8
98 99
80 81
57 58
69 70
10 11
36 37
90 91
79 80
91 92
47 48
34 35
21 22
31 32
63 64
53 54
68 69
22 23
61 62
75 76
26 27
35 36
97 98
66 67
96 97
51 52
11 12
43 44
39 40
72 73
76 77
20 21
5 6
87 88
15 16
71 72
19 20
32 33
83 84
59 60
73 74
86 87
89 90
1 100
29 30
74 75
8 9
94 95
24 25
64 65
50 51
70 9
3 5
4 5
3 9
4 7
2 9
2 4
3 6
1 2
2 7
4 5
1 3
1 1
1 5
5 7
6 8
2 3
2 3
6 7
1 9
5 9
3 4
2 6
6 9
1 7
5 6
2 9
1 4
5 9
4 6
5 8
9 9
3 6
4 6
7 8
3 7
7 9
3 4
6 6
1 8
1 9
4 8
1 2
2 2
3 7
1 8
5 8
1 6
3 8
5 6
1 6
8 9
3 5
4 8
5 7
1 5
4 9
7 9
6 8
6 9
4 9
7 7
2 5
2 6
2 7
5 5
3 9
1 4
3 8
8 8
1 3
100 100
39 74
23 70
6 22
42 45
31 33
15 56
35 53
21 70
1 45
61 63
75 94
35 47
17 84
53 82
4 46
26 50
58 82
23 28
48 60
22 54
43 91
24 83
10 46
16 74
15 84
58 80
81 97
45 71
19 69
26 93
29 89
17 99
26 98
5 6
4 18
84 92
43 55
5 9
3 32
35 82
8 51
26 74
44 58
24 98
26 80
15 85
37 40
9 76
48 51
50 62
15 16
53 58
82 89
26 82
1 55
36 88
4 47
3 98
3 40
31 80
4 6
69 69
41 79
48 72
11 32
70 80
83 85
38 81
44 65
7 72
38 73
16 51
46 82
28 35
40 88
2 68
15 74
17 66
52 100
21 90
54 57
40 57
27 75
73 89
3 41
26 89
42 96
37 91
2 9
60 66
40 60
78 98
23 52
83 96
1 42
10 97
14 44
1 88
31 57
51 59
100 100
21 24
13 92
33 96
60 76
47 80
5 49
29 82
43 82
27 96
32 66
58 80
22 28
1 80
54 65
5 85
23 68
50 66
20 68
1 56
48 84
21 74
32 34
57 75
69 75
86 97
36 81
35 41
5 12
30 31
75 85
10 80
75 81
27 34
17 74
18 54
26 78
12 13
12 29
14 55
25 36
31 48
25 80
19 25
58 95
7 20
19 45
15 70
61 93
67 67
13 57
51 73
15 50
25 40
32 77
43 94
7 100
46 79
74 98
44 59
50 54
37 85
71 92
43 93
52 73
4 18
35 39
63 78
66 97
53 78
48 77
11 94
32 40
15 89
45 67
23 91
12 89
9 23
71 75
22 39
70 75
71 100
32 75
13 49
29 48
12 86
52 94
35 39
56 81
66 77
32 35
12 36
50 70
25 65
1 98
39 47
20 77
59 96
16 45
13 81
9 50
100 17
9 14
1 17
5 9
2 14
7 14
7 15
11 14
4 15
1 5
14 17
9 16
3 10
13 16
9 10
6 17
5 14
2 3
15 17
9 11
11 12
3 17
2 15
11 17
10 12
5 12
2 17
11 15
10 17
6 12
12 17
4 11
15 16
10 12
3 4
8 9
4 10
1 5
2 3
1 12
5 11
6 6
7 13
6 12
1 2
6 10
12 17
1 10
3 15
11 15
8 16
17 17
9 12
6 15
6 7
1 15
4 8
5 6
8 10
4 11
10 17
4 5
6 14
16 17
4 15
9 14
6 11
2 14
2 10
4 17
3 9
13 13
3 16
8 9
7 12
1 16
12 13
12 15
2 9
12 13
5 10
3 13
2 6
7 15
5 9
4 17
1 15
2 6
2 11
4 6
2 10
1 17
15 17
5 11
2 13
6 16
4 16
2 5
4 9
8 13
8 8
2 100
15 15
40 61
100 100
30 56
63 67
30 79
11 27
11 27
29 93
50 62
78 83
63 72
12 23
1 82
19 86
25 52
25 53
54 55
3 19
39 54
3 19
64 72
4 22
30 56
20 37
63 67
27 98
4 22
29 61
25 53
49 86
25 66
19 34
22 28
22 42
81 85
7 98
27 74
29 69
29 63
54 77
1 82
45 87
39 54
7 98
20 37
45 87
50 62
24 84
42 94
54 77
45 96
19 34
49 86
78 83
13 27
25 30
25 56
54 55
47 91
20 59
6 80
45 96
25 66
30 79
24 84
31 61
83 99
5 87
39 70
29 93
21 65
13 27
6 80
31 61
19 86
47 91
25 52
64 72
20 31
20 59
81 85
38 90
29 69
83 99
79 88
42 94
5 87
27 98
38 90
63 72
39 70
29 61
25 56
20 31
79 88
21 65
22 42
29 63
12 23
25 30
27 74
22 28
100 100
10 53
23 90
58 88
58 66
14 22
2 79
40 63
14 91
45 82
2 65
15 100
6 80
88 92
45 99
5 88
33 86
29 86
69 89
73 84
4 20
2 14
31 55
12 67
13 55
69 98
31 55
25 68
8 80
6 80
37 44
35 75
29 86
11 37
61 92
21 79
46 67
58 88
25 68
3 30
26 89
6 82
88 92
33 86
8 85
40 71
45 82
5 88
68 77
5 51
21 79
73 84
8 80
3 86
5 51
26 89
2 65
54 87
16 81
14 48
89 98
31 83
2 79
35 75
10 53
40 71
8 85
3 30
20 43
21 81
61 92
89 98
54 87
11 37
20 46
31 83
6 82
69 89
4 20
45 99
37 44
46 67
20 46
21 81
3 86
14 48
16 81
14 22
68 77
40 63
14 91
20 43
58 66
34 88
34 88
13 55
23 90
12 67
2 14
15 100
69 98
100 100
11 58
22 49
27 62
40 49
96 98
44 44
22 37
35 78
10 57
39 49
34 64
17 56
6 42
60 77
16 79
29 73
83 90
67 89
15 53
59 83
23 56
44 84
70 72
59 80
60 65
4 77
27 70
13 52
68 92
79 82
13 25
92 94
29 66
68 94
7 61
67 80
41 44
20 56
7 70
40 79
22 33
12 39
75 97
38 92
33 88
84 100
5 27
25 92
19 75
34 42
93 99
79 88
47 87
58 95
18 90
23 66
12 52
3 29
32 72
15 85
10 65
73 88
41 85
24 28
14 22
27 50
89 91
38 100
15 41
9 24
39 54
17 94
66 95
5 86
31 82
53 88
42 83
41 84
39 56
5 80
47 47
17 56
8 58
20 63
74 78
67 96
36 66
27 97
81 82
13 66
4 74
58 80
2 78
9 15
8 25
8 64
79 88
6 63
48 56
19 35
100 100
56 74
12 60
67 85
57 88
39 59
16 63
20 89
14 54
67 69
14 73
3 15
8 13
78 84
71 89
65 77
43 86
25 53
6 32
5 46
14 14
6 50
21 72
37 74
79 82
69 71
27 65
64 84
9 10
41 97
49 57
4 16
47 73
18 40
25 93
92 92
13 100
48 100
20 98
14 39
54 95
28 56
29 50
43 68
10 21
8 67
66 77
47 84
64 84
38 57
9 53
24 35
89 96
32 100
33 50
25 35
30 80
7 72
2 70
16 81
5 89
81 94
18 42
4 81
24 89
5 98
40 96
23 64
11 48
4 56
84 89
51 61
43 59
48 67
27 96
36 82
24 45
17 30
61 64
49 91
32 42
32 74
44 95
42 89
47 59
51 54
25 64
28 80
35 72
18 39
18 69
45 73
12 26
34 61
42 50
35 36
7 8
23 90
11 64
27 63
43 99
100 100
57 84
10 59
19 93
2 96
24 68
14 60
75 77
15 93
3 8
70 80
33 49
11 21
70 80
6 80
65 67
33 49
2 96
19 20
71 73
68 86
2 52
23 83
17 100
9 57
10 59
2 38
33 94
62 86
12 28
12 72
25 45
68 86
51 96
16 99
49 93
73 100
33 94
71 73
65 67
13 60
55 60
62 86
19 93
19 96
46 68
61 76
61 76
4 6
29 35
12 28
57 84
45 70
55 60
46 68
75 77
14 60
2 38
13 60
13 26
68 76
9 98
19 20
49 93
2 57
2 52
15 93
37 51
2 57
28 87
26 72
9 98
25 81
76 81
9 57
6 80
15 29
28 87
16 99
25 45
17 100
51 96
24 68
45 70
11 21
13 26
76 81
26 72
29 35
73 100
31 36
19 96
31 36
37 51
25 81
68 76
3 8
15 29
12 72
23 83
4 6
95 82
7 70
12 29
75 82
11 13
59 63
15 16
25 58
66 77
2 56
69 82
7 22
56 78
32 43
38 69
64 74
14 20
37 82
43 57
74 74
66 82
2 40
47 52
3 70
8 65
26 48
8 63
74 78
35 40
35 55
14 33
45 50
14 76
49 63
26 66
2 65
16 53
51 79
29 35
14 22
13 82
40 49
53 64
7 48
21 74
11 51
31 66
9 46
10 12
37 75
25 48
4 58
22 67
22 33
8 70
14 72
13 62
9 24
27 63
43 47
54 76
19 50
54 64
11 31
39 81
21 29
32 37
48 49
45 56
5 33
20 61
6 17
1 48
43 60
21 73
7 55
25 79
41 72
50 69
34 46
46 80
1 49
59 76
48 56
24 33
2 53
38 75
41 42
14 35
64 69
33 38
51 52
3 45
19 82
36 48
7 9
100 100
50 57
64 79
83 92
56 88
16 61
17 79
87 90
37 43
77 81
19 87
14 69
10 36
91 92
19 61
88 100
6 49
83 92
77 92
56 88
87 90
22 33
31 58
16 61
14 69
32 50
39 97
41 52
17 94
79 80
36 54
38 71
20 78
28 80
17 79
10 36
39 91
6 68
19 61
32 50
73 98
38 85
24 88
6 49
28 80
38 71
73 98
81 93
33 36
50 57
14 78
17 76
77 81
38 85
35 84
81 93
8 23
3 22
14 78
42 78
3 22
19 78
75 89
19 78
31 58
35 84
20 78
19 87
8 23
47 76
39 97
24 88
22 33
7 39
10 28
33 36
47 76
6 68
24 58
77 92
88 100
41 52
46 57
46 57
10 28
13 38
37 43
39 91
64 79
79 80
14 57
75 89
24 58
7 39
13 38
14 57
42 78
17 94
91 92
17 76
36 54
100 100
1 10
1 90
1 77
1 94
1 74
1 8
1 13
1 52
1 87
1 72
1 95
1 47
1 37
1 26
1 99
1 54
1 71
1 30
1 89
1 44
1 31
1 100
1 61
1 33
1 5
1 38
1 64
1 82
1 78
1 12
1 25
1 29
1 48
1 69
1 85
1 84
1 98
1 32
1 40
1 46
1 19
1 92
1 14
1 97
1 83
1 70
1 88
1 20
1 15
1 23
1 60
1 50
1 73
1 93
1 56
1 53
1 58
1 45
1 27
1 49
1 9
1 68
1 86
1 63
1 7
1 24
1 34
1 75
1 6
1 42
1 51
1 35
1 36
1 57
1 96
1 55
1 91
1 65
1 41
1 67
1 17
1 16
1 1
1 80
1 39
1 62
1 43
1 66
1 81
1 3
1 2
1 21
1 59
1 11
1 18
1 76
1 79
1 28
1 4
1 22
30 77
63 74
3 29
40 72
22 37
23 46
24 41
19 71
2 27
5 14
33 36
9 34
5 34
34 53
11 72
33 36
43 49
27 36
22 50
46 61
65 70
12 70
7 9
7 15
2 20
38 59
33 42
57 62
27 45
8 18
40 72
14 10
4 9
3 3
6 10
5 7
7 9
6 7
8 8
4 7
1 3
3 4
2 8
7 8
1 9
3 4
51 77
69 77
11 75
49 58
9 26
16 63
39 74
10 22
9 34
3 44
57 77
65 77
46 68
32 64
29 77
34 74
48 55
5 43
22 74
14 68
6 34
55 74
18 30
7 10
7 38
43 44
16 21
63 74
26 35
40 66
55 63
65 66
10 20
2 52
5 16
11 67
10 18
49 70
12 44
14 57
22 33
15 67
72 76
8 20
30 49
7 18
49 62
19 58
38 55
35 50
31 43
26 33
100 100
76 77
64 66
55 59
50 83
55 74
52 88
60 84
58 64
62 92
57 61
69 89
50 95
73 95
54 60
75 94
50 73
51 70
66 87
64 74
59 98
76 97
71 87
75 96
74 82
85 99
58 88
92 99
55 57
73 83
61 95
58 93
83 89
66 69
56 97
58 77
64 68
92 93
72 85
55 90
71 78
54 93
79 96
73 80
81 83
54 90
58 62
58 79
70 94
70 77
62 86
50 54
58 59
59 84
55 64
50 84
68 84
52 96
58 83
60 83
96 99
61 88
96 98
55 78
80 95
69 77
58 94
61 82
71 82
58 93
70 93
83 89
55 68
80 84
59 62
65 93
74 79
60 62
65 97
53 86
56 82
63 72
53 100
60 71
69 73
59 64
79 86
91 93
75 86
79 85
69 92
61 69
74 80
51 78
91 91
75 75
55 97
52 93
55 65
86 99
71 97
100 11
3 8
5 9
5 6
1 10
4 5
2 9
3 8
1 9
5 8
3 7
1 6
7 10
6 9
1 4
4 8
5 8
9 11
3 3
6 10
4 7
5 11
2 11
9 10
3 6
2 10
8 10
1 5
1 11
1 2
7 11
6 8
4 11
1 10
2 11
2 10
11 11
4 9
7 8
6 6
2 7
1 8
5 9
8 9
2 5
1 9
9 11
8 11
1 7
5 10
7 8
7 10
10 11
6 8
5 7
8 11
2 4
2 3
4 7
3 6
7 9
4 6
5 7
4 11
2 5
1 2
10 11
1 4
7 7
6 7
7 9
9 10
4 9
3 10
1 1
2 4
1 8
2 7
4 6
8 9
2 3
3 10
3 11
6 7
6 10
5 5
4 4
4 8
3 11
4 10
1 6
3 9
3 5
2 8
5 10
3 9
6 9
1 7
3 4
3 5
2 6
100 100
48 55
34 44
7 10
41 63
39 66
26 43
1 89
11 52
29 65
72 80
26 47
38 55
2 5
8 65
14 51
65 66
9 66
50 74
12 68
97 97
9 85
45 72
24 74
30 77
3 87
76 94
2 71
23 97
38 58
7 89
6 41
24 55
35 44
55 97
33 42
7 15
85 94
59 62
19 43
60 77
2 35
73 95
35 45
16 91
21 56
21 75
25 70
53 55
32 60
43 78
39 78
52 83
43 43
24 56
53 56
45 99
16 58
5 85
3 80
41 57
2 76
6 35
70 92
23 49
43 61
26 93
32 75
34 58
16 86
26 44
21 52
10 41
23 43
13 50
70 95
33 86
21 31
19 31
79 85
44 85
17 62
15 84
41 61
49 55
24 28
69 75
22 37
60 68
11 84
60 74
44 65
46 72
76 90
29 67
28 34
51 100
3 45
56 68
44 45
13 66
2 2
2 2
1 1
100 100
16 24
24 61
25 61
11 93
30 37
81 88
74 77
56 93
13 48
15 76
22 30
91 91
26 46
54 65
46 52
33 84
62 69
54 73
3 47
16 46
39 62
35 55
26 74
17 25
27 28
3 27
34 86
86 97
14 86
68 88
62 74
15 17
23 66
53 77
56 99
86 100
68 70
61 94
29 78
27 89
1 5
46 49
42 77
25 93
34 79
19 77
47 98
23 96
48 95
53 99
35 90
22 91
75 76
44 61
47 62
70 85
34 77
88 96
27 31
51 66
43 56
17 84
9 55
6 78
29 65
12 30
41 84
38 70
63 71
67 81
25 87
47 55
20 33
59 86
27 67
14 50
42 77
7 96
14 78
34 83
9 86
57 89
39 83
13 73
57 60
22 32
36 37
44 77
9 51
15 41
18 96
22 78
25 80
24 53
1 95
48 97
57 64
82 90
57 60
20 70
100 100
29 61
33 40
17 45
79 99
7 85
6 65
72 86
31 84
31 76
34 85
12 69
4 55
42 53
9 75
20 89
68 84
23 57
80 93
6 47
46 97
31 56
36 70
23 26
60 99
37 43
82 86
4 67
47 50
39 99
57 60
16 49
47 57
5 95
32 57
22 70
63 72
85 89
12 69
12 73
26 78
83 90
91 98
67 92
64 72
25 49
66 82
38 82
81 94
10 44
49 69
22 35
6 84
74 86
60 89
31 56
25 88
28 81
58 61
19 27
22 34
44 77
44 91
66 75
27 81
18 48
48 61
59 68
90 91
15 99
36 67
52 64
4 75
14 89
34 91
18 65
41 77
22 47
82 89
45 72
6 12
32 35
51 53
26 49
8 50
6 40
69 78
39 40
73 96
48 82
4 19
2 55
54 73
23 85
17 34
46 60
14 42
34 51
79 84
2 9
80 100
3 2
1 1
1 2
1 2
100 14
10 14
4 6
12 14
1 9
4 13
11 11
3 10
5 6
7 8
5 8
7 13
10 13
7 10
2 8
3 12
7 9
1 10
8 10
9 10
13 13
4 9
4 10
7 7
1 11
4 7
4 12
3 6
8 13
7 9
11 12
5 5
10 12
4 9
5 8
5 14
6 12
6 12
3 9
6 13
2 7
1 7
2 13
1 4
6 10
4 13
6 8
6 10
7 11
2 10
2 4
6 8
10 12
10 13
9 11
8 11
8 11
6 7
2 3
4 8
6 9
2 13
7 13
9 10
1 4
4 6
4 10
2 7
3 14
7 12
9 9
14 14
1 2
2 6
2 9
4 4
8 14
1 3
2 4
3 5
12 14
4 12
8 9
1 14
4 8
2 14
8 8
3 4
9 11
10 11
3 12
6 14
5 6
8 14
10 14
7 14
3 14
2 8
1 12
2 3
2 10
100 100
17 41
8 37
22 83
40 46
63 79
2 21
62 77
16 87
72 87
2 21
6 43
62 77
21 26
45 95
4 5
12 34
3 37
89 92
34 52
43 51
68 77
57 83
57 83
57 99
4 5
57 99
5 98
14 56
63 79
83 88
61 70
34 52
14 19
7 80
22 56
58 90
54 86
22 83
89 92
24 28
39 99
10 36
12 34
14 56
19 32
53 77
61 70
5 22
33 81
2 78
8 37
39 99
5 7
21 26
43 95
43 51
21 30
58 90
24 28
2 5
5 98
10 36
45 95
53 77
83 88
7 80
14 19
6 43
10 47
18 89
17 41
35 36
7 33
43 95
59 70
3 37
72 87
5 22
19 32
46 83
18 89
67 99
2 5
7 33
46 83
16 87
79 80
5 7
2 78
54 86
59 70
21 30
33 81
35 36
67 99
10 47
79 80
68 77
22 56
40 46
4 2
1 2
2 2
1 2
1 1
10 26
1 10
1 3
6 23
6 26
14 15
6 21
10 21
4 11
3 13
18 24
37 13
9 12
2 9
1 7
7 12
1 7
7 11
9 12
1 11
2 9
8 12
10 13
11 12
8 12
2 7
3 5
2 13
1 13
1 1
9 9
11 12
1 3
6 8
1 6
11 11
1 4
1 2
3 10
1 9
3 10
2 6
7 12
5 11
11 13
11 13
8 10
4 4
5 8
100 100
23 28
55 71
84 87
58 79
40 71
2 51
40 77
58 68
66 80
20 53
1 24
80 90
40 71
7 39
23 72
68 96
28 34
10 85
1 24
1 81
68 96
76 85
46 74
20 53
7 21
34 60
18 49
80 90
60 90
77 89
48 83
75 94
7 39
16 45
61 99
66 80
38 59
48 83
32 80
57 91
84 90
57 87
4 12
13 38
46 74
15 89
77 89
29 100
57 91
38 59
2 51
60 90
15 89
84 90
56 94
34 60
56 94
76 85
57 87
79 93
58 89
48 68
58 68
64 74
84 87
64 74
79 100
32 80
39 60
40 77
17 48
79 100
17 48
23 28
50 98
58 89
28 34
5 61
8 43
58 79
4 12
79 93
29 100
50 98
39 60
38 64
23 72
1 81
48 68
8 43
13 38
18 49
5 61
38 64
7 21
75 94
16 45
10 85
55 71
61 99
100 20
3 4
17 19
12 20
18 19
4 10
5 10
6 20
3 20
3 12
5 5
9 12
5 13
7 13
5 8
12 15
4 20
14 17
1 10
4 5
13 19
2 8
6 14
11 15
10 15
1 14
13 16
8 14
7 12
16 17
1 16
14 17
4 12
6 11
5 19
9 14
2 20
8 14
1 15
1 10
6 20
11 20
4 14
9 10
1 20
5 20
1 14
2 19
5 8
10 13
7 15
1 19
18 20
6 12
6 19
6 6
1 2
12 14
2 9
1 17
5 15
11 11
5 10
4 7
3 18
12 20
3 14
11 20
2 16
11 17
1 4
18 18
10 14
2 7
2 6
2 3
6 14
11 14
15 15
9 16
16 17
4 12
4 10
3 4
3 5
9 13
1 4
3 9
15 16
11 19
9 14
7 13
2 14
4 19
11 19
7 19
14 15
15 20
4 20
15 16
7 12
100 100
4 59
13 72
64 70
58 62
20 34
13 19
55 81
21 37
14 27
16 59
25 73
57 58
1 79
55 70
69 96
83 99
9 11
6 56
40 71
4 11
53 77
11 32
13 21
73 85
14 99
56 89
55 94
32 52
19 41
8 58
18 75
8 93
15 91
48 49
73 84
8 41
66 90
32 44
73 91
4 86
61 67
67 95
58 89
69 80
31 83
29 37
8 11
36 41
3 36
16 70
2 77
22 74
19 38
26 63
16 48
39 76
12 13
4 97
45 55
1 97
1 50
11 77
12 53
43 54
27 97
54 65
6 97
4 64
35 69
8 11
36 89
11 70
60 95
1 48
21 33
19 37
21 22
2 20
35 74
35 73
74 92
24 43
53 85
62 86
71 74
26 79
15 43
74 76
6 97
28 86
22 61
66 77
39 100
47 59
37 64
1 86
62 83
58 86
29 72
54 78
64 8
1 7
2 2
2 8
5 7
2 6
2 4
3 4
2 3
7 8
2 7
1 5
2 5
2 3
6 8
2 5
5 6
3 6
1 3
7 8
1 8
3 6
4 7
3 5
1 3
1 4
6 7
1 5
1 6
3 8
6 8
1 2
1 6
4 7
3 7
8 8
2 4
1 2
4 4
6 7
1 8
3 3
4 5
5 8
4 8
3 5
6 6
5 6
3 7
4 6
7 7
5 8
4 5
2 6
1 1
5 7
1 4
5 5
4 6
3 4
1 7
3 8
2 7
2 8
4 8
100 100
26 61
11 16
59 88
25 75
60 69
21 48
5 9
22 87
38 68
21 57
15 64
4 54
17 26
43 50
28 64
22 24
39 66
22 24
72 89
12 33
21 76
18 72
56 57
6 67
54 73
4 92
63 69
23 36
47 65
26 61
43 50
72 99
72 73
35 53
72 99
4 92
18 72
5 9
73 88
50 65
47 65
17 26
93 99
16 96
59 88
38 68
22 87
11 72
21 41
4 61
40 83
28 64
40 83
6 67
8 78
11 16
21 48
59 64
59 64
39 66
73 88
1 15
21 57
15 64
16 96
35 53
36 60
30 42
50 65
54 73
30 42
12 33
15 76
35 59
4 54
48 63
1 15
15 76
25 41
56 57
60 69
63 69
93 99
36 60
21 76
11 72
25 75
8 78
25 41
35 59
6 32
17 93
23 36
17 93
72 89
48 63
72 73
6 32
21 41
4 61
27 44
24 39
35 39
26 28
1 41
12 32
6 39
43 44
12 31
5 15
6 7
20 22
24 27
20 24
10 24
20 38
1 4
34 43
9 24
21 38
2 41
23 24
1 32
2 7
3 11
30 39
7 12
18 38
27 10
5 5
9 9
2 7
3 4
5 10
2 2
8 10
6 8
2 3
4 7
8 9
7 9
4 9
2 3
3 5
3 10
6 7
1 6
3 4
5 8
1 6
1 8
4 7
5 8
6 10
2 9
5 10
12 96
54 96
10 74
25 59
36 54
4 32
44 87
69 79
15 66
54 89
42 79
55 91
34 39
36 6
2 3
2 5
2 3
2 2
3 5
2 6
5 6
1 1
1 3
3 4
3 5
4 6
3 6
5 5
2 5
3 4
1 4
4 5
6 6
1 6
1 6
1 4
4 6
1 5
2 6
3 3
4 4
2 4
1 2
1 5
3 6
1 2
4 5
2 4
5 6
1 3
100 15
5 13
5 8
10 15
5 13
10 13
2 8
5 7
10 12
7 12
4 14
9 11
7 11
2 5
3 13
4 9
2 8
3 5
12 15
1 3
1 14
5 15
9 13
5 9
9 14
12 14
11 12
3 11
2 11
10 11
11 13
1 10
4 6
2 2
2 15
5 11
5 10
9 12
7 9
2 10
2 4
4 14
5 9
10 15
6 12
8 13
2 3
2 15
4 6
7 11
4 15
7 8
10 12
1 5
11 14
4 5
4 12
8 12
6 9
9 12
8 11
2 7
6 6
9 14
8 14
1 7
2 4
6 9
6 8
3 7
3 11
5 11
2 3
2 13
6 8
1 13
10 14
3 3
3 10
2 9
4 5
1 5
7 14
5 15
1 4
4 15
2 13
2 10
5 14
8 9
8 11
7 8
13 15
7 13
7 13
3 6
11 13
3 15
2 5
5 12
10 11
100 100
33 100
33 41
74 78
38 57
3 14
28 78
7 17
10 80
31 44
52 53
4 53
40 79
60 67
72 100
39 86
45 77
55 82
85 94
9 23
5 51
74 96
53 82
29 46
21 44
40 45
1 26
14 98
44 72
32 93
3 19
27 29
75 98
82 87
14 75
34 58
52 64
70 87
15 77
81 87
75 93
8 17
17 42
7 82
16 64
28 41
10 21
13 60
5 58
15 32
51 94
48 91
25 96
9 69
18 94
12 29
4 9
22 38
51 79
74 97
32 36
61 74
37 50
66 78
5 56
33 61
8 44
73 89
63 95
35 71
5 43
18 39
42 75
19 51
45 71
83 86
58 64
24 56
90 100
40 58
1 76
65 95
9 99
15 21
13 35
3 36
37 53
56 77
10 92
41 75
37 57
26 60
44 59
86 94
41 65
12 49
20 41
30 34
35 39
43 87
26 61
100 18
12 16
3 6
13 14
1 18
1 16
10 12
7 9
11 15
2 13
3 18
7 9
1 11
7 10
6 17
4 10
11 14
3 9
5 16
1 8
13 16
8 15
4 5
3 11
2 6
12 18
6 17
16 17
1 17
6 10
5 9
4 17
3 9
10 18
8 8
4 18
3 10
1 4
2 17
10 14
5 12
6 10
13 18
2 18
3 12
13 14
7 17
15 16
3 7
2 13
3 11
4 8
9 12
9 17
13 18
9 11
7 17
2 16
12 17
10 15
3 6
5 11
14 16
1 12
6 12
9 14
4 7
1 2
5 12
4 5
5 9
4 4
3 15
3 18
7 8
9 12
4 7
1 15
7 10
8 10
1 1
14 18
8 17
10 14
2 17
8 14
12 13
3 13
4 9
12 16
7 8
11 15
2 8
8 18
4 12
6 18
2 9
2 16
6 12
12 13
10 17
100 100
53 89
93 96
32 66
5 37
85 92
93 97
53 86
10 96
16 34
55 81
23 40
8 74
32 55
9 95
65 93
8 23
15 46
2 36
12 45
22 53
13 68
27 33
2 23
84 96
2 68
8 82
18 89
30 44
31 43
72 97
51 92
53 99
41 76
82 85
20 79
82 90
26 61
22 86
54 77
26 98
7 45
40 83
3 26
41 67
66 67
12 86
30 88
8 44
51 99
17 29
80 97
66 91
41 99
38 53
31 38
34 73
59 80
80 86
29 32
29 94
27 49
57 61
9 87
1 72
89 94
20 93
53 96
54 82
23 49
77 88
25 61
24 53
3 31
46 65
21 59
33 98
33 62
2 39
76 78
38 90
13 90
48 91
11 35
1 10
3 36
69 93
53 61
53 70
43 61
6 18
46 81
33 86
31 48
8 13
47 95
33 88
63 84
33 36
16 73
35 45
100 100
51 65
1 63
43 87
75 79
48 91
89 91
23 82
60 77
64 70
21 27
46 76
34 51
26 48
65 88
38 80
22 53
66 93
10 61
56 70
6 21
42 50
70 94
34 82
79 87
30 71
42 80
58 88
38 84
66 87
5 94
20 35
24 98
11 70
50 78
2 24
12 70
20 22
37 99
18 39
37 70
53 78
3 38
45 52
13 69
15 32
60 94
2 30
2 58
19 44
70 96
56 81
70 76
24 93
23 43
54 82
35 52
37 87
4 97
18 32
25 81
26 66
28 84
33 71
55 85
24 93
70 100
31 39
6 87
33 56
2 6
33 53
76 86
40 58
46 92
31 56
28 55
44 72
77 85
25 84
61 70
26 28
4 50
78 92
62 67
33 86
84 91
10 33
90 93
4 58
42 76
59 96
26 70
51 90
33 50
8 50
33 41
9 97
61 78
42 52
45 87
100 100
31 88
59 86
36 80
31 56
25 76
44 76
22 51
72 94
51 72
16 16
34 74
18 87
6 57
47 86
22 57
52 74
20 38
30 63
5 41
46 59
12 20
9 43
4 39
14 61
45 51
19 94
10 70
10 17
44 82
28 32
37 54
39 48
39 73
1 10
61 80
80 94
7 36
3 95
52 80
2 82
88 95
14 26
58 99
15 97
19 49
4 36
1 65
12 92
60 71
10 77
21 52
16 51
13 18
65 93
82 94
37 77
41 59
2 36
7 72
58 89
6 93
88 94
8 16
19 38
33 48
60 76
30 96
11 11
40 67
1 77
63 77
36 93
38 78
28 89
18 76
26 31
23 42
49 93
79 90
46 85
24 42
10 25
60 96
20 59
5 67
66 94
48 64
59 64
38 79
38 92
39 89
70 96
85 96
19 40
23 86
54 79
6 86
45 78
13 20
5 60
100 16
1 8
12 14
3 7
3 3
1 3
1 2
5 9
11 11
8 12
2 7
8 16
9 13
12 14
7 10
12 16
14 14
2 10
9 12
2 9
3 13
2 8
5 8
5 12
5 11
2 12
2 10
11 14
8 16
10 16
6 13
15 16
10 10
12 12
7 15
6 11
6 11
3 14
3 6
6 9
6 7
5 16
6 9
2 3
6 14
6 8
9 15
14 15
5 9
4 16
2 16
10 14
2 9
9 15
14 16
8 14
7 14
7 11
4 4
2 11
3 4
5 16
4 5
4 14
7 14
4 9
3 5
4 16
10 13
3 6
2 14
8 15
4 8
5 8
8 15
8 12
3 4
1 6
2 7
13 13
4 11
15 15
7 13
6 14
3 14
1 2
7 13
4 10
2 14
4 14
2 16
3 9
5 11
4 7
9 13
4 13
11 15
3 13
8 10
3 5
2 3
100 100
64 75
62 84
59 82
89 93
82 96
66 72
82 92
68 69
75 86
50 97
66 72
71 72
51 95
80 91
53 78
58 96
62 84
70 92
80 86
55 69
84 91
85 88
66 95
75 88
52 92
58 74
78 96
64 99
57 85
96 100
85 87
77 98
53 76
54 64
50 55
55 56
62 77
56 65
81 91
69 70
60 64
60 64
50 76
82 88
77 82
74 94
59 81
78 85
51 65
59 90
51 57
84 88
67 96
52 89
69 95
59 88
80 85
72 100
50 51
90 96
64 87
60 97
77 82
68 69
58 96
89 97
74 81
84 87
65 67
64 94
89 91
63 84
86 99
56 80
70 80
57 81
74 95
63 68
53 61
54 66
55 78
59 93
78 82
60 66
53 55
68 74
78 91
87 89
55 89
68 72
59 79
57 80
55 93
86 90
61 78
75 91
85 92
81 90
78 91
85 87
100 100
14 17
33 67
56 71
32 41
59 70
39 97
62 82
35 98
59 75
10 94
62 82
11 30
33 100
18 83
18 49
1 78
46 49
9 89
28 70
56 95
1 76
59 75
35 86
44 91
15 99
18 61
27 29
32 41
12 18
5 31
1 78
14 17
38 85
38 85
23 92
5 31
34 37
46 49
25 79
86 98
10 94
18 49
18 74
33 100
2 94
86 98
28 79
12 18
18 83
57 76
57 78
35 98
2 77
28 79
59 70
51 65
57 76
56 95
14 71
1 76
11 30
47 78
27 29
28 70
31 92
23 92
15 23
77 92
34 41
24 37
18 74
15 23
18 61
10 56
51 65
24 82
25 79
39 97
47 78
34 41
2 77
35 86
69 76
15 99
2 94
24 37
1 79
69 76
77 92
9 89
1 79
24 82
56 71
44 91
31 92
34 37
10 56
14 71
33 67
57 78
79 29
7 15
3 24
3 14
4 25
6 21
5 11
16 18
3 5
8 29
1 6
9 12
7 8
2 17
5 21
18 20
8 21
22 25
5 24
19 21
18 27
4 6
11 14
21 25
19 27
2 27
13 18
22 28
8 17
17 22
2 20
7 20
1 7
3 20
5 16
23 29
9 27
23 27
15 24
1 14
11 24
22 22
17 22
11 27
14 21
14 20
20 28
15 17
6 24
16 27
9 27
15 16
14 23
5 29
10 26
2 16
23 27
1 29
15 28
3 15
8 19
12 22
9 25
22 26
14 20
7 26
7 22
12 24
1 3
4 11
5 13
5 22
11 22
3 9
19 28
9 17
17 20
6 23
2 10
24 27
47 64
30 38
6 59
23 63
10 25
6 36
27 37
8 45
16 32
37 51
2 3
1 36
43 60
47 57
5 12
28 45
15 42
30 45
23 31
15 45
30 32
17 52
8 49
14 16
30 56
12 53
28 62
20 56
2 55
11 15
14 36
2 34
4 36
58 61
51 53
26 31
9 13
41 50
2 49
18 54
12 38
29 44
36 62
49 57
26 63
58 58
36 63
45 63
28 56
2 32
31 35
8 19
22 23
21 28
14 31
5 9
17 30
47 53
5 40
10 15
5 28
7 17
52 56
38 43
33 44
2 3
2 46
35 50
18 37
8 19
5 27
36 51
21 49
1 48
10 41
12 32
16 42
32 57
11 57
13 20
9 27
21 43
8 48
15 24
19 21
1 15
21 39
32 41
30 30
6 18
23 39
11 26
29 37
34 53
14 45
27 54
20 26
13 44
39 56
23 37
23 40
27 52
18 23
17 32
31 39
5 18
31 56
15 19
10 29
9 15
16 4
1 2
3 4
2 4
1 3
1 3
1 4
4 4
3 4
1 2
3 3
2 3
2 4
2 2
2 3
1 4
1 1
100 100
63 90
10 84
56 94
8 62
90 92
38 96
86 95
11 75
53 56
82 90
3 11
40 86
37 82
53 78
10 27
40 76
5 67
33 49
63 89
32 62
1 23
32 32
21 34
64 91
73 77
29 30
19 46
5 18
12 67
29 71
58 99
23 85
10 14
8 93
32 44
13 46
7 57
21 30
23 76
17 58
8 87
72 82
58 96
21 44
36 96
49 95
54 69
22 83
54 61
15 76
93 94
11 66
55 69
13 38
38 50
25 60
27 58
19 53
26 71
17 31
5 21
10 95
35 64
23 48
23 64
5 53
48 59
56 64
31 93
15 78
15 86
64 72
30 75
4 33
34 85
68 84
29 46
6 27
91 96
67 98
6 26
15 56
29 95
5 33
46 48
18 30
33 41
6 99
26 80
23 71
29 90
20 86
64 81
47 56
18 59
60 70
55 71
6 83
5 12
6 89
100 100
31 36
58 83
38 55
24 97
8 18
40 51
74 80
38 63
45 92
25 45
9 74
11 54
39 70
52 65
46 47
18 57
28 30
22 97
24 97
45 92
20 51
53 71
21 71
31 88
74 80
30 52
9 58
18 57
11 48
38 99
23 34
60 68
47 86
28 30
14 32
40 51
25 45
62 69
5 75
23 34
26 84
9 74
14 32
30 31
78 82
70 96
53 71
97 99
39 70
18 84
58 83
31 36
62 69
47 86
9 58
1 98
20 51
38 99
21 71
13 98
46 55
11 48
70 96
30 52
22 97
78 82
26 90
60 68
28 53
38 55
45 96
38 63
1 98
1 41
13 98
97 99
26 90
25 58
4 6
58 80
39 67
5 75
46 47
58 80
30 31
6 61
1 41
28 53
52 65
26 84
25 58
4 6
45 96
6 61
8 18
18 84
31 88
46 55
39 67
11 54
2 2
1 2
1 2
100 100
59 81
26 63
54 91
32 34
34 79
75 86
34 58
26 38
33 96
72 91
19 48
89 100
4 79
27 88
14 16
44 65
38 100
80 88
40 55
37 64
60 90
46 99
80 84
32 70
20 86
51 60
1 15
8 41
12 31
34 54
9 58
14 81
36 89
8 89
6 83
99 100
39 90
26 73
21 75
54 66
14 46
57 97
52 89
55 61
61 89
23 42
2 31
11 68
8 27
11 87
65 95
35 47
6 26
22 34
5 12
83 97
47 70
65 100
63 77
16 51
44 47
37 84
68 86
5 83
72 87
10 89
61 74
31 38
25 56
1 80
83 85
3 75
1 44
3 29
15 76
76 76
19 45
53 85
43 49
86 97
27 69
16 44
6 31
45 55
10 14
45 58
4 27
12 78
44 58
59 82
75 81
66 78
4 57
62 99
43 88
62 81
1 31
16 21
11 92
9 18
100 100
56 80
5 76
8 36
10 58
21 54
5 97
66 74
61 100
46 99
37 44
16 32
44 92
17 56
86 91
13 93
85 99
47 71
36 89
87 96
16 23
67 87
9 62
66 82
3 53
6 55
54 91
57 84
90 99
37 53
82 95
4 78
35 88
27 29
62 89
22 77
24 94
12 63
75 89
26 81
19 92
35 50
69 78
39 76
24 56
26 73
68 68
12 94
2 30
8 27
33 98
51 78
7 66
16 35
93 100
59 98
42 90
17 72
49 56
34 98
54 83
38 54
22 78
16 43
20 55
28 31
40 91
11 72
7 78
15 58
64 85
3 73
71 87
44 82
28 28
1 22
22 91
33 78
20 61
73 85
15 55
30 59
43 89
47 57
37 97
6 70
19 60
47 83
18 24
24 32
10 25
45 69
48 61
24 58
65 93
26 93
24 52
16 79
41 88
25 49
14 68
27 38
2 34
9 22
11 19
7 19
20 32
7 38
7 20
24 33
7 22
27 37
11 17
6 17
26 36
26 34
19 20
3 36
7 10
16 22
16 36
11 25
16 16
23 32
17 32
21 35
22 27
3 36
2 30
97 96
56 69
50 68
9 64
47 60
62 78
11 14
4 43
30 85
15 94
50 64
56 94
11 89
13 86
15 56
1 26
14 30
30 69
67 73
48 81
5 47
5 38
49 56
11 43
15 69
34 56
67 77
4 66
70 75
62 64
28 55
23 36
4 51
32 51
8 57
29 69
20 22
62 96
46 61
43 95
13 31
49 71
2 48
3 92
24 59
24 67
26 36
27 33
43 89
3 75
74 89
21 73
41 73
35 96
8 14
12 16
44 84
51 55
56 80
11 57
41 58
11 31
15 53
20 81
50 95
5 84
1 35
30 94
60 79
38 92
40 44
8 95
16 86
3 38
25 48
88 90
10 78
19 37
17 91
23 30
41 60
53 71
63 90
55 90
15 28
25 70
40 42
8 67
44 50
60 62
68 83
82 91
31 76
11 93
4 79
11 23
18 89
9 95
100 100
2 88
2 72
1 67
1 1
1 63
1 19
1 27
1 47
2 76
2 100
1 81
1 55
1 23
1 97
2 28
2 38
2 54
1 95
1 21
1 71
1 65
1 15
2 62
2 94
2 50
1 87
1 83
2 44
1 59
1 39
1 69
1 31
2 12
2 22
2 56
1 13
1 17
1 3
1 75
2 14
2 96
2 52
2 4
1 91
1 51
2 8
1 9
2 92
2 10
2 16
1 79
1 73
1 89
1 41
1 99
2 86
2 46
2 80
2 78
2 64
2 66
1 57
2 42
2 74
2 58
1 77
1 11
2 30
2 26
2 60
1 29
1 93
1 35
1 49
2 98
1 61
2 32
1 5
1 43
2 18
1 25
2 68
2 84
2 48
2 24
1 53
2 82
1 45
1 7
2 20
2 36
1 33
2 40
2 6
1 85
1 37
2 34
2 70
2 90
2 2
16 100
35 67
33 70
32 70
34 69
34 68
35 69
33 68
32 69
34 70
35 68
34 67
32 67
35 70
33 67
33 69
32 68
100 100
1 86
18 68
17 65
49 91
23 63
18 89
2 77
61 75
41 81
33 45
29 31
28 66
18 89
15 77
57 98
58 87
38 53
29 31
49 56
18 77
43 91
16 98
2 77
39 98
57 98
15 54
18 68
13 94
55 92
23 84
62 71
70 93
50 69
2 95
70 75
62 71
28 66
31 39
16 62
2 95
42 59
18 92
66 87
66 90
70 75
55 92
16 29
42 59
33 45
15 77
43 91
26 42
39 98
13 51
18 77
4 85
19 42
61 75
23 63
38 53
39 58
14 21
43 47
58 87
1 86
23 84
17 65
70 93
23 36
49 91
43 90
49 56
12 76
41 81
4 85
39 58
40 54
43 47
13 84
13 51
13 94
16 98
13 84
18 92
26 42
50 69
60 85
66 87
31 39
16 62
15 54
60 85
40 54
66 90
43 90
23 36
12 76
14 21
19 42
16 29
79 45
18 36
5 15
3 43
3 20
13 27
31 43
33 38
24 38
29 33
32 38
18 21
21 44
7 18
1 30
28 43
31 38
30 33
28 30
23 32
29 32
1 2
18 40
3 25
1 10
13 23
20 45
2 15
34 34
26 35
20 26
21 31
25 37
5 24
22 24
1 16
6 18
13 44
5 31
14 35
14 16
4 12
12 23
10 13
26 42
10 12
4 26
39 45
2 19
14 27
28 34
28 43
30 38
7 22
21 21
22 35
33 38
10 19
20 21
10 40
3 13
10 19
38 40
38 43
25 36
42 43
7 9
19 39
40 41
30 41
18 39
24 31
5 15
16 41
2 24
9 14
28 36
13 31
4 4
12 34
100 100
50 94
58 81
62 83
53 96
53 90
78 84
61 81
58 91
73 99
60 77
53 93
51 99
69 74
55 82
96 97
51 89
59 72
91 93
61 75
68 87
75 81
50 65
70 80
54 63
57 65
66 95
54 55
86 99
71 74
76 97
70 70
50 79
53 54
55 87
50 52
50 76
52 80
53 58
62 89
51 78
70 81
64 87
50 59
85 93
72 89
64 84
83 97
66 81
75 93
86 90
51 71
64 91
80 100
77 80
82 99
50 99
54 75
50 62
56 97
61 78
51 99
64 83
65 69
72 93
66 74
50 69
55 71
62 63
58 83
68 85
59 90
94 99
57 75
89 97
64 69
69 77
93 99
53 75
69 73
56 60
66 85
74 94
63 96
73 84
66 75
56 59
59 91
75 83
75 100
58 70
66 72
59 61
53 55
84 88
56 59
70 76
51 78
59 91
77 99
81 99
49 41
4 31
11 38
7 27
9 26
11 13
6 27
9 28
12 38
6 37
2 17
25 41
5 19
2 3
14 33
14 19
21 23
22 40
7 28
20 23
20 39
1 27
15 16
16 36
3 6
19 31
34 36
2 28
26 33
15 22
13 28
2 6
8 17
11 21
4 8
1 35
2 14
23 26
12 16
13 41
16 31
10 20
15 22
19 19
4 39
19 32
25 27
6 21
18 28
25 36
81 61
45 51
15 16
21 53
8 56
22 49
19 39
9 37
36 52
40 55
7 43
13 25
17 61
21 58
21 28
44 59
1 13
5 39
11 55
30 40
12 15
15 27
27 29
26 56
8 20
11 13
7 57
22 52
26 31
6 10
22 55
52 56
19 57
4 20
9 26
36 38
19 47
57 60
2 45
40 54
31 53
13 48
42 49
17 41
12 38
26 31
40 54
15 18
1 18
10 47
17 54
8 16
12 43
19 28
41 49
6 38
28 35
44 46
38 54
1 3
17 59
3 35
54 55
36 46
16 57
6 17
22 59
27 43
43 47
8 56
12 54
2 43
18 42
8 10
53 57
16 33
5 54
26 30
9 12
17 37
9 18
35 41
100 13
1 9
7 13
1 13
1 10
1 6
7 13
11 12
8 11
3 13
2 13
5 7
3 3
4 13
1 11
4 11
9 13
5 12
2 7
4 6
5 6
1 1
2 5
8 13
1 11
4 9
2 5
3 5
10 12
6 7
5 9
7 9
4 7
2 7
8 9
4 13
5 11
3 6
1 8
9 12
2 13
3 7
7 10
6 7
13 13
9 10
9 13
4 11
5 13
10 10
1 6
12 13
5 7
2 10
4 12
5 10
3 11
2 12
7 10
2 6
3 13
6 11
4 6
5 13
3 8
6 13
6 11
1 9
11 12
5 11
2 11
2 11
11 13
6 12
1 2
2 12
6 8
5 5
3 12
4 12
1 4
3 9
4 5
9 12
7 12
6 6
3 9
8 12
6 8
8 9
6 13
3 4
10 12
3 5
4 7
4 10
11 11
1 8
4 5
6 9
1 2
4 100
29 74
29 73
28 73
28 74
3 81
5 60
61 67
38 59
26 13
5 9
3 12
6 8
8 11
5 8
5 10
7 13
1 2
7 8
6 12
4 8
1 5
2 3
6 13
4 10
7 12
1 3
12 12
2 3
5 11
10 10
5 5
2 13
5 8
6 10
4 6
75 44
33 43
1 41
20 27
19 30
10 31
40 42
12 36
14 37
26 30
29 35
2 22
5 38
36 41
8 29
20 29
18 30
5 10
10 41
3 23
5 18
21 32
5 22
14 30
10 22
31 39
19 24
2 43
36 40
5 15
34 36
24 33
40 42
4 27
28 40
23 38
17 38
2 27
10 34
15 41
5 14
4 10
34 40
27 34
9 35
5 12
6 34
24 33
4 9
27 32
1 21
36 39
23 25
14 24
2 23
2 43
27 29
25 30
20 44
3 24
7 41
20 37
8 24
11 34
18 28
8 12
14 22
12 27
19 37
5 13
23 33
17 36
16 32
30 37
5 43
36 43
36 100
16 66
13 65
17 62
12 64
12 65
14 66
13 66
17 66
17 64
13 63
16 65
16 64
15 62
15 64
13 64
12 61
14 61
17 65
13 62
17 61
12 62
15 61
14 65
15 63
16 62
17 63
14 64
12 66
13 61
12 63
14 62
15 65
16 61
15 66
16 63
14 63
100 100
17 17
38 38
71 71
34 34
10 10
43 43
63 63
36 36
87 87
83 83
80 80
84 84
91 91
75 75
62 62
27 27
58 58
42 42
44 44
78 78
79 79
70 70
51 51
8 8
92 92
85 85
23 23
64 64
7 7
31 31
98 98
94 94
95 95
21 21
39 39
93 93
72 72
6 6
29 29
48 48
67 67
86 86
37 37
81 81
97 97
40 40
18 18
56 56
32 32
55 55
88 88
68 68
90 90
69 69
19 19
66 66
60 60
99 99
15 15
54 54
25 25
49 49
16 16
2 2
96 96
26 26
50 50
89 89
13 13
47 47
12 12
46 46
5 5
65 65
33 33
22 22
11 11
9 9
61 61
24 24
57 57
59 59
73 73
3 3
77 77
35 35
14 14
100 100
52 52
20 20
82 82
28 28
30 30
74 74
4 4
41 41
53 53
76 76
1 1
45 45
100 12
5 6
2 10
5 7
2 7
8 8
6 10
1 12
4 7
9 9
3 10
2 9
2 11
4 5
5 10
3 5
6 9
7 12
3 3
5 8
2 5
3 8
8 12
1 10
10 11
2 4
3 4
12 12
7 10
5 9
1 11
1 9
2 9
2 8
2 4
6 10
5 11
3 10
5 12
4 10
5 7
1 6
3 9
8 10
2 3
11 12
4 6
5 11
6 7
9 10
5 12
3 4
9 12
1 7
8 11
1 4
5 8
6 11
1 5
7 12
9 10
2 10
3 6
2 11
1 9
4 7
1 2
5 6
1 7
1 1
7 11
3 8
6 8
6 7
2 7
7 7
2 2
4 9
1 4
1 8
3 6
10 10
11 12
11 11
1 12
1 3
6 6
4 11
7 10
5 10
8 11
6 12
10 12
2 3
10 11
9 11
6 11
8 9
6 9
4 11
2 5
100 100
53 68
32 46
85 87
5 66
62 81
35 77
5 93
48 84
41 66
16 53
22 54
22 49
5 75
58 71
37 48
28 46
10 94
56 64
52 58
50 60
40 69
6 100
14 68
10 45
38 87
6 57
29 89
17 42
18 94
70 97
52 82
11 82
54 74
83 83
14 69
24 95
28 51
12 67
58 75
1 43
48 94
41 42
7 16
47 75
43 64
52 96
70 81
25 33
63 81
23 46
30 98
16 84
53 61
18 87
43 80
3 90
43 66
9 32
4 62
66 98
12 92
3 47
3 81
40 69
12 67
38 98
59 90
12 21
53 87
6 31
35 100
63 90
5 50
10 16
24 57
35 50
22 82
9 55
52 53
74 97
9 23
45 94
59 100
19 74
27 30
3 58
38 48
15 63
48 99
40 93
17 21
11 92
3 46
26 61
84 89
55 89
23 59
19 100
11 83
37 94
100 100
34 88
42 97
30 41
78 95
2 7
5 80
20 57
26 92
21 87
1 42
13 62
12 22
38 90
23 54
54 61
3 94
43 48
44 61
2 73
51 68
38 89
26 37
45 48
33 68
86 92
69 78
62 64
65 84
1 89
6 86
20 68
16 54
35 63
12 30
41 95
13 71
45 71
5 67
67 85
38 98
18 46
6 8
67 96
30 32
31 38
5 10
44 82
81 85
12 74
8 79
71 81
16 52
10 36
34 61
1 97
52 98
79 90
36 74
20 49
21 25
26 38
10 45
58 100
38 92
8 14
5 7
6 23
8 16
15 72
15 71
40 53
35 43
30 35
28 78
59 99
84 89
60 61
76 90
15 32
47 91
80 80
15 75
16 54
13 91
6 34
99 100
34 44
14 79
3 65
30 65
4 15
27 40
1 13
54 68
31 33
80 92
45 67
9 99
28 100
20 56
64 100
52 86
50 87
51 93
53 92
52 88
55 91
55 93
51 86
55 87
52 92
51 90
50 89
51 89
50 86
50 88
56 91
57 92
50 91
51 91
54 90
56 93
55 88
54 92
56 88
57 86
54 86
56 89
53 89
54 93
50 93
52 90
56 90
53 87
53 86
54 87
53 93
51 87
56 92
55 86
57 93
57 89
57 90
54 88
53 88
54 89
51 88
57 91
53 91
55 89
56 87
54 91
50 90
51 92
57 88
55 90
52 93
57 87
52 91
52 87
50 92
55 92
56 86
53 90
52 89
100 100
48 50
8 72
27 74
1 16
16 89
25 51
1 9
52 77
54 87
36 65
6 39
44 45
60 90
28 77
78 92
47 97
33 77
75 79
5 15
60 96
88 91
50 57
80 99
62 74
68 71
12 68
2 9
23 84
17 75
96 99
14 62
20 85
56 100
67 96
22 55
29 98
10 38
78 89
82 91
7 37
4 38
56 97
31 72
2 90
68 92
86 95
70 78
37 88
4 34
40 44
13 55
12 65
40 41
55 90
16 81
9 62
17 55
2 37
18 95
53 71
28 91
26 70
25 55
92 95
31 91
19 93
6 94
49 81
28 87
7 44
34 96
11 55
32 60
9 98
54 85
16 59
24 29
73 89
20 42
29 40
8 42
10 87
20 85
10 82
1 41
20 64
33 80
2 84
63 90
39 44
37 68
9 87
24 84
53 89
25 27
33 75
49 86
87 89
71 100
46 58
100 100
10 20
16 58
7 33
13 86
36 93
15 34
29 77
34 80
36 49
17 47
87 90
70 96
19 93
52 82
13 90
56 57
8 99
60 74
3 50
60 73
37 39
17 30
21 80
45 84
30 95
59 92
13 95
12 70
49 92
57 72
6 21
27 78
2 65
59 74
28 46
31 46
7 45
54 60
13 86
23 97
29 45
17 42
10 11
18 47
47 59
8 29
19 24
41 84
4 4
67 91
26 70
57 80
39 85
18 20
66 100
56 59
61 80
11 62
46 80
16 29
9 26
58 80
17 85
63 76
48 79
30 95
35 54
27 83
5 18
30 70
1 83
10 23
3 57
63 97
15 95
21 27
43 94
27 41
17 76
77 77
67 70
5 86
30 55
23 52
9 43
15 73
29 50
56 100
52 94
12 74
41 62
29 66
44 90
6 100
42 85
20 56
15 57
83 85
79 84
88 89
30 6
3 5
2 4
1 6
2 3
3 4
1 3
4 5
2 5
1 4
1 2
2 4
3 5
2 3
2 6
4 6
1 5
1 5
5 6
3 6
4 6
1 6
4 5
5 6
3 6
1 3
1 4
3 4
2 5
1 2
2 6
100 100
37 59
45 94
63 74
83 92
52 99
58 77
6 96
57 68
34 51
57 91
29 63
1 28
14 81
14 59
20 87
27 66
24 96
27 33
40 84
40 66
5 22
11 69
16 94
65 69
93 94
30 33
37 82
5 92
32 78
8 96
20 93
31 90
64 100
21 93
52 78
10 13
38 66
14 52
22 72
19 92
82 92
14 69
39 96
38 97
3 62
70 85
14 41
64 77
49 62
34 40
6 7
38 85
42 57
9 76
38 68
73 80
42 63
45 76
45 87
6 85
51 63
37 80
53 63
16 70
12 94
31 94
42 68
24 94
13 55
46 72
86 88
66 96
47 89
30 86
76 95
3 30
26 59
71 76
12 93
33 35
84 98
49 74
25 42
22 75
4 9
17 64
3 48
13 97
32 82
20 64
89 93
36 51
58 64
20 87
6 51
18 42
21 38
19 66
19 54
7 38
94 74
16 37
61 70
2 73
14 36
1 38
60 65
1 13
18 73
9 46
14 29
18 24
20 34
13 17
39 45
14 72
63 66
22 48
16 46
48 59
10 66
8 31
41 55
42 72
19 38
4 46
27 35
39 74
35 38
21 28
10 19
63 64
37 38
18 73
50 71
12 18
32 50
3 45
1 18
11 16
16 55
5 36
15 53
22 62
29 58
3 13
60 74
53 60
18 29
3 66
23 73
39 70
57 69
20 31
15 49
19 32
47 60
12 27
28 57
8 30
22 30
36 40
27 62
34 53
4 30
52 62
13 16
9 47
18 39
33 51
30 35
67 68
17 33
11 20
16 44
3 29
3 58
53 58
23 38
58 63
18 46
4 4
25 54
23 74
26 70
33 64
26 56
37 43
2 5
5 11
6 61
47 62
46 60
20 58
9 33
100 100
71 75
54 56
3 58
14 93
14 81
26 41
6 7
49 92
32 81
33 92
13 29
66 95
14 72
33 72
53 76
31 62
1 80
65 91
4 76
62 76
72 78
32 92
61 87
42 43
4 81
22 53
53 86
33 99
9 81
2 35
88 89
21 25
27 67
38 49
51 96
62 71
11 31
13 70
48 97
56 94
10 94
1 13
77 86
13 37
40 43
35 38
22 69
66 80
79 99
9 37
51 86
1 73
16 92
56 75
15 52
5 67
19 41
45 94
42 80
7 76
3 43
53 62
51 85
40 48
25 63
10 55
32 37
39 59
15 78
29 77
27 56
22 97
27 91
65 80
13 98
52 55
60 62
16 69
55 86
6 89
46 99
20 67
63 80
64 78
30 52
46 50
4 12
4 93
29 58
27 28
3 58
79 81
66 80
48 83
11 29
74 97
41 56
86 97
6 91
51 98
100 19
4 11
2 11
13 15
5 11
5 5
5 19
6 15
7 10
11 14
3 9
2 6
9 12
16 18
10 12
5 12
4 16
15 17
7 16
1 11
12 13
8 14
13 19
3 6
11 19
4 12
12 16
2 15
14 19
2 18
5 11
9 19
1 12
1 12
8 19
2 10
11 13
1 17
4 14
2 17
6 19
4 8
6 13
4 9
6 11
3 3
3 11
4 11
5 7
7 19
4 7
1 6
2 19
4 9
3 14
6 15
4 7
4 15
14 17
1 6
4 8
16 19
1 8
4 18
2 18
8 18
12 15
16 16
5 15
8 12
14 14
13 16
8 8
3 11
5 10
16 19
7 17
1 19
9 19
7 11
6 17
9 13
7 11
1 4
9 18
2 15
3 7
3 16
9 9
16 18
1 3
11 15
15 17
6 8
4 19
4 5
2 6
8 18
5 17
15 15
10 18
100 10
5 7
3 8
7 10
3 9
6 7
5 7
5 8
2 10
5 10
2 5
1 3
1 9
2 9
5 10
3 10
2 5
4 10
1 6
5 9
4 10
3 6
3 7
8 10
5 9
4 5
3 3
5 8
6 7
7 7
1 2
2 7
7 10
1 7
4 4
4 5
3 8
3 4
3 5
3 7
10 10
1 10
1 4
7 8
1 1
1 9
3 9
7 9
2 4
1 2
4 8
3 10
9 9
4 7
1 10
7 9
4 8
5 6
6 6
3 6
4 9
2 9
2 6
3 4
5 5
6 9
1 7
2 8
1 4
8 9
6 8
6 10
4 9
2 3
7 8
6 9
9 10
2 8
1 6
2 4
4 6
1 3
9 10
8 8
1 5
8 10
1 5
2 3
8 9
2 2
6 10
1 8
3 5
2 10
1 8
6 8
5 6
4 6
2 6
4 7
2 7
3 3
3 3
2 2
2 3
12 4
2 4
1 2
1 2
1 3
2 4
3 4
1 4
1 4
3 4
1 3
2 3
2 3
52 57
33 43
11 31
6 57
12 15
20 38
3 10
41 47
48 55
11 34
45 56
9 41
1 39
2 20
18 54
20 22
5 48
10 57
29 31
37 43
3 14
8 31
15 16
6 22
9 28
21 37
31 39
27 41
33 34
43 50
18 20
13 53
17 50
23 31
2 21
46 54
29 38
9 22
16 46
1 24
24 33
18 20
41 51
3 48
31 57
28 55
23 46
14 34
8 32
23 44
56 57
30 33
21 35
56 8
1 4
4 6
5 8
2 3
3 4
3 8
6 7
1 3
1 2
4 8
4 6
6 8
4 7
1 8
2 4
3 5
2 6
5 6
1 7
2 4
2 5
2 6
3 6
1 2
2 5
1 7
6 8
1 6
2 8
1 6
1 5
5 7
3 7
2 7
5 6
3 5
3 8
3 7
2 3
1 3
5 7
4 5
6 7
7 8
4 5
5 8
2 7
3 4
2 8
4 7
1 5
1 4
4 8
1 8
3 6
7 8
2 100
1 2
1 1
22 42
12 32
11 36
9 38
1 20
6 14
5 32
19 26
1 26
6 37
19 31
20 30
23 40
26 29
9 30
21 35
7 29
32 34
5 22
10 11
10 14
20 25
16 22
65 53
10 36
13 16
28 52
35 49
37 52
7 30
45 53
6 19
7 34
9 35
9 24
10 53
7 51
26 31
8 43
27 46
28 38
6 31
27 32
6 39
4 34
4 43
2 47
45 52
3 43
2 20
9 53
16 16
5 48
2 25
32 50
2 39
34 36
1 5
27 44
21 48
39 47
9 11
30 42
17 47
3 46
39 42
6 51
36 48
45 47
22 42
19 42
21 48
24 50
14 39
9 34
6 14
23 24
32 38
1 40
32 34
14 30
15 34
7 37
6 39
8 46
16 34
14 44
22 38
13 36
