100
2
0.2500 0.5000 0.5000 0.2500
3
0.0000 0.0000 0.0000 0.0009 0.0013 0.1776
1
1.0000 0.1234
10
0.2098 0.1177 0.4026 0.1359 0.0557 0.4583 0.2269 0.4458 0.0514 0.2628 0.2378 0.4809 0.3155 0.4407 0.4242 0.4653 0.4469 0.1998 0.3165 0.0280
40
0.2476 0.2486 0.2468 0.2504 0.2517 0.2533 0.2489 0.2516 0.2492 0.2494 0.2491 0.2477 0.2535 0.2521 0.2511 0.2520 0.2496 0.2460 0.2523 0.2508 0.2495 0.2470 0.2532 0.2524 1.0000 0.2519 0.2534 0.2509 0.2480 0.2488 0.2526 0.2475 0.2528 0.2530 0.2506 0.2473 0.2529 0.2538 0.2531 0.2527 0.2525 0.2472 0.2493 0.2515 0.2466 0.2513 0.2490 0.2482 0.2501 0.2464 0.2485 0.2518 0.2469 0.2500 0.2471 0.2478 0.2514 0.2465 0.2503 0.2461 0.2537 0.2463 0.2510 0.2499 0.2498 0.2479 0.2507 0.2467 0.2484 0.2512 0.2483 0.2462 0.2474 0.2487 0.2502 0.2536 0.2497 0.2505 0.2481 0.2522
1
0.0000 1.0000
2
0.9999 0.9999 1.0000 1.0000
40
0.1233 0.1235 0.1236 0.1239 0.1237 0.1233 0.1233 0.1235 0.1239 0.1234 0.1234 0.1238 0.1232 0.1235 0.1236 0.1233 0.1235 0.1233 0.1235 0.1237 0.1231 0.1232 0.1231 0.1232 0.1235 0.1231 0.1239 0.1238 0.1234 0.1230 0.1232 0.1230 0.1231 0.1234 0.1236 0.1231 0.1232 0.1238 0.1239 0.1237 0.1234 0.1239 0.1234 0.1233 0.1235 0.1237 0.1232 0.1231 0.1232 0.1234 0.1237 0.1238 0.1234 0.1233 0.1232 0.1237 0.1237 0.1232 0.1233 0.1237 0.1235 0.1237 0.1231 0.1232 0.1231 0.1230 0.1234 0.1235 0.1231 0.1236 0.1237 0.1239 0.1237 0.1237 0.1232 0.1235 0.1234 0.1234 0.1234 0.1235
7
0.0215 0.3836 0.3872 0.3294 0.2705 0.1009 0.3164 0.2773 0.3331 0.0022 0.3416 0.0760 0.4132 0.4200
25
0.3134 0.1261 0.1345 0.3034 0.1276 0.1670 0.4657 0.4664 0.4513 0.1830 0.1942 0.1726 0.3333 0.0515 0.2891 0.4276 0.2087 0.3037 0.0315 0.2501 0.1063 0.2248 0.4561 0.4308 0.2076 0.2332 0.0987 0.1252 0.4042 0.2181 0.1863 0.4636 0.2093 0.2316 0.4571 0.2249 0.4845 0.4420 0.3889 0.4788 0.0948 0.0010 0.4485 0.2153 0.2326 0.1687 0.2906 0.3479 0.4351 0.3134
25
0.4920 0.2925 0.0351 0.4580 0.0514 0.3982 0.2279 0.0676 0.2888 0.0359 0.2752 0.3475 0.1751 0.1026 0.0040 0.4898 0.4525 0.3378 0.3243 0.2716 0.3102 0.2308 0.0192 0.0073 0.1264 0.4504 0.0506 0.3950 0.0126 0.2839 0.4772 0.2531 0.0101 0.3259 0.2661 0.2694 0.3077 0.3248 0.3498 0.1560 0.3529 0.1579 0.2101 0.0665 0.3570 0.3562 0.0675 0.0309 0.0301 0.1721
40
0.3121 0.1778 0.2111 0.1858 0.1449 0.3092 0.2588 0.0075 0.0318 0.1800 0.0621 0.3365 0.0469 0.1859 0.3154 0.1991 0.2723 0.3674 0.2039 0.1728 0.3365 0.0935 0.1270 0.0946 0.1136 0.0144 0.0080 0.3707 0.0979 0.3558 0.1507 0.2009 0.3559 0.2768 0.3682 0.2859 0.2497 0.3080 0.2789 0.3327 0.1438 0.1558 0.3821 0.1026 0.2411 0.0158 0.1471 0.2110 0.1810 0.3063 0.0399 0.3972 0.3365 0.2493 0.1407 0.1222 0.2493 0.0109 0.0114 0.2912 0.3053 0.2477 0.0188 0.0794 0.1911 0.3706 0.0507 0.1440 0.2783 0.1972 0.3145 0.3931 0.3782 0.3195 0.0473 0.2883 0.1348 0.1042 0.3332 0.2483
19
0.4597 0.0441 0.0497 0.4303 0.4032 0.0589 0.3110 0.4878 0.1837 0.1628 0.2055 0.4233 0.0621 0.0494 0.3117 0.3154 0.4787 0.4285 0.4150 0.2419 0.3686 0.0533 0.2325 0.1013 0.2703 0.0100 0.4124 0.1886 0.0947 0.1371 0.2935 0.3416 0.2467 0.2702 0.4559 0.0200 0.0243 0.2327
40
0.1369 0.1049 0.2808 0.2178 0.3945 0.2629 0.1680 0.3267 0.3575 0.0626 0.3903 0.2022 0.2966 0.2626 0.1947 0.2273 0.1036 0.0863 0.1863 0.2946 0.0656 0.2614 0.3338 0.2010 0.3926 0.1615 0.2830 0.1383 0.3289 0.2358 0.1313 0.3350 0.3949 0.1655 0.0824 0.0318 0.3804 0.0313 0.0822 0.0046 0.2271 0.2360 0.1547 0.2286 0.0057 0.3475 0.2087 0.1340 0.2338 0.3653 0.1636 0.1271 0.0570 0.3009 0.2140 0.2961 0.1570 0.2070 0.1994 0.3640 0.2055 0.0464 0.2830 0.3388 0.1480 0.1859 0.2241 0.0862 0.3273 0.2034 0.1046 0.2105 0.0819 0.0426 0.1960 0.2352 0.1168 0.2372 0.2879 0.0588
30
0.4987 0.5012 0.4997 0.5008 0.4992 0.5014 0.4993 0.4985 0.4999 0.4995 0.4997 0.5008 0.5009 0.5006 0.4988 0.4989 0.5004 0.5001 0.4994 0.5000 0.5013 0.4992 0.5004 0.4996 0.4989 0.5013 0.4994 0.5010 0.4991 0.5003 0.5005 0.5010 0.5002 0.4985 0.4990 0.4998 0.5001 0.5011 0.4993 0.5000 0.4995 0.5002 0.5005 0.4999 0.4987 0.4988 0.4996 0.4998 0.5009 0.5012 0.5014 0.5011 0.4990 0.5006 0.4991 0.5007 0.4986 0.5007 0.5003 0.4986
33
0.2035 0.4774 0.3244 0.2165 0.3872 0.3551 0.4611 0.4251 0.0679 0.3013 0.3913 0.0160 0.3193 0.3971 0.3040 0.1562 0.2583 0.3210 0.0423 0.4419 0.2149 0.3109 0.3553 0.4388 0.3812 0.2372 0.2052 0.1321 0.3104 0.3220 0.4024 0.4332 0.4825 0.4045 0.0852 0.0685 0.2359 0.3395 0.3217 0.0146 0.2652 0.1212 0.2884 0.2837 0.2591 0.0402 0.2208 0.4234 0.1560 0.3781 0.0874 0.1656 0.2047 0.3507 0.3847 0.2984 0.2237 0.2512 0.1839 0.3206 0.4137 0.3413 0.2729 0.3880 0.0199 0.3635
34
0.3188 0.0791 0.2267 0.2439 0.1920 0.2663 0.4118 0.3284 0.1195 0.2530 0.4558 0.1235 0.0301 0.4379 0.1681 0.3726 0.0240 0.4183 0.1267 0.1759 0.1925 0.0456 0.2492 0.0244 0.1668 0.1692 0.4936 0.2077 0.4493 0.4735 0.0440 0.2224 0.0919 0.0077 0.2074 0.4083 0.0523 0.0423 0.3985 0.3502 0.0178 0.0634 0.4790 0.2718 0.0800 0.0109 0.3678 0.2962 0.2302 0.1573 0.4031 0.0906 0.4193 0.2581 0.1463 0.1411 0.4931 0.4165 0.3576 0.2295 0.3147 0.1279 0.4176 0.1726 0.3506 0.2720 0.3854 0.2530
36
0.3685 0.0348 0.3621 0.4453 0.0139 0.0437 0.2789 0.2739 0.2349 0.1953 0.0878 0.4724 0.2806 0.0653 0.4194 0.2855 0.3109 0.4437 0.4885 0.0447 0.2114 0.0121 0.2218 0.3780 0.0404 0.3277 0.3536 0.2748 0.0521 0.2049 0.3221 0.4649 0.4497 0.4104 0.2764 0.4703 0.0903 0.2640 0.3112 0.4224 0.3933 0.0244 0.2875 0.1020 0.3693 0.4438 0.2787 0.4467 0.2029 0.0389 0.0678 0.3321 0.0380 0.0319 0.1787 0.0700 0.2022 0.4230 0.2592 0.1472 0.3037 0.4570 0.2750 0.2393 0.1125 0.4736 0.2770 0.3574 0.3248 0.0365 0.3498 0.4024
30
0.4257 0.5446 0.2574 0.2970 0.3861 0.3168 0.5347 0.2079 0.0693 0.5941 0.0990 0.3267 0.2673 0.3960 0.1386 0.3564 0.0099 0.0396 0.4158 0.1881 0.0594 0.3465 0.3069 0.5050 0.3663 0.1287 0.2376 0.1782 0.5149 0.4653 0.2772 0.1188 0.2178 0.4356 0.0891 0.1584 0.3366 0.4950 0.5842 0.0495 0.4752 0.3762 0.2475 0.4851 0.1683 0.1485 0.4455 0.2871 0.0198 0.5545 0.5248 0.4554 0.2277 0.1980 0.5644 0.5743 0.4059 0.0792 0.0297 0.1089
23
0.2332 0.3309 0.4668 0.2368 0.0272 0.2990 0.0316 0.1244 0.3879 0.2819 0.4751 0.4346 0.2068 0.3936 0.2276 0.4355 0.1433 0.2199 0.1446 0.2831 0.4741 0.0098 0.4339 0.1911 0.2080 0.4162 0.0931 0.3042 0.4633 0.1795 0.4884 0.2017 0.2435 0.3499 0.2825 0.1923 0.2855 0.3149 0.2502 0.1797 0.1570 0.1797 0.2156 0.3218 0.1123 0.2966
40
0.0010 0.0010 0.0010 0.0010 0.0010 0.0010 0.0010 0.0010 0.0010 0.0010 0.0010 0.0010 0.0010 0.0010 0.0010 0.0010 0.0010 0.0010 0.0010 0.0010 0.0010 0.0010 0.0010 0.0010 0.0010 0.0010 0.0010 0.0010 0.0010 0.0010 0.0010 0.0010 0.0010 0.0010 0.0010 0.0010 0.0010 0.0010 0.0010 0.0010 0.0010 0.0010 0.0010 0.0010 0.0010 0.0010 0.0010 0.0010 0.0010 0.0010 0.0010 0.0010 0.0010 0.0010 0.0010 0.0010 0.0010 0.0010 0.0010 0.0010 0.0010 0.0010 0.0010 0.0010 0.0010 0.0010 0.0010 0.0010 0.0010 0.0010 0.0010 0.0010 0.0010 0.0010 0.0010 0.0010 0.0010 0.0010 0.0010 0.0010
38
0.0149 0.3626 0.1911 0.1127 0.0305 0.3111 0.4833 0.0765 0.0093 0.4590 0.1269 0.4270 0.1853 0.4152 0.4556 0.0237 0.4985 0.2215 0.0825 0.4496 0.1973 0.4078 0.4550 0.4925 0.2312 0.3305 0.0201 0.3951 0.4367 0.1024 0.3866 0.1963 0.4651 0.2131 0.0602 0.1140 0.1486 0.0099 0.2622 0.3671 0.2011 0.4351 0.3173 0.2873 0.1181 0.3014 0.3275 0.2541 0.1290 0.2883 0.0874 0.2175 0.3010 0.3520 0.4096 0.3786 0.0068 0.3695 0.2337 0.3074 0.1354 0.0664 0.3235 0.2274 0.4381 0.2207 0.0478 0.4149 0.2990 0.0087 0.1280 0.4056 0.1767 0.2186 0.2193 0.1421
40
0.1236 0.1230 0.1233 0.1239 0.1237 0.1236 0.1236 0.1237 0.1230 0.1234 0.1238 0.1233 0.1237 0.1232 0.1237 0.1232 0.1232 0.1237 0.1232 0.1237 0.1234 0.1234 0.1237 0.1235 0.1237 0.1237 0.1231 0.1236 0.1236 0.1239 0.1237 0.1234 0.1236 0.1230 0.1235 0.1234 0.1239 0.1232 0.1230 0.1236 0.1239 0.1232 0.1233 0.1233 0.1235 0.1230 0.1239 0.1233 0.1236 0.1238 0.1233 0.1237 0.1236 0.1230 0.1235 0.1236 0.1239 0.1236 0.1239 0.1233 0.1231 0.1234 0.1235 0.1232 0.1237 0.1236 0.1239 0.1239 0.1234 0.1235 0.1233 0.1234 0.1232 0.1238 0.1238 0.1237 0.1238 0.1238 0.1236 0.1235
14
0.2009 0.3555 0.3982 0.0393 0.3187 0.0695 0.4538 0.1748 0.3752 0.4098 0.0841 0.3680 0.2394 0.1481 0.0278 0.2926 0.2045 0.2849 0.1042 0.2803 0.3823 0.3060 0.0923 0.4355 0.1432 0.2166 0.4449 0.4822
18
0.3953 0.2840 0.0136 0.4585 0.4033 0.3254 0.2278 0.2738 0.3166 0.1726 0.1900 0.3293 0.2137 0.2597 0.3790 0.1295 0.2489 0.0303 0.0122 0.3963 0.0175 0.0276 0.1265 0.3242 0.2867 0.2180 0.3447 0.0943 0.1337 0.0818 0.4226 0.4445 0.1330 0.0133 0.1955 0.1942
2
0.4999 0.5000 0.4999 0.5000
23
0.4145 0.1767 0.2474 0.0125 0.4182 0.2661 0.3841 0.2474 0.1609 0.3746 0.2022 0.2450 0.1998 0.3715 0.2486 0.1451 0.4845 0.3346 0.2213 0.3492 0.1482 0.2483 0.3405 0.3297 0.4196 0.3409 0.4122 0.2884 0.4117 0.2063 0.0427 0.3018 0.0255 0.0533 0.4923 0.1016 0.4862 0.1422 0.1318 0.4522 0.2661 0.1157 0.1281 0.0412 0.0787 0.4770
40
0.0275 0.0770 0.3407 0.2549 0.1948 0.3170 0.0616 0.3275 0.3980 0.1390 0.1990 0.2131 0.2430 0.3542 0.1354 0.3094 0.2089 0.1988 0.1522 0.1517 0.3799 0.1794 0.2451 0.0322 0.3371 0.0198 0.2174 0.0712 0.3439 0.3796 0.1063 0.3338 0.1196 0.2135 0.0152 0.0848 0.1952 0.1694 0.2691 0.1915 0.0038 0.2160 0.1178 0.0573 0.0381 0.0700 0.3955 0.2738 0.2877 0.0752 0.3925 0.2298 0.1977 0.0121 0.1218 0.2229 0.2621 0.0329 0.2886 0.0744 0.2222 0.0662 0.2675 0.1413 0.2196 0.2996 0.2278 0.1152 0.0529 0.3293 0.3690 0.1800 0.0989 0.3541 0.1310 0.3888 0.1517 0.0444 0.1084 0.0305
5
0.3359 0.2071 0.1457 0.2399 0.1434 0.3713 0.1190 0.2067 0.2499 0.0592
37
0.3497 0.0590 0.4514 0.4604 0.4705 0.3134 0.2111 0.0157 0.2826 0.0206 0.2346 0.3586 0.0204 0.2116 0.3939 0.0790 0.2612 0.3582 0.2058 0.4544 0.4607 0.2265 0.3178 0.4796 0.2275 0.2739 0.2793 0.2484 0.1949 0.1673 0.4763 0.4521 0.0163 0.2147 0.2229 0.1330 0.1511 0.2898 0.4379 0.0738 0.0094 0.1548 0.0435 0.4291 0.2757 0.3246 0.2413 0.3612 0.3404 0.3733 0.1580 0.3589 0.3113 0.2092 0.4671 0.4696 0.0456 0.3920 0.1888 0.4888 0.0360 0.4633 0.4114 0.4596 0.2142 0.4572 0.1275 0.1717 0.2115 0.3288 0.0471 0.0762 0.0577 0.4189
39
0.0270 0.2919 0.1818 0.2910 0.2905 0.3178 0.4901 0.4914 0.4594 0.0101 0.0121 0.0246 0.3691 0.4098 0.1078 0.4683 0.3442 0.2990 0.0195 0.3430 0.1100 0.1551 0.3698 0.2201 0.2468 0.3830 0.4752 0.0758 0.4728 0.3429 0.0313 0.0430 0.0053 0.2968 0.0656 0.1602 0.3493 0.1172 0.4800 0.4266 0.1331 0.1225 0.4430 0.0482 0.2995 0.0096 0.1257 0.2033 0.3230 0.2929 0.0014 0.0727 0.2010 0.2113 0.1583 0.1969 0.4705 0.3605 0.3651 0.4931 0.0203 0.3691 0.1384 0.1533 0.0455 0.3182 0.0083 0.3780 0.2577 0.3970 0.3334 0.1679 0.0089 0.1801 0.2158 0.1733 0.2521 0.2451
25
0.4106 0.2423 0.2525 0.2149 0.4632 0.1807 0.3981 0.0192 0.4847 0.1706 0.2605 0.0806 0.0648 0.1469 0.0501 0.4930 0.2342 0.1640 0.0240 0.4043 0.4653 0.1889 0.1555 0.4132 0.2837 0.2001 0.0559 0.2169 0.1679 0.3785 0.2010 0.4656 0.0316 0.1736 0.0422 0.3796 0.3061 0.2829 0.3680 0.1812 0.2338 0.3110 0.4764 0.0193 0.0703 0.3211 0.2658 0.0231 0.1535 0.3843
36
0.2496 0.3903 0.2139 0.2290 0.3246 0.4977 0.4898 0.2246 0.0278 0.4018 0.3817 0.3316 0.4285 0.1743 0.3860 0.2436 0.3229 0.3417 0.3472 0.1313 0.3147 0.3696 0.1568 0.2245 0.3434 0.0164 0.0252 0.4593 0.2053 0.4536 0.3683 0.1697 0.0217 0.0012 0.3151 0.0610 0.1510 0.0792 0.0140 0.4584 0.4298 0.0254 0.4714 0.1711 0.2694 0.0563 0.2114 0.3449 0.3028 0.3523 0.4286 0.2597 0.4517 0.0759 0.2314 0.1382 0.3952 0.4105 0.3549 0.0654 0.0779 0.2026 0.1378 0.0472 0.3815 0.2770 0.0345 0.0807 0.1877 0.1907 0.4620 0.1080
18
0.1469 0.0909 0.1146 0.1542 0.0051 0.4524 0.4853 0.4554 0.2545 0.1026 0.0967 0.2540 0.4604 0.4966 0.3899 0.1413 0.2715 0.1592 0.0401 0.4125 0.1825 0.2282 0.2967 0.4915 0.2890 0.1043 0.1297 0.4494 0.2564 0.3310 0.0714 0.2006 0.1435 0.3503 0.2293 0.1801
40
0.0526 0.3764 0.1929 0.2379 0.3727 0.0063 0.3753 0.3727 0.0866 0.2173 0.0189 0.3837 0.2759 0.2926 0.0739 0.3249 0.0734 0.0812 0.1929 0.1769 0.3144 0.3433 0.2706 0.0133 0.1665 0.3373 0.1907 0.2828 0.3355 0.2058 0.1729 0.3100 0.0446 0.2529 0.0751 0.1444 0.1433 0.1966 0.2539 0.2217 0.2072 0.0240 0.2836 0.2087 0.1886 0.2309 0.3414 0.2075 0.0137 0.3394 0.3532 0.3293 0.1365 0.3875 0.3050 0.0888 0.2375 0.3164 0.1640 0.1664 0.1026 0.2519 0.2560 0.1218 0.1267 0.0053 0.0296 0.0841 0.3044 0.1269 0.3493 0.0788 0.3270 0.2540 0.2086 0.2826 0.0154 0.1348 0.0289 0.0833
2
0.1112 0.3518 0.0833 0.2948
13
0.3153 0.4552 0.2199 0.1287 0.4593 0.4593 0.0161 0.2948 0.0498 0.2106 0.2817 0.2191 0.0776 0.3456 0.2248 0.3917 0.0957 0.3339 0.0607 0.4536 0.3562 0.1943 0.3111 0.1009 0.0745 0.2080
40
0.0941 0.2280 0.0866 0.1628 0.1360 0.2657 0.2563 0.0294 0.2997 0.1271 0.2339 0.2664 0.3490 0.1962 0.3177 0.0303 0.2215 0.2092 0.1800 0.0756 0.2651 0.2458 0.1357 0.0068 0.1241 0.3003 0.2050 0.1553 0.0748 0.1812 0.3906 0.3990 0.2473 0.0045 0.2934 0.2998 0.3093 0.0710 0.1959 0.2751 0.0099 0.1464 0.2026 0.0211 0.3567 0.3476 0.1055 0.2955 0.1624 0.1877 0.1288 0.0559 0.3084 0.0081 0.2838 0.3267 0.3430 0.1734 0.2934 0.0277 0.0540 0.0936 0.3430 0.0738 0.2061 0.0017 0.1016 0.2424 0.3192 0.3747 0.0092 0.1927 0.0156 0.0722 0.1027 0.1426 0.3471 0.3503 0.0475 0.3962
2
0.9998 0.9999 1.0000 0.9997
40
0.0093 0.2743 0.1057 0.1424 0.3197 0.2940 0.2486 0.3030 0.3894 0.1385 0.0852 0.0847 0.0310 0.2624 0.2700 0.1598 0.1949 0.3934 0.2768 0.0320 0.3882 0.0446 0.3027 0.1150 0.2166 0.3669 0.2291 0.2736 0.3225 0.2877 0.0571 0.1503 0.2913 0.0038 0.3183 0.0537 0.1807 0.1477 0.3020 0.2894 0.3455 0.2090 0.0488 0.2520 0.0650 0.3068 0.2079 0.1610 0.0726 0.3687 0.2541 0.2915 0.0182 0.0813 0.3709 0.1787 0.3171 0.0849 0.2056 0.3958 0.0410 0.0928 0.2393 0.1017 0.1836 0.1457 0.1001 0.1765 0.0980 0.0910 0.1789 0.3180 0.3312 0.2258 0.0506 0.3896 0.3428 0.2166 0.1601 0.2015
40
0.2581 0.0477 0.3319 0.0632 0.2544 0.3638 0.1726 0.3147 0.0836 0.2591 0.3112 0.0623 0.3288 0.2653 0.2173 0.1654 0.3923 0.2394 0.3976 0.1755 0.0969 0.0339 0.0977 0.2640 0.3316 0.2772 0.3623 0.1058 0.2894 0.3690 0.3349 0.0491 0.1812 0.3173 0.3866 0.0330 0.0097 0.1776 0.2179 0.1363 0.2246 0.0245 0.1591 0.0404 0.3181 0.3972 0.1694 0.1280 0.3776 0.1010 0.1067 0.0822 0.2798 0.3245 0.2587 0.3847 0.2512 0.0695 0.2816 0.2471 0.3419 0.2981 0.0017 0.3088 0.0959 0.3400 0.3978 0.3677 0.3671 0.1354 0.0290 0.2048 0.1816 0.0498 0.2903 0.1392 0.3753 0.1249 0.0106 0.2040
40
0.1231 0.1232 0.1233 0.1231 0.1234 0.1232 0.1230 0.1235 0.1236 0.1236 0.1238 0.1236 0.1239 0.1238 0.1233 0.1233 0.1237 0.1232 0.1238 0.1234 0.1239 0.1237 0.1232 0.1234 0.1236 0.1233 0.1239 0.1230 0.1230 0.1234 0.1230 0.1232 0.1235 0.1236 0.1233 0.1232 0.1233 0.1236 0.1236 0.1239 0.1231 0.1230 0.1238 0.1230 0.1235 0.1239 0.1237 0.1232 0.1237 0.1233 0.1237 0.1236 0.1230 0.1236 0.1238 0.1231 0.1236 0.1232 0.1232 0.1232 0.1232 0.1230 0.1235 0.1231 0.1238 0.1230 0.1237 0.1233 0.1239 0.1239 0.1239 0.1235 0.1232 0.1231 0.1235 0.1232 0.1231 0.1234 0.1237 0.1237
2
0.5001 0.4999 0.5000 0.5002
39
0.4030 0.0859 0.3172 0.3244 0.2911 0.4513 0.4318 0.0890 0.0794 0.0091 0.0171 0.4145 0.0799 0.4187 0.1607 0.0798 0.2211 0.1919 0.3727 0.4190 0.4375 0.4607 0.3750 0.0414 0.1341 0.4217 0.1256 0.3947 0.3746 0.3603 0.1886 0.2983 0.1444 0.1562 0.3712 0.3836 0.3263 0.0061 0.3788 0.1620 0.2307 0.1079 0.1087 0.2003 0.2110 0.4496 0.0209 0.4560 0.2493 0.4919 0.2013 0.1325 0.1118 0.1009 0.1818 0.0565 0.0656 0.2780 0.0783 0.2405 0.4537 0.4939 0.3828 0.1399 0.2840 0.0740 0.0949 0.3172 0.4364 0.1159 0.2695 0.4581 0.4017 0.4912 0.4508 0.4574 0.3972 0.2423
40
0.4644 0.0657 0.0555 0.4964 0.1358 0.1968 0.1060 0.0864 0.0225 0.2896 0.4807 0.1556 0.4236 0.4374 0.0569 0.2987 0.0605 0.1550 0.4295 0.0684 0.4723 0.0799 0.0393 0.2927 0.2526 0.0110 0.4583 0.2715 0.2624 0.3415 0.3172 0.1544 0.1721 0.1630 0.0529 0.0953 0.1276 0.2848 0.1399 0.3957 0.1865 0.4656 0.1486 0.4187 0.0172 0.1886 0.1444 0.0810 0.3486 0.2200 0.3754 0.3247 0.2589 0.2051 0.3444 0.4883 0.4992 0.4590 0.0318 0.1958 0.3350 0.0704 0.2665 0.0739 0.2975 0.4937 0.0589 0.0385 0.4973 0.2299 0.4701 0.2610 0.2141 0.2936 0.3300 0.2415 0.4313 0.1530 0.0388 0.3923
40
0.1311 0.1311 0.1311 0.1311 0.1311 0.1311 0.1311 0.1311 0.1311 0.1311 0.1311 0.1311 0.1311 0.1311 0.1311 0.1311 0.1311 0.1311 0.1311 0.1311 0.1311 0.1311 0.1311 0.1311 0.1311 0.1311 0.1311 0.1311 0.1311 0.1311 0.1311 0.1311 0.1311 0.1311 0.1311 0.1311 0.1311 0.1311 0.1311 0.1311 0.1311 0.1311 0.1311 0.1311 0.1311 0.1311 0.1311 0.1311 0.1311 0.1311 0.1311 0.1311 0.1311 0.1311 0.1311 0.1311 0.1311 0.1311 0.1311 0.1311 0.1311 0.1311 0.1311 0.1311 0.1311 0.1311 0.1311 0.1311 0.1311 0.1311 0.1311 0.1311 0.1311 0.1311 0.1311 0.1311 0.1311 0.1311 0.1311 0.1311
40
0.1200 0.3450 0.3750 0.0750 0.3350 0.2800 0.0250 0.0850 0.3100 0.2450 0.2950 0.1600 0.2700 0.0000 0.0500 0.3050 0.1350 0.3000 0.3600 0.1500 0.2500 0.1400 0.0300 0.1250 0.3800 0.1000 0.2000 0.2750 0.0350 0.0550 0.2550 0.3200 0.1550 0.2150 0.3250 0.2600 0.2200 0.1100 0.2850 0.0600 0.3300 0.0950 0.2650 0.3650 0.0200 0.1850 0.0450 0.0150 0.2400 0.2350 0.2300 0.0400 0.0800 0.1450 0.3500 0.1300 0.2250 0.0700 0.3850 0.1050 0.1800 0.1750 0.1650 0.2100 0.3150 0.3400 0.1150 0.2900 0.1700 0.4000 0.0900 0.2050 0.0100 0.1900 0.1950 0.3550 0.3700 0.3950 0.3900 0.0650
40
0.1231 0.1236 0.1230 0.1233 0.1239 0.1234 0.1236 0.1231 0.1233 0.1231 0.1232 0.1231 0.1234 0.1230 0.1237 0.1230 0.1237 0.1233 0.1231 0.1233 0.1231 0.1237 0.1232 0.1239 0.1238 0.1233 0.1234 0.1230 0.1232 0.1231 0.1236 0.1238 0.1236 0.1238 0.1231 0.1237 0.1237 0.1239 0.1234 0.1239 0.1239 0.1232 0.1235 0.1235 0.1237 0.1235 0.1232 0.1230 0.1234 0.1238 0.1239 0.1238 0.1235 0.1235 0.1231 0.1238 0.1230 0.1238 0.1232 0.1232 0.1232 0.1231 0.1238 0.1230 0.1231 0.1237 0.1239 0.1230 0.1236 0.1230 0.1232 0.1237 0.1232 0.1235 0.1234 0.1239 0.1234 0.1233 0.1231 0.1235
33
0.2257 0.2423 0.0057 0.0645 0.2591 0.1796 0.2659 0.4601 0.2456 0.4040 0.0995 0.0067 0.1165 0.0113 0.3992 0.1224 0.0462 0.2283 0.1318 0.3862 0.3036 0.1931 0.2541 0.2792 0.0090 0.3568 0.3205 0.1756 0.3127 0.3789 0.1509 0.1519 0.2888 0.1482 0.0985 0.4435 0.0502 0.4775 0.2735 0.1293 0.3873 0.2326 0.2997 0.0614 0.1254 0.2166 0.0563 0.3439 0.1014 0.4572 0.3929 0.3752 0.3260 0.4640 0.0417 0.4992 0.0292 0.2028 0.1274 0.2112 0.4635 0.2761 0.1971 0.1799 0.0845 0.0931
2
0.4795 0.4060 0.3138 0.4574
11
0.1003 0.4073 0.3913 0.0448 0.2877 0.0387 0.3179 0.4666 0.2890 0.0357 0.2474 0.4687 0.1786 0.2897 0.3790 0.1838 0.0851 0.4029 0.2465 0.0058 0.2281 0.2434
40
1.0000 0.0000 1.0000 0.0000 1.0000 1.0000 0.0000 0.0000 0.0000 0.0000 0.0000 0.0000 0.0000 1.0000 0.0000 0.0000 1.0000 1.0000 1.0000 1.0000 0.0000 1.0000 0.0000 0.0000 0.0000 1.0000 0.0000 1.0000 1.0000 0.0000 0.0000 1.0000 1.0000 0.0000 1.0000 1.0000 1.0000 0.0000 0.0000 0.0000 1.0000 1.0000 0.0000 0.0000 0.0000 0.0000 1.0000 1.0000 1.0000 0.0000 0.0000 1.0000 1.0000 1.0000 1.0000 0.0000 0.0000 1.0000 0.0000 0.0000 1.0000 1.0000 0.0000 1.0000 1.0000 0.0000 1.0000 1.0000 0.0000 0.0000 1.0000 1.0000 1.0000 1.0000 0.0000 1.0000 1.0000 0.0000 1.0000 0.0000
40
0.2697 0.3008 0.3657 0.0131 0.1620 0.3865 0.2432 0.2963 0.3493 0.0368 0.2187 0.0190 0.1336 0.3762 0.3526 0.2684 0.3186 0.1898 0.2835 0.2000 0.2896 0.3575 0.0052 0.3431 0.1978 0.2360 0.1922 0.3389 0.1270 0.0915 0.2805 0.1949 0.1310 0.0509 0.3598 0.2705 0.2081 0.1099 0.0910 0.2536 0.0478 0.2043 0.0371 0.3992 0.3414 0.2963 0.2399 0.0987 0.3771 0.2715 0.3082 0.3079 0.0679 0.0079 0.3606 0.2052 0.0012 0.0842 0.1369 0.3288 0.2329 0.1584 0.2923 0.1820 0.1338 0.0925 0.0059 0.0796 0.0298 0.2402 0.3356 0.1496 0.2386 0.2712 0.3739 0.2779 0.3021 0.2489 0.1541 0.2126
2
0.0000 1.0000 0.5000 0.5000
2
0.0004 0.0001 0.0003 0.0002
40
0.2107 0.0072 0.3877 0.0201 0.3106 0.2193 0.2448 0.0961 0.2939 0.3253 0.0426 0.1043 0.0565 0.0848 0.3157 0.3885 0.2309 0.2360 0.1653 0.0967 0.1842 0.0152 0.0492 0.1485 0.2963 0.1419 0.2208 0.3632 0.1993 0.0492 0.3300 0.1134 0.2864 0.3967 0.3136 0.2388 0.0347 0.3740 0.0391 0.2796 0.0807 0.1895 0.1506 0.1923 0.2001 0.3688 0.0650 0.0956 0.2846 0.2497 0.0144 0.2786 0.3715 0.2154 0.0191 0.0382 0.3890 0.3689 0.0984 0.1995 0.2996 0.2819 0.0995 0.0931 0.1436 0.3272 0.2348 0.0438 0.0504 0.1523 0.0157 0.2718 0.3613 0.0135 0.3183 0.2838 0.1035 0.1442 0.3696 0.2355
36
0.1837 0.4267 0.3888 0.2811 0.4903 0.3671 0.0231 0.2494 0.3659 0.0173 0.3904 0.3886 0.2924 0.3766 0.1928 0.2348 0.0559 0.3440 0.4280 0.0012 0.4422 0.4749 0.1638 0.0449 0.1150 0.1695 0.3877 0.0896 0.0475 0.2459 0.0942 0.4808 0.2971 0.1954 0.3699 0.3703 0.4794 0.1135 0.4694 0.4596 0.0365 0.2272 0.4061 0.4142 0.4529 0.4533 0.4036 0.2011 0.1196 0.2248 0.1535 0.1233 0.4564 0.2999 0.0355 0.0046 0.3311 0.4612 0.2127 0.1332 0.1241 0.2921 0.1407 0.2119 0.3838 0.2987 0.1899 0.2733 0.0718 0.1475 0.3964 0.2117
1
1.0000 1.0000
40
0.2004 0.2005 0.2001 0.2005 0.2004 0.2004 0.2007 0.2007 0.2006 0.2007 0.2006 0.2008 0.2006 0.2009 0.2007 0.2009 0.2006 0.2005 0.2008 0.2006 0.2004 0.2008 0.2003 0.2005 0.2004 0.2006 0.2006 0.2002 0.2002 0.2006 0.2007 0.2008 0.2005 0.2005 0.2006 0.2008 0.2007 0.2005 0.2007 0.2002 0.2008 0.2003 0.2006 0.2005 0.2006 0.2004 0.2008 0.2007 0.2008 0.2004 0.2007 0.2008 0.2007 0.2002 0.2008 0.2008 0.2007 0.2009 0.2000 0.2005 0.2003 0.2003 0.2003 0.2008 0.2008 0.2007 0.2001 0.2004 0.2008 0.2009 0.2008 0.2009 0.2003 0.2007 0.2009 0.2005 0.2007 0.2008 0.2009 0.2006
26
0.4437 0.1062 0.4352 0.4395 0.4001 0.0678 0.1241 0.0810 0.0765 0.4767 0.3338 0.0571 0.3985 0.0788 0.1670 0.0854 0.4168 0.2251 0.1337 0.0254 0.1092 0.3442 0.3995 0.3090 0.0504 0.4280 0.0839 0.2315 0.3991 0.0186 0.0312 0.2303 0.2552 0.0368 0.3454 0.0599 0.1865 0.1072 0.2565 0.1302 0.3708 0.3108 0.3149 0.2452 0.2376 0.4020 0.2283 0.1782 0.3077 0.4760 0.4648 0.0026
21
0.2029 0.4964 0.4554 0.0430 0.3629 0.4333 0.0495 0.4085 0.3702 0.4716 0.4061 0.3578 0.0600 0.3914 0.3141 0.4768 0.2527 0.2789 0.2838 0.2598 0.2382 0.2930 0.1360 0.2250 0.2638 0.4710 0.4489 0.3599 0.2685 0.1020 0.3309 0.1481 0.4547 0.3716 0.2378 0.3439 0.4297 0.3450 0.4099 0.4465 0.0528 0.0851
40
0.1232 0.1232 0.1233 0.1231 0.1230 0.1237 0.1237 0.1234 0.1237 0.1231 0.1239 0.1236 0.1233 0.1231 0.1239 0.1233 0.1237 0.1237 0.1232 0.1239 0.1233 0.1235 0.1233 0.1232 0.1231 0.1233 0.1231 0.1232 0.1234 0.1233 0.1230 0.1232 0.1231 0.1239 0.1233 0.1239 0.1231 0.1232 0.1233 0.1238 0.1235 0.1235 0.1234 0.1231 0.1233 0.1239 0.1230 0.1231 0.1237 0.1233 0.1234 0.1230 0.1238 0.1235 0.1230 0.1236 0.1234 0.1237 0.1232 0.1236 0.1231 0.1237 0.1238 0.1236 0.1235 0.1237 0.1236 0.1235 0.1230 0.1237 0.1234 0.1235 0.1239 0.1234 0.1230 0.1234 0.1231 0.1237 0.1236 0.1234
10
0.4813 0.3927 0.3234 0.2226 0.3030 0.0257 0.4881 0.0159 0.1206 0.3201 0.0094 0.4991 0.0420 0.3573 0.1065 0.2734 0.2512 0.3669 0.3362 0.1970
26
0.2472 0.3317 0.2757 0.1376 0.4566 0.1411 0.0566 0.3195 0.3868 0.4041 0.4301 0.3851 0.2609 0.1607 0.1976 0.2807 0.0030 0.1917 0.2634 0.4452 0.0635 0.0098 0.2657 0.3087 0.0713 0.0989 0.3909 0.0567 0.2623 0.4248 0.0827 0.2032 0.2234 0.3711 0.4017 0.1414 0.3641 0.2533 0.3879 0.4737 0.1735 0.1136 0.1256 0.4833 0.2179 0.0339 0.3691 0.0402 0.2392 0.3177 0.1152 0.2544
40
0.0002 0.0002 0.0002 0.0002 0.0002 0.0002 0.0002 0.0002 0.0002 0.0002 0.0002 0.0002 0.0002 0.0002 0.0002 0.0002 0.0002 0.0002 0.0002 0.0002 0.0002 0.0002 0.0002 0.0002 0.0002 0.0002 0.0002 0.0002 0.0002 0.0002 0.0002 0.0002 0.0002 0.0002 0.0002 0.0002 0.0002 0.0002 0.0002 0.0002 0.0002 0.0002 0.0002 0.0002 0.0002 0.0002 0.0002 0.0002 0.0002 0.0002 0.0002 0.0002 0.0002 0.0002 0.0002 0.0002 0.0002 0.0002 0.0002 0.0002 0.0002 0.0002 0.0002 0.0002 0.0002 0.0002 0.0002 0.0002 0.0002 0.0002 0.0002 0.0002 0.0002 0.0002 0.0002 0.0002 0.0002 0.0002 0.0002 0.0002
39
0.1742 0.4366 0.1746 0.4122 0.2687 0.4485 0.3148 0.2695 0.1335 0.3487 0.4982 0.1961 0.2324 0.0135 0.4703 0.1674 0.3041 0.0577 0.3824 0.3581 0.1010 0.0852 0.4158 0.1499 0.3776 0.2286 0.2878 0.0692 0.3711 0.4961 0.0409 0.0143 0.4607 0.1800 0.0790 0.0669 0.2272 0.3031 0.2359 0.3064 0.2357 0.0954 0.4974 0.3522 0.2139 0.4493 0.2030 0.3854 0.1186 0.1761 0.3826 0.4919 0.4889 0.4959 0.4162 0.4340 0.2241 0.3829 0.0386 0.0562 0.4411 0.3442 0.3551 0.2412 0.0211 0.1667 0.2594 0.4853 0.4894 0.4611 0.1800 0.0731 0.2719 0.4323 0.1631 0.3842 0.4306 0.2840
40
0.2413 0.1515 0.0167 0.0470 0.2195 0.4671 0.2279 0.0483 0.2512 0.4368 0.2026 0.3439 0.1301 0.4075 0.0134 0.2449 0.1960 0.2995 0.4975 0.4012 0.0367 0.3128 0.3284 0.0539 0.4096 0.1559 0.1803 0.3507 0.4016 0.2004 0.3455 0.2808 0.4754 0.3579 0.0581 0.0792 0.2844 0.1966 0.1820 0.3983 0.3918 0.2596 0.1946 0.0286 0.1558 0.3540 0.3056 0.4114 0.1989 0.0688 0.3053 0.1635 0.4641 0.3714 0.4836 0.1487 0.2924 0.4834 0.2188 0.4032 0.1430 0.0881 0.0826 0.3605 0.2876 0.1262 0.1409 0.4784 0.1067 0.0471 0.4579 0.1917 0.2625 0.0678 0.1817 0.2450 0.2006 0.1522 0.0763 0.1390
13
0.4256 0.2632 0.1641 0.2584 0.1583 0.4944 0.0630 0.1116 0.0302 0.0444 0.1774 0.4754 0.1744 0.4297 0.2739 0.3752 0.2943 0.0391 0.0370 0.0953 0.3131 0.3302 0.1761 0.4964 0.1813 0.4613
40
0.2920 0.0512 0.0472 0.1512 0.0628 0.3488 0.1444 0.1136 0.2581 0.1292 0.2794 0.0386 0.0013 0.0533 0.0338 0.0757 0.0109 0.1324 0.0459 0.3706 0.1316 0.3454 0.2396 0.3843 0.1919 0.1303 0.3847 0.3254 0.1697 0.3113 0.3124 0.2273 0.2082 0.1532 0.3156 0.3737 0.3998 0.1538 0.3907 0.1484 0.3719 0.0365 0.2954 0.2201 0.0193 0.0971 0.1289 0.2791 0.2040 0.3814 0.0355 0.2588 0.3153 0.1445 0.1392 0.2046 0.1430 0.2308 0.3031 0.1045 0.0135 0.2301 0.1463 0.1962 0.0215 0.0965 0.1596 0.2594 0.2801 0.3049 0.3784 0.1745 0.3501 0.0673 0.2492 0.2127 0.2373 0.3857 0.2254 0.3134
40
0.2222 0.2963 0.0296 0.0395 0.3309 0.0593 0.0099 0.1580 0.1778 0.2272 0.3605 0.3556 0.1333 0.0198 0.0148 0.0988 0.1926 0.2914 0.3407 0.3704 0.3012 0.1086 0.0741 0.1383 0.3753 0.3160 0.3901 0.3062 0.1432 0.2074 0.0691 0.2815 0.1827 0.2716 0.1136 0.0543 0.0346 0.2420 0.0790 0.3259 0.1679 0.0444 0.2864 0.3358 0.1185 0.0049 0.3654 0.0494 0.1481 0.2173 0.1235 0.1975 0.2519 0.2025 0.3802 0.3852 0.0247 0.3951 0.0889 0.2568 0.1877 0.0642 0.1728 0.2617 0.1630 0.2321 0.2469 0.2370 0.2123 0.3111 0.1531 0.0938 0.1284 0.0840 0.3210 0.2667 0.2765 0.3457 0.1037 0.3506
1
0.0000 0.0000
19
0.3435 0.3119 0.3396 0.1966 0.1144 0.3852 0.1146 0.2124 0.2093 0.3754 0.4327 0.3401 0.3854 0.2504 0.2935 0.2449 0.4045 0.2108 0.2653 0.2576 0.1693 0.4921 0.1304 0.0344 0.2974 0.0906 0.0612 0.0299 0.3950 0.4614 0.4179 0.0621 0.4493 0.0348 0.1181 0.3881 0.1668 0.3828
5
0.2893 0.4350 0.4888 0.1592 0.3381 0.2223 0.0308 0.2537 0.0656 0.0519
7
0.3483 0.4014 0.0374 0.3145 0.1257 0.2715 0.3516 0.1903 0.1227 0.0472 0.1130 0.2751 0.2509 0.1776
12
0.4976 0.1944 0.1763 0.2205 0.3130 0.2271 0.0180 0.0449 0.2005 0.4790 0.0258 0.3926 0.2682 0.1889 0.2815 0.3559 0.4381 0.0758 0.2464 0.3184 0.4586 0.1517 0.2844 0.4087
2
1.0000 1.0000 0.9999 1.0000
15
0.2172 0.2729 0.2376 0.0893 0.0613 0.0043 0.0863 0.1129 0.2413 0.0686 0.0506 0.1322 0.4716 0.0495 0.0143 0.4736 0.2930 0.1644 0.1216 0.4692 0.1653 0.2895 0.2525 0.4531 0.1884 0.2096 0.1403 0.2915 0.4567 0.3294
13
0.2264 0.2310 0.4455 0.0213 0.0342 0.0450 0.1117 0.3071 0.2725 0.3971 0.3924 0.1288 0.4585 0.1035 0.0843 0.2276 0.0797 0.0525 0.3599 0.1246 0.1649 0.0764 0.0270 0.0227 0.2198 0.4599
40
0.0039 0.1284 0.0580 0.1074 0.1949 0.0635 0.1056 0.1893 0.0742 0.1713 0.1647 0.3824 0.0466 0.1033 0.2604 0.2952 0.1641 0.0034 0.2208 0.1113 0.3426 0.3792 0.0402 0.0497 0.0287 0.1201 0.2427 0.0816 0.3196 0.0417 0.3506 0.2165 0.0636 0.1451 0.0845 0.2940 0.1039 0.2050 0.3496 0.2615 0.3206 0.3707 0.1302 0.0393 0.0519 0.1751 0.1857 0.2999 0.3992 0.0096 0.2588 0.1249 0.3704 0.0266 0.0788 0.0407 0.3544 0.3675 0.3133 0.2434 0.0906 0.1425 0.1165 0.2275 0.0788 0.0841 0.2823 0.2748 0.1484 0.3219 0.3470 0.3513 0.1450 0.1143 0.1304 0.0176 0.2533 0.0830 0.1857 0.1295
40
0.3900 0.3100 0.3700 0.1200 0.3150 0.1950 0.1150 0.0350 0.1450 0.2500 0.0100 0.3800 0.2600 0.3550 0.1550 0.0150 0.0300 0.0400 0.0650 0.3450 0.3850 0.1050 0.2750 0.2100 0.2300 0.3400 0.4000 0.3650 0.2900 0.1400 0.2800 0.0850 0.2150 0.2650 0.1700 0.0450 0.1600 0.2700 0.2350 0.0900 0.0600 0.1850 0.2950 0.3750 0.3300 0.0550 0.1800 0.3200 0.1900 0.1300 0.0200 0.2850 0.3250 0.1350 0.1000 0.0250 0.1250 0.2200 0.0750 0.1100 0.2400 0.2050 0.2250 0.3600 0.3950 0.0950 0.0500 1.0000 0.3000 0.0800 0.3500 0.1650 0.1750 0.2550 0.3050 0.0700 0.2450 0.3350 0.1500 0.2000
40
0.2670 0.2782 0.3080 0.1001 0.2221 0.3965 0.2590 0.0070 0.0836 0.3243 0.1184 0.1127 0.3366 0.0566 0.1619 0.2097 0.1863 0.3349 0.2278 0.0459 0.1984 0.2322 0.2986 0.2542 0.2561 0.0589 0.2655 0.1281 0.0560 0.3704 0.1651 0.2241 0.1734 0.3169 0.0039 0.1460 0.1644 0.1301 0.0547 0.0331 0.0265 0.2571 0.2352 0.0316 0.2296 0.3033 0.0704 0.1250 0.0620 0.1882 0.0424 0.3987 0.2931 0.2247 0.3539 0.0197 0.2416 0.3999 0.1044 0.3894 0.0092 0.1258 0.0551 0.0845 0.0968 0.2588 0.2332 0.0460 0.1232 0.2945 0.1008 0.2256 0.0198 0.3536 0.2629 0.3993 0.0322 0.2050 0.0619 0.1970
40
0.2000 0.3000 0.3000 0.3000 0.2000 0.4000 0.2000 0.2000 0.2000 0.2000 0.4000 0.2000 0.2000 0.2000 0.3000 0.2000 0.4000 0.3000 0.2000 0.4000 0.3000 0.2000 0.3000 0.3000 0.2000 0.4000 0.4000 0.2000 0.2000 0.3000 0.3000 0.4000 0.3000 0.4000 0.4000 0.3000 0.2000 0.3000 0.2000 0.4000 0.3000 0.2000 0.4000 0.2000 0.2000 0.2000 0.2000 0.2000 0.3000 0.4000 0.2000 0.4000 0.4000 0.2000 0.3000 0.3000 0.4000 0.4000 0.2000 0.2000 0.4000 0.4000 0.4000 0.4000 0.4000 0.4000 0.4000 0.4000 0.4000 0.2000 0.4000 0.4000 0.3000 0.3000 0.4000 0.3000 0.2000 0.2000 0.4000 0.4000
40
0.1977 0.0761 0.4488 0.2876 0.3707 0.3665 0.2901 0.0369 0.0320 0.4171 0.1741 0.4284 0.2141 0.1534 0.0510 0.0615 0.2079 0.1118 0.2695 0.0488 0.1858 0.1960 0.4641 0.3102 0.2885 0.1616 0.4634 0.0950 0.0060 0.4462 0.2855 0.4069 0.0312 0.1546 0.2343 0.2755 0.3024 0.1914 0.1910 0.0624 0.2254 0.4152 0.2262 0.0169 0.4844 0.0954 0.1166 0.2011 0.4504 0.3510 0.1463 0.1816 0.1526 0.2238 0.4595 0.0436 0.3801 0.4777 0.3448 0.3238 0.2934 0.0494 0.0672 0.1697 0.3866 0.4614 0.1255 0.0157 0.0590 0.2794 0.1679 0.2982 0.0858 0.4081 0.0598 0.2846 0.4104 0.1415 0.2887 0.4171
40
0.2879 0.1004 0.0870 0.1543 0.2068 0.0353 0.3222 0.1561 0.2274 0.2451 0.0103 0.0156 0.1445 0.1635 0.1846 0.0192 0.0965 0.2317 0.1871 0.0857 0.0461 0.2821 0.2380 0.2722 0.2259 0.3043 0.2093 0.0758 0.3340 0.2388 0.2301 0.3861 0.3719 0.2219 0.0506 0.2091 0.1132 0.0687 0.0759 0.0041 0.1318 0.1857 0.0627 0.1477 0.1548 0.2098 0.1918 0.0324 0.1385 0.3878 0.0271 0.0366 0.1371 0.1647 0.0131 0.2096 0.2385 0.1632 0.1193 0.2392 0.2458 0.0913 0.0474 0.2474 0.0844 0.1853 0.1051 0.1037 0.0278 0.3038 0.1547 0.2994 0.1870 0.1821 0.0513 0.2469 0.3197 0.2417 0.3345 0.0643
27
0.1860 0.1168 0.4867 0.4726 0.4593 0.2426 0.4163 0.0350 0.4856 0.0110 0.4290 0.4260 0.1531 0.4728 0.3791 0.1605 0.1692 0.4823 0.2756 0.1179 0.4730 0.2192 0.4225 0.2802 0.4072 0.4248 0.3835 0.0531 0.4521 0.0909 0.1154 0.2330 0.2751 0.2345 0.1804 0.4145 0.0171 0.3740 0.2866 0.4703 0.4972 0.1580 0.2896 0.2383 0.3392 0.1244 0.3780 0.1227 0.2632 0.3803 0.4558 0.3670 0.4964 0.3582
29
0.3038 0.4510 0.0684 0.3796 0.4483 0.0203 0.3798 0.1077 0.0783 0.0374 0.3455 0.1891 0.0903 0.2240 0.1796 0.4142 0.3644 0.0679 0.3615 0.2560 0.1798 0.3012 0.3543 0.0081 0.1758 0.1002 0.2218 0.2161 0.0248 0.1328 0.1545 0.3424 0.4798 0.2756 0.1327 0.2049 0.1233 0.3634 0.0629 0.1509 0.0929 0.1211 0.3445 0.2192 0.4335 0.1944 0.3033 0.0727 0.0067 0.0828 0.0599 0.1631 0.2340 0.3857 0.3845 0.0507 0.0173 0.4244
40
0.2299 0.2334 0.0841 0.3020 0.1778 0.2438 0.3277 0.3454 0.1975 0.0071 0.0810 0.2152 0.1775 0.3609 0.0302 0.2877 0.1904 0.2021 0.1427 0.0149 0.1650 0.3445 0.1384 0.0261 0.2038 0.0889 0.2575 0.3808 0.3922 0.2026 0.2050 0.1792 0.0933 0.1571 0.3950 0.3888 0.2724 0.0681 0.1507 0.3090 0.2173 0.1899 0.1492 0.3628 0.2397 0.3524 0.0807 0.2581 0.2998 0.3165 0.0382 0.0063 0.1787 0.3493 0.1436 0.2797 0.0851 0.3969 0.0915 0.0399 0.0860 0.2442 0.1160 0.0591 0.2903 0.0764 0.0157 0.2664 0.3611 0.1811 0.1925 0.1898 0.2775 0.0319 0.0086 0.2284 0.2786 0.0848 0.0371 0.2046
2
0.5000 0.5000 0.5001 0.4999
30
0.5024 0.4976 0.5003 0.4993 0.5012 0.4999 0.5017 0.4995 0.4997 0.5008 0.5005 0.4994 0.5007 0.4985 0.5025 0.5004 0.4989 0.5014 0.5011 0.5023 0.5013 0.5028 0.5000 0.4981 0.4996 0.5016 0.5019 0.5006 0.4970 0.4971 0.5015 0.4990 0.4992 0.5029 0.4991 0.4983 0.5001 0.4977 0.5020 0.5009 0.4973 0.5026 0.5002 0.4980 0.4988 0.4984 0.4998 0.4975 0.4978 0.5027 0.4986 0.5022 0.4982 0.4979 0.4974 0.4972 0.5021 0.5010 0.5018 0.4987
40
0.5288 0.5288 0.5288 0.5288 0.5288 0.5288 0.5288 0.5288 0.5288 0.5288 0.5288 0.5288 0.5288 0.5288 0.5288 0.5288 0.5288 0.5288 0.5288 0.5288 0.5288 0.5288 0.5288 0.5288 0.5288 0.5288 0.5288 0.5288 0.5288 0.5288 0.5288 0.5288 0.5288 0.5288 0.5288 0.5288 0.5288 0.5288 0.5288 0.5288 0.5288 0.5288 0.5288 0.5288 0.5288 0.5288 0.5288 0.5288 0.5288 0.5288 0.5288 0.5288 0.5288 0.5288 0.5288 0.5288 0.5288 0.5288 0.5288 0.5288 0.5288 0.5288 0.5288 0.5288 0.5288 0.5288 0.5288 0.5288 0.5288 0.5288 0.5288 0.5288 0.5288 0.5288 0.5288 0.5288 0.5288 0.5288 0.5288 0.5288
4
0.1912 0.4960 0.0626 0.2603 0.4574 0.4677 0.0551 0.1185
8
0.2902 0.2617 0.0795 0.3961 0.0164 0.2381 0.1581 0.2909 0.2778 0.3764 0.3068 0.0075 0.0024 0.4206 0.0066 0.1563
40
0.2490 0.2493 0.2461 0.2513 0.2476 0.2499 0.2466 0.2480 0.2489 0.2507 0.2464 0.2481 0.2508 0.2492 0.2472 0.2463 0.2530 0.2482 0.2479 0.2509 0.2505 0.2502 0.2515 0.2468 0.2532 0.2486 0.2484 0.2510 0.2512 0.2538 0.2506 0.2524 0.2518 0.2526 0.2483 0.2521 0.2460 0.2535 0.2473 0.2522 0.2500 0.2475 0.0000 0.2469 0.2488 0.2511 0.2537 0.2525 0.2477 0.2478 0.2467 0.2465 0.2501 0.2516 0.2491 0.2503 0.2534 0.2474 0.2514 0.2498 0.2497 0.2529 0.2527 0.2462 0.2533 0.2536 0.2528 0.2519 0.2523 0.2495 0.2496 0.2470 0.2504 0.2520 0.2485 0.2494 0.2517 0.2531 0.2487 0.2471
20
0.4233 0.2215 0.2424 0.2611 0.4924 0.3012 0.4801 0.0683 0.4248 0.0148 0.1262 0.0714 0.3778 0.2846 0.3445 0.0805 0.3870 0.2115 0.0056 0.4350 0.0035 0.2642 0.0947 0.1547 0.0767 0.1290 0.2782 0.0403 0.4912 0.0400 0.3360 0.2536 0.2602 0.4222 0.1475 0.1346 0.1578 0.3176 0.0610 0.1428
31
0.3657 0.1609 0.4692 0.4752 0.2777 0.0785 0.1339 0.3540 0.2762 0.1717 0.3325 0.4365 0.3591 0.3165 0.4165 0.2552 0.4836 0.4803 0.2683 0.2980 0.0574 0.1827 0.3055 0.2216 0.0740 0.2531 0.1020 0.2829 0.0138 0.0182 0.0536 0.4968 0.4130 0.3650 0.4432 0.4237 0.0578 0.3464 0.0658 0.0759 0.0430 0.0258 0.3951 0.2446 0.2062 0.1835 0.2147 0.4565 0.0372 0.0060 0.2993 0.0310 0.1196 0.4613 0.1254 0.0169 0.0822 0.0710 0.1505 0.3850 0.1235 0.4219
37
0.2774 0.0377 0.2978 0.3507 0.4018 0.4612 0.2865 0.0561 0.1025 0.3945 0.0503 0.2200 0.0292 0.1272 0.2900 0.3251 0.0696 0.4813 0.0074 0.2883 0.2574 0.1838 0.1744 0.2087 0.2903 0.4121 0.2987 0.2912 0.1850 0.2695 0.2030 0.3293 0.3757 0.1538 0.2315 0.1364 0.3235 0.0570 0.3316 0.0422 0.3661 0.4435 0.2929 0.1348 0.0344 0.0264 0.2327 0.0226 0.2242 0.2099 0.2704 0.0002 0.4165 0.3036 0.4024 0.1528 0.2846 0.1541 0.2396 0.3156 0.4141 0.3275 0.2039 0.3472 0.1838 0.2918 0.0001 0.2338 0.0893 0.1356 0.0754 0.2910 0.4757 0.0060
40
0.0000 0.0000 0.0000 0.0000 1.0000 1.0000 0.0000 0.0000 1.0000 1.0000 1.0000 1.0000 0.0000 1.0000 0.0000 0.0000 0.0000 1.0000 1.0000 0.0000 0.0000 0.0000 0.0000 1.0000 1.0000 1.0000 1.0000 0.0000 1.0000 1.0000 0.0000 0.0000 0.0000 1.0000 1.0000 1.0000 1.0000 1.0000 1.0000 1.0000 0.0000 1.0000 0.0000 1.0000 0.0000 1.0000 1.0000 1.0000 1.0000 1.0000 0.0000 0.0000 0.0000 1.0000 0.0000 0.0000 0.0000 1.0000 0.0000 0.0000 0.0000 1.0000 0.0000 0.0000 1.0000 1.0000 1.0000 0.0000 1.0000 0.0000 1.0000 0.0000 1.0000 0.0000 0.0000 0.0000 1.0000 1.0000 0.0000 0.0000
40
0.2664 0.3232 0.2763 0.0221 0.2782 0.1173 0.2139 0.2955 0.2156 0.3292 0.1174 0.0487 0.0958 0.1611 0.2516 0.3764 0.0103 0.1555 0.2702 0.1143 0.2928 0.3959 0.1120 0.2655 0.1466 0.1346 0.1127 0.0994 0.3848 0.1395 0.1108 0.1837 0.1929 0.1214 0.3514 0.3801 0.1035 0.0660 0.3656 0.2929 0.1024 0.0526 0.0912 0.2701 0.1344 0.1290 0.3772 0.1368 0.1540 0.0364 0.0546 0.1278 0.2991 0.0844 0.3376 0.0270 0.0231 0.2432 0.0473 0.2908 0.1147 0.0460 0.3557 0.0750 0.2920 0.0530 0.1445 0.1531 0.2619 0.0256 0.1519 0.3871 0.1846 0.2808 0.3262 0.0479 0.3731 0.2090 0.0913 0.1569
1
0.1234 0.9876
30
0.0110 0.1901 0.3053 0.4176 0.3352 0.3644 0.3688 0.2698 0.2283 0.4998 0.4623 0.1879 0.1735 0.2662 0.4474 0.4986 0.1761 0.4699 0.4303 0.3126 0.2440 0.2352 0.3285 0.4375 0.2551 0.1952 0.1588 0.4883 0.4876 0.3898 0.1814 0.0267 0.0572 0.2916 0.1267 0.4435 0.0372 0.3119 0.2997 0.4017 0.1914 0.3184 0.2722 0.0635 0.1280 0.3900 0.1938 0.3808 0.1814 0.3904 0.0128 0.3685 0.0029 0.4235 0.3482 0.4200 0.2368 0.1199 0.0075 0.0605
