100
2
0.2500 0.5000 0.5000 0.2500
3
0.0000 0.0000 0.0000 0.0009 0.0013 0.1776
1
1.0000 0.1234
2
0.5453 0.7279 0.8646 0.9396
2
0.8574 0.2497 0.6796 0.1673
3
0.8742 0.2871 0.5051 0.1993 0.7186 0.0774
2
0.0003 0.0001 0.0002 0.0004
4
0.3150 0.1564 0.4291 0.3263 0.9407 0.9810 0.9841 0.1038
2
1.0000 1.0000 0.9999 0.9999
4
0.5001 0.4996 1.0000 0.4997 0.5002 0.4998 0.4999 0.5000
4
0.4407 0.1553 0.4375 0.2294 0.4510 0.6098 0.1139 0.0230
2
0.5000 0.5000 0.4999 0.4999
3
0.6490 0.2720 0.3258 0.5879 0.3321 0.7207
2
0.5049 0.0193 0.3607 0.8733
4
0.4000 0.5000 0.0000 0.6000 0.3000 0.2000 0.1000 0.7000
4
0.8899 0.7162 0.3087 0.0420 0.9885 0.6549 0.5359 0.5985
3
0.7353 0.2558 0.1140 0.1337 0.4436 0.7989
2
0.6176 0.4831 0.0854 0.4217
4
0.3024 0.5487 0.5033 0.4597 0.7633 0.9026 0.8601 0.9168
4
0.9325 0.2203 0.6136 0.7743 0.6471 0.1887 0.9819 0.3970
2
0.2059 0.9397 0.8623 0.0530
4
0.9780 0.7936 0.7878 0.8780 0.4193 0.1851 0.6596 0.0166
4
0.5000 0.7000 0.2000 0.1000 0.3000 0.4000 0.6000 1.0000
4
0.5181 0.5703 0.4572 0.4035 0.9019 0.4207 0.2279 0.2685
3
0.4500 0.6850 0.6774 0.8560 0.2232 0.2566
2
1.0000 0.9999 1.0000 1.0000
4
0.4761 0.7871 0.5895 0.9287 0.5714 0.8013 0.5344 0.1888
1
0.0000 0.0000
2
0.5001 0.5000 0.4999 0.5002
2
0.5001 0.4999 0.5000 0.5000
4
0.7778 0.2222 0.6667 0.5556 0.4444 0.8889 0.1111 0.3333
2
0.0583 0.4499 0.1139 0.0575
2
0.3243 0.5947 0.4878 0.6663
4
0.3989 0.3989 0.3989 0.3989 0.3989 0.3989 0.3989 0.3989
4
0.0007 0.0007 0.0007 0.0007 0.0007 0.0007 0.0007 0.0007
4
0.4003 0.4004 0.4003 0.3996 0.4002 0.3996 0.4002 0.3996
2
0.0421 0.9920 0.6830 0.6953
4
0.4997 0.4999 0.4998 0.4997 0.4996 0.4998 0.4999 0.4996
3
0.7570 0.3045 0.6395 0.7993 0.1585 0.4150
3
0.7922 0.4790 0.4740 0.5861 0.1198 0.4889
3
0.8884 0.0758 0.3022 0.4172 0.5098 0.2380
4
0.5136 0.1429 0.4138 0.9109 0.1539 0.5620 0.8906 0.6230
3
0.3174 0.8689 0.3122 0.1344 0.2008 0.3727
4
0.5440 0.8036 0.7000 0.7287 0.3217 0.1841 0.8455 0.0699
1
1.0000 1.0000
4
0.3471 0.7747 0.6178 0.7307 0.9324 0.4114 0.3981 0.7711
4
0.7791 0.3736 0.0179 0.6844 0.5547 0.9651 0.1591 0.5562
4
0.2929 0.1460 0.9517 0.9830 0.9776 0.5965 0.5915 0.8914
2
0.1057 0.6798 0.3802 0.1642
2
0.8039 0.2279 0.0899 0.3347
4
0.4997 0.5001 0.0000 0.4999 0.5000 0.4998 0.4996 0.5002
3
0.6605 0.6980 0.4179 0.5160 0.1805 0.2678
3
0.3954 0.8305 0.5659 0.5394 0.7723 0.3769
1
0.9876 0.1234
2
0.9379 0.9926 0.9160 0.3277
2
0.3255 0.0126 0.3611 0.0569
4
0.3995 0.4004 0.4003 0.4004 0.3997 0.4001 0.3996 0.4003
3
0.1838 0.3793 0.6037 0.0264 0.7680 0.4348
2
0.8956 0.5863 0.6538 0.5433
3
0.3039 0.3201 0.6074 0.4401 0.2849 0.9269
3
0.9192 0.8578 0.6245 0.3309 0.2802 0.3367
4
0.9357 0.7208 0.7004 0.6276 0.8527 0.7592 0.0287 0.0820
3
0.0335 0.9414 0.8355 0.8930 0.6506 0.2697
4
0.9824 0.7507 0.9203 0.5346 0.6992 0.9658 0.5069 0.3599
1
0.0000 1.0000
4
0.4005 0.4002 0.4001 0.4000 0.3997 0.4005 0.3999 0.3999
3
0.0221 0.0386 0.2510 0.9660 0.4964 0.0806
4
0.7342 0.6829 0.3693 0.9955 0.9784 0.0864 0.5090 0.0704
4
0.5954 0.9714 0.7900 0.4537 0.4071 0.0343 0.0270 0.6271
2
0.9999 0.9997 1.0000 0.9998
3
0.3685 0.5095 0.8475 0.9489 0.9009 0.2968
2
0.4926 0.2952 0.8885 0.5257
2
0.8753 0.7109 0.7656 0.8118
4
0.6607 0.8707 0.8681 0.7213 0.7472 0.1986 0.7304 0.9361
2
0.8629 0.9329 0.9862 0.5849
2
0.5060 0.2316 0.4260 0.0474
4
0.8269 0.7001 0.1436 0.4980 0.0084 0.2303 0.4456 0.8788
4
0.5000 0.4000 0.6000 0.6000 0.6000 0.4000 0.5000 0.4000
2
0.9565 0.6302 0.4704 0.7860
4
0.9810 0.9810 0.9810 0.9810 0.9810 0.9810 0.9810 0.9810
4
0.7352 0.4793 0.8614 0.2445 0.2456 0.3065 0.6332 0.5973
4
0.2001 0.5694 0.8082 0.7555 0.6553 0.2125 0.3252 0.4624
4
0.2194 0.5543 0.4751 0.5042 0.2743 0.4679 0.8756 0.7818
3
0.1075 0.1208 0.3116 0.2720 0.1343 0.6106
4
0.4003 0.4000 0.4001 0.4003 0.3998 0.4002 0.3995 0.4000
3
0.4650 0.6728 0.1172 0.2835 0.1779 0.6049
4
1.0000 0.0000 0.0000 0.0000 1.0000 1.0000 0.0000 1.0000
4
0.4285 0.9341 0.9477 0.0334 0.9596 0.3598 0.8350 0.4658
4
0.6606 0.8925 0.1733 0.8672 0.5646 0.1397 0.2350 0.5484
4
0.2059 0.2095 0.9280 0.2832 0.1234 0.0454 0.4877 0.6003
4
0.4998 0.5003 0.4996 0.5000 0.5001 0.5002 0.4997 0.4999
2
0.9008 0.9626 0.5446 0.5023
4
0.3999 0.4003 0.3997 0.3997 0.4002 0.4001 0.4000 0.3995
2
1.0000 0.5000 0.5000 0.0000
4
0.6836 0.3825 0.8926 0.8438 0.9301 0.9563 0.4740 0.2440
4
0.2912 0.9521 0.0784 0.7916 0.1127 0.9067 0.0464 0.6435
3
0.7758 0.2007 0.6356 0.5417 0.3351 0.1335
4
0.8834 0.7328 0.3666 0.6080 0.9507 0.7980 0.4672 0.9267
4
1.0000 1.0000 1.0000 1.0000 0.0000 0.0000 0.0000 1.0000
4
0.0001 0.0001 0.0001 0.0001 0.0001 0.0001 0.0001 0.0001
