100
2
0.2500 0.5000 0.5000 0.2500
3
0.0000 0.0000 0.0000 0.0009 0.0013 0.1776
1
1.0000 0.1234
4
0.4001 0.4001 0.3997 0.4003 0.3998 0.4001 0.4002 0.3999
2
0.5000 0.4999 0.5001 0.5002
2
0.0951 0.2484 0.4806 0.0783
2
0.1971 0.0501 0.3864 0.5567
4
0.5002 0.4996 0.5000 0.5001 0.4998 0.5003 0.4997 0.4999
4
0.3803 0.9799 0.2079 0.0410 0.8938 0.5315 0.7578 0.7284
4
0.6470 0.3995 0.2481 0.8013 0.9661 0.2669 0.4314 0.8563
2
0.5084 0.7616 0.2697 0.2455
4
0.9219 0.8038 0.3913 0.3070 0.2821 0.5904 0.6784 0.7776
4
0.8315 0.9690 0.4300 0.3639 0.0827 0.6289 0.3971 0.2344
4
0.3996 0.4001 0.4003 0.4005 0.3999 0.3998 0.4001 0.4003
1
0.9876 0.1234
4
0.1149 0.6113 0.0982 0.7495 0.8677 0.7261 0.9660 0.3191
4
0.9014 0.9101 0.0526 0.4952 0.5058 0.0542 0.6816 0.6286
4
0.3000 0.5000 0.1000 0.2000 1.0000 0.6000 0.4000 0.7000
4
0.9027 0.5909 0.5862 0.3057 0.4874 0.2386 0.1926 0.3781
3
0.2406 0.4807 0.0408 0.6904 0.6127 0.1930
3
0.3896 0.3304 0.0514 0.3291 0.1716 0.6612
4
0.8371 0.3648 0.4586 0.7778 0.4160 0.4461 0.2610 0.0840
3
0.7309 0.6578 0.5861 0.2483 0.2659 0.3729
2
0.8165 0.3698 0.9646 0.8923
4
0.1636 0.8499 0.0679 0.6708 0.6960 0.8565 0.1833 0.0631
4
0.7649 0.8146 0.2901 0.7229 0.9266 0.9954 0.9769 0.9795
3
0.8472 0.3364 0.5117 0.4093 0.9378 0.8531
1
0.0000 1.0000
2
0.5001 0.5000 0.4999 0.5000
3
0.3598 0.9021 0.1309 0.9407 0.6130 0.5193
4
0.0138 0.2088 0.9970 0.2645 0.1689 0.7790 0.7966 0.7837
3
0.2645 0.6938 0.1730 0.5677 0.3446 0.1310
2
0.8803 0.6662 0.9497 0.1990
4
0.0000 0.0000 1.0000 1.0000 1.0000 0.0000 1.0000 1.0000
4
0.4999 0.4996 0.4998 0.4996 0.4997 0.4997 0.4999 0.4998
4
0.7663 0.6325 0.6882 0.3388 0.4148 0.5772 0.0013 0.1512
2
0.6351 0.4920 0.1071 0.4646
4
0.9450 0.8525 0.9106 0.1681 0.2033 0.7828 0.8400 0.0142
4
0.2058 0.0672 0.6683 0.1309 0.4769 0.4552 0.0906 0.9211
2
1.0000 0.5000 0.5000 0.0000
4
0.6774 0.2048 0.9876 0.6312 0.5890 0.0031 0.9908 0.9298
4
0.1987 0.1779 0.0133 0.0373 0.6054 0.6957 0.1997 0.5837
4
0.3221 0.3463 0.2979 0.2532 0.9584 0.9986 0.6320 0.9762
4
0.5001 0.0000 0.4997 0.4996 0.4998 0.5002 0.4999 0.5000
4
0.3989 0.3989 0.3989 0.3989 0.3989 0.3989 0.3989 0.3989
2
0.0285 0.1510 0.4408 0.4150
2
0.4055 0.9980 0.0501 0.2105
4
0.4683 0.3450 0.8973 0.4551 0.3714 0.0262 0.5365 0.6036
2
0.6445 0.4036 0.6873 0.5962
2
0.0968 0.5814 0.9760 0.2727
2
0.5991 0.6427 0.5009 0.4505
2
0.0768 0.9708 0.6606 0.4879
2
0.1908 0.9576 0.0720 0.3537
3
0.8757 0.9847 0.1717 0.1318 0.4534 0.7204
2
0.0922 0.8701 0.3883 0.8771
4
0.3140 0.3238 0.4043 0.3030 0.0761 0.3642 0.1385 0.0106
4
0.8737 0.8433 0.1425 0.0731 0.4753 0.8894 0.6800 0.7920
4
0.6000 0.6000 0.4000 0.5000 0.4000 0.6000 0.5000 0.4000
3
0.7014 0.2788 0.5389 0.3954 0.3651 0.2808
4
0.5000 0.5001 0.5002 0.4997 1.0000 0.4996 0.4998 0.4999
4
0.2173 0.0305 0.2638 0.1169 0.7085 0.4872 0.1403 0.0226
1
1.0000 1.0000
2
0.9542 0.4774 0.2666 0.7123
4
0.3995 0.4002 0.4001 0.3999 0.4000 0.4002 0.3996 0.4000
3
0.1312 0.9269 0.7145 0.8685 0.3386 0.6668
4
0.2000 0.0000 0.1000 0.5000 0.3000 0.6000 0.7000 0.4000
4
0.9058 0.4915 0.0259 0.8359 0.8992 0.3836 0.7726 0.9493
1
0.0000 0.0000
3
0.3710 0.8384 0.7918 0.2535 0.2941 0.6300
4
0.0001 0.0001 0.0001 0.0001 0.0001 0.0001 0.0001 0.0001
4
0.4510 0.9920 0.7255 0.0580 0.0237 0.1738 0.9605 0.1779
4
1.0000 1.0000 0.0000 0.0000 1.0000 0.0000 0.0000 1.0000
4
0.5341 0.1988 0.4509 0.2790 0.3043 0.8827 0.6908 0.9415
2
0.8391 0.9650 0.7057 0.9190
2
0.0003 0.0004 0.0001 0.0002
4
0.1111 0.6667 0.8889 0.3333 0.7778 0.4444 0.2222 0.5556
4
0.3995 0.4001 0.4002 0.4002 0.3995 0.4000 0.4005 0.4001
4
0.5676 0.4233 0.9024 0.1046 0.1804 0.0842 0.5705 0.6999
2
0.6662 0.2932 0.0717 0.7242
3
0.7320 0.4159 0.1474 0.8399 0.9391 0.9814
2
0.9997 1.0000 0.9998 0.9999
2
0.5000 0.4999 0.4999 0.5000
2
0.9999 1.0000 1.0000 0.9999
4
0.0007 0.0007 0.0007 0.0007 0.0007 0.0007 0.0007 0.0007
4
0.6610 0.6141 0.0937 0.4401 0.4825 0.8529 0.6635 0.9158
2
0.5960 0.4554 0.8772 0.9226
4
0.9810 0.9810 0.9810 0.9810 0.9810 0.9810 0.9810 0.9810
2
1.0000 0.9999 1.0000 1.0000
4
0.2161 0.7813 0.9732 0.9393 0.4823 0.6502 0.4426 0.9131
2
0.8906 0.7516 0.8868 0.1369
4
0.0794 0.9519 0.4076 0.9397 0.0985 0.5282 0.8708 0.3637
4
0.3946 0.2844 0.5657 0.2341 0.7632 0.4746 0.2338 0.8774
3
0.7809 0.2243 0.9544 0.3374 0.7169 0.2670
4
0.8358 0.8303 0.8135 0.9934 0.5342 0.7956 0.6468 0.6171
2
0.5970 0.7261 0.0581 0.2379
2
0.2280 0.9209 0.9375 0.7664
4
0.4003 0.3998 0.4004 0.3998 0.4000 0.4001 0.3996 0.3995
4
0.8942 0.9431 0.3195 0.0111 0.0958 0.6656 0.8095 0.5367
3
0.7711 0.7986 0.1946 0.8634 0.5203 0.9161
3
0.1352 0.4712 0.5378 0.3213 0.7861 0.0493
