100
2
0.2500 0.5000 0.5000 0.2500
3
0.0000 0.0000 0.0000 0.0009 0.0013 0.1776
1
1.0000 0.1234
4
0.8646 0.3282 0.7777 0.9074 0.8547 0.1800 0.1194 0.7387
2
0.2130 0.3669 0.0794 0.6136
2
0.5001 0.4999 0.5000 0.5002
2
0.2388 0.6205 0.8681 0.4079
4
0.5000 0.0000 0.5002 0.4997 0.4998 0.4999 0.5001 0.4996
3
0.8892 0.2487 0.8873 0.3439 0.0803 0.8997
2
0.6737 0.3722 0.4670 0.9016
4
0.6000 0.3000 0.2000 0.0000 0.5000 0.7000 0.4000 0.1000
4
0.4668 0.6707 0.2796 0.2125 0.0267 0.5152 0.0872 0.7552
4
0.7248 0.4559 0.8946 0.2566 0.5358 0.5414 0.7309 0.3450
3
0.9149 0.7142 0.6533 0.6014 0.7492 0.4630
2
0.7354 0.3750 0.2252 0.3455
2
0.9941 0.8801 0.8623 0.6731
4
0.4004 0.4005 0.4005 0.3998 0.3996 0.3996 0.4002 0.3996
2
0.1631 0.2177 0.4848 0.0897
2
0.5647 0.8996 0.3959 0.0649
4
0.3996 0.3999 0.4003 0.4001 0.3997 0.4004 0.4000 0.3996
2
0.5311 0.9491 0.4612 0.4101
4
0.4999 0.5000 0.4997 1.0000 0.4998 0.5002 0.4996 0.5001
3
0.5353 0.9066 0.3115 0.8846 0.6752 0.3471
4
0.6586 0.0848 0.7814 0.5906 0.0712 0.5088 0.2441 0.3731
3
0.5330 0.9417 0.4295 0.2519 0.5724 0.2445
2
1.0000 1.0000 0.9999 1.0000
4
0.3160 0.9399 0.1617 0.9906 0.3423 0.0604 0.7816 0.5673
3
0.1679 0.7763 0.5949 0.7969 0.8279 0.5790
2
0.4999 0.5000 0.5000 0.4999
4
0.3652 0.9970 0.2259 0.7589 0.4397 0.1224 0.2487 0.4005
3
0.6741 0.0423 0.8394 0.8373 0.3351 0.6554
2
0.4982 0.3830 0.6332 0.7629
4
0.6883 0.4078 0.0949 0.6679 0.4428 0.1066 0.6250 0.7864
4
0.7277 0.4206 0.8655 0.4894 0.2595 0.5910 0.2429 0.5016
2
0.0003 0.0001 0.0004 0.0002
4
0.5877 0.3468 0.8638 0.0460 0.5914 0.1485 0.6974 0.6350
4
0.6971 0.9978 0.9225 0.3678 0.1788 0.4370 0.5914 0.2732
4
0.9664 0.8373 0.7638 0.7465 0.1820 0.2596 0.3551 0.1859
4
0.9412 0.6179 0.9367 0.3696 0.5752 0.6794 0.8988 0.1368
4
0.0776 0.7369 0.2012 0.6650 0.7048 0.0687 0.7802 0.6335
4
0.1463 0.3928 0.5871 0.6838 0.4564 0.8961 0.9612 0.2926
4
0.4444 0.7778 0.2222 0.1111 0.6667 0.8889 0.3333 0.5556
2
0.0781 0.4829 0.2336 0.9903
4
0.9810 0.9810 0.9810 0.9810 0.9810 0.9810 0.9810 0.9810
4
0.2293 0.1515 0.0438 0.5943 0.2136 0.3309 0.6629 0.0562
2
0.1516 0.8451 0.6643 0.5386
4
1.0000 1.0000 1.0000 0.0000 1.0000 0.0000 0.0000 1.0000
3
0.7744 0.2700 0.4838 0.6417 0.1714 0.1149
3
0.2099 0.8281 0.2190 0.9186 0.7960 0.9385
3
0.0259 0.2590 0.4644 0.6210 0.9448 0.2903
4
0.0601 0.4233 0.9315 0.5063 0.5976 0.6392 0.8226 0.6527
4
0.4996 0.4999 0.4997 0.4999 0.4996 0.4997 0.4998 0.4998
4
0.0767 0.3772 0.9231 0.5739 0.7360 0.7363 0.7549 0.9800
3
0.7321 0.4506 0.8865 0.5102 0.5149 0.3058
4
0.3248 0.6404 0.5305 0.8991 0.4228 0.6426 0.2191 0.2156
3
0.0507 0.3604 0.0651 0.9817 0.6604 0.9725
4
0.2815 0.9725 0.8646 0.4638 0.2493 0.0656 0.5295 0.6265
3
0.2837 0.9971 0.5868 0.1585 0.9211 0.4922
1
1.0000 0.0000
3
0.0367 0.0433 0.5566 0.9238 0.4088 0.7899
4
0.4000 0.4001 0.4003 0.4003 0.3996 0.4000 0.4003 0.3996
4
0.0007 0.0007 0.0007 0.0007 0.0007 0.0007 0.0007 0.0007
4
0.4214 0.6486 0.3835 0.8431 0.9703 0.9490 0.6655 0.0397
2
0.9999 0.9999 1.0000 1.0000
2
0.1771 0.9341 0.7583 0.6200
1
1.0000 1.0000
4
0.1200 0.5728 0.9831 0.0583 0.7862 0.5537 0.6869 0.7999
4
0.3998 0.4003 0.4004 0.3995 0.3997 0.4005 0.4004 0.4004
4
0.9497 0.1316 0.5447 0.2758 0.6048 0.0842 0.2607 0.6720
3
0.2426 0.7488 0.4589 0.7996 0.6968 0.2951
2
0.1153 0.3283 0.3840 0.4299
3
0.7025 0.4536 0.7462 0.5497 0.6577 0.9727
3
0.0416 0.9905 0.3222 0.8149 0.5892 0.8633
4
0.0007 0.9057 0.0194 0.3752 0.1531 0.1502 0.8573 0.0369
3
0.6837 0.5748 0.2817 0.3060 0.2971 0.8118
4
0.3044 0.1058 0.7637 0.0087 0.4153 0.0173 0.6880 0.3157
4
0.5000 0.4998 0.4996 0.5002 0.5001 0.5003 0.4999 0.4997
2
0.0586 0.1796 0.4329 0.7200
2
0.4999 0.5000 0.5000 0.5001
1
0.0000 0.0000
2
0.1264 0.1175 0.5266 0.8123
2
0.3679 0.6095 0.1586 0.1843
3
0.8258 0.9306 0.2399 0.9466 0.9009 0.0965
4
0.3989 0.3989 0.3989 0.3989 0.3989 0.3989 0.3989 0.3989
4
0.5000 0.5000 0.6000 0.4000 0.4000 0.6000 0.6000 0.4000
3
0.9182 0.1449 0.3105 0.5271 0.9593 0.4779
4
0.4004 0.3996 0.4001 0.4002 0.4005 0.3998 0.4000 0.3996
4
0.1431 0.5898 0.8533 0.5179 0.8432 0.0111 0.6465 0.7330
1
0.1234 0.9876
3
0.9495 0.1884 0.9082 0.5883 0.1133 0.5690
4
0.0000 0.0000 1.0000 1.0000 1.0000 0.0000 0.0000 1.0000
2
0.5000 0.5000 1.0000 0.0000
2
0.2751 0.9673 0.5636 0.4038
3
0.7139 0.0911 0.5005 0.0807 0.4704 0.9488
4
0.4405 0.8226 0.1280 0.8397 0.1077 0.8695 0.1305 0.6329
4
0.3245 0.9549 0.8995 0.0043 0.2515 0.0898 0.3213 0.3192
4
0.4419 0.8559 0.5649 0.1546 0.7156 0.5955 0.2370 0.2790
2
0.9997 1.0000 0.9998 0.9999
4
0.0001 0.0001 0.0001 0.0001 0.0001 0.0001 0.0001 0.0001
4
0.6000 1.0000 0.1000 0.7000 0.4000 0.5000 0.2000 0.3000
