20 150
1 2 2921
1 3 4154
1 5 198
1 6 2016
1 9 8083
1 8 3223
1 19 9530
1 16 4944
1 12 884
1 13 7723
1 17 9816
1 10 3775
2 11 8939
2 13 667
2 9 2903
2 4 3448
2 5 1213
2 17 1815
2 14 4111
2 6 3294
2 7 2652
3 4 6372
3 7 9134
3 10 3082
3 17 7334
3 13 4789
3 20 5786
3 2 4091
3 14 2176
3 19 3058
4 18 467
4 16 9421
4 19 8651
4 6 5255
4 9 1029
4 13 1375
4 5 4784
5 8 3905
5 12 7612
5 3 8314
5 10 1053
5 13 8517
5 19 6358
5 9 1526
5 15 8895
6 17 8140
6 16 5312
6 15 1230
6 3 6700
7 15 1502
7 16 6853
7 1 905
7 5 7509
7 6 5650
7 18 237
7 12 6920
7 4 3397
8 13 5029
8 4 1990
8 18 8577
8 16 6187
8 3 7968
8 6 8108
9 14 1787
9 8 2434
9 11 4808
9 17 652
10 4 2276
10 2 4282
10 8 5639
10 7 6572
10 15 7555
11 12 8896
11 14 3796
11 17 9637
11 16 164
11 19 2632
11 15 1827
11 18 2040
11 13 2655
11 4 9182
11 8 5333
11 3 9242
12 3 6689
12 10 4495
12 9 6636
12 2 7011
12 19 2704
12 18 2150
12 14 2543
12 17 718
12 8 4729
12 20 29
13 19 4858
13 6 7121
13 7 7028
13 20 8392
13 14 3877
13 9 220
13 18 7359
13 17 3862
14 8 5224
14 6 651
14 4 3978
14 10 264
15 13 7384
15 12 1062
15 9 894
15 20 8718
15 3 4080
15 16 3592
15 14 2577
15 1 7486
15 2 6686
15 4 6732
16 3 1514
16 10 4277
16 9 61
16 14 2284
16 17 4405
16 13 2636
17 20 3897
17 4 1602
17 8 3249
17 18 8338
17 15 6503
17 5 5383
17 7 9172
17 14 1842
17 10 4587
18 1 9276
18 3 7670
18 10 3409
18 15 1114
19 16 3216
19 15 7460
19 6 2817
19 2 6135
19 7 6310
19 18 9588
20 1 5017
20 4 3042
20 9 1287
20 18 6410
20 11 7189
20 16 6740
20 5 8968
20 2 2332
20 14 6736
20 10 2290
