100 1000
1 2 7024
1 3 4824
1 4 6439
1 5 797
1 21 8459
1 41 9555
1 59 1213
1 76 2156
1 33 9908
1 77 3162
1 29 3776
1 62 4865
1 54 9370
2 45 4847
2 32 7911
2 93 238
2 67 9602
2 24 5511
2 95 2305
2 22 6562
2 54 305
2 43 3143
2 94 3828
2 64 73
2 51 7979
3 6 5622
3 26 325
3 31 6145
3 83 1543
3 4 1722
3 30 3785
3 63 5228
3 10 7469
3 87 1569
4 10 3184
4 13 9510
4 48 5743
4 61 6986
4 89 1003
4 29 92
4 60 6998
4 70 6836
4 57 9237
4 62 993
5 7 6014
5 12 6961
5 15 5137
5 24 6886
5 37 9687
5 66 3348
5 23 2833
5 90 4837
5 13 3022
5 71 5910
5 94 2947
5 26 3467
5 31 9333
5 10 9214
6 9 3438
6 11 5798
6 23 3499
6 38 1715
6 71 6255
6 91 7319
6 99 144
6 4 6554
6 97 9936
6 40 6920
6 93 4413
6 41 2682
6 49 5774
7 8 3002
7 14 9998
7 27 1564
7 40 8761
7 4 1247
7 96 8862
7 18 9325
7 23 9659
7 47 1121
7 46 3432
7 20 9060
7 2 6812
7 51 2834
7 31 9239
7 63 4887
8 18 2699
8 90 1267
8 99 4123
8 36 2089
8 46 2434
8 27 8494
8 67 2164
8 63 5527
8 56 5054
8 73 4788
8 11 7088
8 64 1989
8 21 2561
9 42 4033
9 44 78
9 73 2505
9 98 680
9 11 6749
9 23 7338
9 57 5422
9 37 7508
9 77 4687
9 91 6119
9 97 2523
9 94 2379
9 74 9329
9 50 2340
10 48 5390
10 58 8995
10 65 6286
10 90 5062
10 59 5653
10 2 3850
10 7 240
10 97 3596
10 88 3858
11 51 9797
11 93 8278
11 55 1227
11 41 1610
11 23 3790
11 74 7147
11 70 3255
11 77 305
11 2 6288
12 16 2327
12 20 796
12 52 5051
12 75 6668
12 88 7249
12 72 8116
12 76 5302
12 13 1140
12 9 4890
12 47 4300
12 56 5454
13 17 3555
13 49 4293
13 88 5925
13 44 6693
13 22 5610
13 60 210
13 56 4743
13 8 7441
13 53 6605
13 80 2663
13 25 9745
13 35 6102
13 99 2204
13 54 2451
14 19 1508
14 50 6697
14 64 5969
14 94 3866
14 97 4736
14 80 3735
14 30 2420
14 26 513
14 9 4172
14 47 1555
14 11 981
14 45 9875
15 87 9300
15 9 2870
15 88 4642
15 86 3666
15 91 9125
15 13 6840
15 99 389
16 22 1776
16 43 5275
16 79 9088
16 66 6314
16 17 8106
16 60 2839
16 44 6933
16 57 9652
16 68 7385
16 40 6561
16 34 568
16 7 5572
16 59 9889
17 25 521
17 56 8122
17 34 2408
17 27 6642
17 35 6532
17 15 7261
17 40 9092
17 41 7752
17 10 3250
17 33 508
17 77 4710
17 86 8822
17 4 6949
18 5 44
18 37 8331
18 47 7935
18 48 3119
18 77 8314
18 92 9423
18 58 110
18 61 9672
19 28 1179
19 30 4136
19 57 2997
19 1 757
19 82 9087
19 4 3171
19 76 5830
19 78 9402
20 32 4930
20 37 6791
20 46 6630
20 66 3357
20 41 6998
20 15 4300
20 64 2148
20 45 7972
20 68 6497
21 34 7581
21 22 4250
21 70 2113
21 68 2251
21 35 3781
21 94 8438
21 60 4329
21 57 3291
22 89 2068
22 79 173
22 76 700
22 11 5098
22 98 3531
22 1 6113
22 93 3555
22 84 6427
22 66 2783
23 29 323
23 30 6989
23 77 2581
23 2 1696
23 83 9780
23 75 3163
23 31 7950
23 56 7202
23 72 5440
23 90 3076
23 52 7287
23 82 8805
24 84 8264
24 48 6052
24 88 3803
24 59 9007
24 1 1165
24 30 5436
24 43 8929
24 18 3139
24 89 2627
24 67 3061
25 36 6762
25 70 5569
25 1 5066
25 29 2396
25 27 5693
25 30 7692
25 18 3896
25 87 6359
25 56 9386
25 99 5280
25 52 3717
25 5 2392
25 50 3735
25 86 9747
25 45 8879
25 12 4837
25 4 7930
25 43 8726
26 61 8803
26 13 7635
26 66 8042
26 24 1313
26 89 6803
27 33 7662
27 46 1042
27 59 4502
27 30 170
27 19 7144
27 79 1582
27 12 2562
27 58 1177
27 90 8357
28 86 912
28 73 8029
28 94 1538
28 16 1235
28 90 1159
28 32 1324
28 58 4369
28 49 3437
28 1 9625
29 72 9673
29 83 5873
29 95 6538
29 90 9470
29 89 8890
29 32 4931
29 96 5675
29 14 1738
29 50 4472
29 86 1971
29 92 5794
29 40 3527
30 39 3004
30 18 1203
30 75 2859
30 22 66
30 70 3036
30 82 9000
30 77 9992
30 60 3862
31 81 5081
31 91 1503
31 58 2980
31 43 3375
31 17 6453
31 10 2083
32 35 4185
32 48 7048
32 94 8207
32 59 9574
32 12 7167
32 96 4115
32 15 925
32 95 9788
33 68 9153
33 43 7427
33 98 6640
33 37 7572
33 5 2253
33 76 6462
33 51 9347
33 67 5131
33 36 9767
33 42 570
34 63 3100
34 97 8300
34 20 4284
34 24 5749
34 31 5855
34 51 8492
34 41 6717
34 92 101
34 67 9023
34 33 6022
34 69 1224
34 6 5779
34 79 4173
34 46 7394
34 55 5133
34 39 641
34 95 9242
35 47 351
35 80 9548
35 27 3714
35 58 2844
35 22 3356
35 96 6170
35 54 3597
35 37 1794
35 30 6233
35 5 7481
35 34 5524
35 11 7470
35 3 7489
36 14 3726
36 68 3053
36 46 4850
36 15 7650
36 1 5700
36 60 4318
37 54 2499
37 99 8651
37 83 219
37 10 5701
37 16 4492
37 87 3901
38 78 6235
38 11 4828
38 43 3671
38 99 766
38 29 3822
38 9 5131
38 23 1653
38 76 1557
38 16 913
38 63 4787
39 56 7670
39 38 4423
39 33 6522
39 7 8820
39 28 6231
39 42 8844
39 86 2440
39 37 3592
39 43 2867
40 97 9061
40 33 6436
40 53 7102
40 11 3334
40 55 4807
40 19 8108
40 35 5922
41 100 1956
41 53 9958
41 18 7031
41 15 2531
41 52 4718
41 90 5422
41 79 3010
41 21 7716
41 16 5536
41 84 4462
41 36 1296
41 7 9090
41 12 3328
42 83 5429
42 66 7273
42 60 2739
42 88 9837
42 44 3492
42 50 4528
42 28 9065
42 72 2184
42 47 1127
42 38 392
42 70 2738
43 70 1811
43 61 3653
43 13 8834
44 69 7939
44 27 5221
44 89 6325
44 56 5480
44 33 4629
44 31 1533
44 19 174
44 66 9127
44 61 2044
44 53 3598
45 50 1825
45 93 6381
45 13 6
45 15 350
45 70 5193
45 99 983
45 97 4954
45 18 8151
45 49 903
45 5 5118
46 69 5013
46 42 3087
46 23 6683
46 3 5292
46 70 1545
46 14 1467
46 55 3120
46 1 7150
46 63 6502
46 2 3993
46 84 3840
46 47 3045
46 58 8961
46 81 6478
46 59 3847
47 70 2588
47 30 4889
47 32 629
47 37 8586
47 40 2761
47 64 4412
47 95 8751
47 3 6480
47 22 4287
47 56 4134
47 55 1931
47 76 2265
47 87 8934
47 21 6199
48 53 1612
48 87 3770
48 92 6137
48 62 2885
49 95 8022
49 43 7404
49 71 6269
49 91 3797
49 23 6236
49 5 2386
49 63 4039
49 41 3032
49 58 7111
50 61 8053
50 80 4899
50 13 7303
50 92 2035
50 64 6964
50 48 8674
50 2 622
50 53 7686
50 8 6992
50 67 2725
50 49 9084
50 41 8427
51 55 417
51 64 7410
51 67 357
51 44 9105
51 12 3186
51 13 3206
51 10 923
51 35 8842
51 71 5405
51 80 2432
51 76 8272
51 88 948
51 40 8993
51 26 9692
51 74 7572
52 22 9177
52 57 8327
52 40 401
52 62 8325
52 64 4380
52 29 9044
52 27 7554
52 44 5680
52 94 1852
52 24 2493
52 5 7835
52 97 3085
52 99 9862
53 60 5058
53 35 4831
53 4 1129
53 9 8312
53 20 1655
53 49 9121
53 46 3618
53 81 6449
53 2 6347
54 58 6459
54 24 2386
54 16 1960
54 45 2482
54 50 5997
54 63 813
54 6 7454
54 5 4950
54 91 7850
54 72 876
54 9 8401
54 70 5476
54 51 8178
54 14 7533
55 1 3686
55 39 5525
55 28 9543
55 15 153
55 42 2914
55 48 5330
55 57 5830
55 62 8759
55 14 1899
55 2 5071
55 71 9303
55 45 8738
55 19 2212
56 94 5497
56 50 1445
56 30 8905
56 42 8332
56 91 4738
56 70 8918
56 21 503
56 63 5593
56 58 3054
57 12 9559
57 91 1689
57 54 6121
57 27 6608
57 36 3635
57 80 1285
57 26 2064
57 23 9247
57 49 3437
57 94 3555
57 88 979
58 59 3858
58 70 7200
58 76 4618
58 69 4571
58 61 5880
58 65 9390
58 72 5604
59 62 5178
59 14 5414
59 45 8340
59 9 7817
59 61 4743
59 99 5795
59 100 3762
59 69 8312
59 96 5613
59 66 5048
59 17 6382
60 14 8459
60 88 9673
60 74 2875
61 70 8873
61 85 3316
61 1 7767
61 14 6042
62 23 1699
62 98 9394
62 61 1520
62 73 9823
62 32 6048
62 38 2971
62 54 412
62 79 6279
62 46 8843
62 45 2199
62 5 4109
63 77 9399
63 96 6408
63 90 3458
63 18 296
63 21 2458
63 47 5635
64 62 2390
64 87 7882
64 27 4393
64 23 7521
64 95 3793
64 22 6178
64 58 8957
64 53 9929
64 76 4610
64 77 7381
64 15 7981
65 84 3280
65 92 1175
65 93 7487
65 21 3005
65 6 2338
65 43 9350
65 56 2937
65 90 9384
65 81 9085
65 44 5648
66 87 3151
66 80 6385
66 93 2512
66 6 8691
66 34 3126
67 28 4079
67 1 8805
67 56 4897
67 78 2950
67 22 4699
67 45 8718
67 91 5706
67 19 441
67 39 6930
67 53 9374
67 47 8830
67 68 3380
67 49 932
67 97 7913
68 83 2429
68 29 1542
68 54 5235
68 91 1280
68 31 4127
68 74 4126
69 74 7371
69 8 1154
69 29 8408
69 71 8487
69 99 901
69 13 3852
69 92 3846
69 51 7062
69 14 4137
70 79 2480
70 13 5704
70 83 8389
70 77 9937
70 99 1289
71 89 6341
71 35 1228
71 12 64
71 22 9016
71 33 7661
71 85 7154
71 26 1822
71 61 1648
71 73 421
72 86 6154
72 41 7244
72 45 8901
72 24 2756
72 46 3684
72 20 4872
72 69 5671
72 61 7101
72 56 1353
73 24 1679
73 53 267
73 64 4824
73 52 8667
73 14 2837
73 34 2455
74 2 7689
74 54 6794
74 5 6782
74 4 6771
74 52 6396
74 20 9730
74 94 5517
74 89 5684
74 26 300
74 27 751
74 92 998
74 66 6357
75 85 7987
75 25 244
75 31 6286
75 90 8131
75 60 8650
75 35 3993
75 28 1929
75 91 5861
75 83 1903
75 82 9710
75 86 5370
75 15 3095
76 10 1846
76 92 4083
76 34 5178
76 89 2805
76 98 3626
76 41 7236
76 99 8892
76 16 8025
76 74 5254
76 85 2099
76 50 6691
76 70 7642
77 56 5392
77 24 6769
77 98 9502
77 52 1643
77 33 4195
77 46 7690
77 43 6682
77 39 1750
77 90 4138
77 28 613
77 76 9272
78 44 3955
78 9 877
78 66 2564
78 51 7824
78 21 5087
78 48 9888
78 84 3042
78 62 862
78 85 280
78 1 6813
78 61 712
79 99 7989
79 67 3113
79 4 377
79 29 233
79 30 8193
79 18 4349
79 36 7263
79 83 8678
80 70 4005
80 64 6127
80 3 7231
80 62 2876
80 60 890
81 82 4634
81 23 1367
81 89 4786
81 49 8359
81 41 1368
81 79 9000
81 19 8751
81 30 6795
81 44 9473
81 64 9105
81 47 7798
81 9 2824
82 72 8374
82 39 5140
82 62 861
82 96 6648
82 74 5734
82 67 2217
82 46 747
82 31 1894
82 80 6122
82 83 7759
82 25 890
82 10 6689
83 34 3992
83 84 5903
83 40 4421
83 81 4812
83 80 4940
83 65 3443
83 56 9917
83 17 9956
83 14 8092
83 18 1536
83 66 1722
83 9 1741
83 38 3644
83 36 8830
84 59 6335
84 81 3120
84 72 7113
84 52 9518
84 82 22
84 23 3545
84 29 3773
85 46 2294
85 5 9185
85 10 7462
85 19 9090
85 90 7543
85 45 751
85 38 3846
86 7 3824
86 68 2808
86 91 3900
86 6 8277
86 60 2195
86 19 2132
86 54 9755
86 47 8868
86 64 2887
86 82 3325
86 18 3445
86 73 6716
86 89 748
87 90 3443
87 27 4084
87 89 840
87 11 2112
87 75 4028
87 95 8785
87 99 3498
88 89 8891
88 36 2623
88 50 4206
88 59 1295
88 98 5516
88 20 9543
88 72 1896
88 3 4856
88 5 6481
88 91 2008
88 67 5893
89 32 1633
89 55 4018
89 18 7263
89 31 6522
89 13 9736
89 8 4278
89 73 525
89 25 9094
89 47 5397
89 93 3006
89 40 6733
90 49 6959
90 84 5436
90 71 8742
90 66 1147
90 67 5311
90 14 5554
90 81 7837
90 94 41
90 26 555
90 53 8342
90 93 8325
91 100 8518
91 35 8013
91 90 4474
91 99 5650
91 93 1918
91 4 5981
91 34 9180
91 47 165
91 71 8715
91 70 1788
91 44 1618
91 27 182
91 53 7629
92 6 7277
92 30 4851
92 25 7995
92 31 4695
92 49 9153
92 84 7601
92 72 9118
92 21 6765
92 1 9877
92 54 5459
92 9 8091
93 10 1415
93 59 9374
93 56 1240
93 77 3177
93 44 1099
93 79 5787
93 74 8849
93 73 7855
93 58 9747
93 81 716
93 70 127
93 54 1091
93 23 756
94 60 6041
94 81 4457
94 99 7830
94 59 9158
95 19 2186
95 40 3122
95 11 5189
95 37 6174
95 48 7787
95 78 9454
95 45 2165
95 16 7862
95 12 4890
95 31 421
95 28 1082
96 31 1415
96 56 1730
96 40 9564
96 50 740
96 15 3709
96 72 1561
96 47 9069
96 10 4564
96 14 533
96 30 9534
96 64 3056
96 19 1391
96 48 5706
96 90 7916
97 26 311
97 57 5152
97 49 6455
97 44 9146
97 41 2883
97 15 9027
97 86 4682
97 12 4916
97 79 6031
98 32 9110
98 24 8918
98 47 4480
98 37 6472
98 18 3720
98 14 3969
98 83 6707
99 9 3088
99 18 1569
99 86 1615
99 43 2603
100 62 2885
100 37 2011
100 11 4432
100 69 7748
100 96 4629
100 90 4977
100 98 2494
100 60 7812
100 5 4592
