100 193
1 2 8801
1 4 2227
2 3 6911
2 5 5847
3 4 3053
3 6 6874
4 5 823
4 7 9517
5 6 5658
5 8 1193
6 7 4585
6 9 2668
7 8 9656
7 10 2267
8 9 6909
8 11 9335
9 10 1260
9 12 6219
10 11 83
10 13 9077
11 12 6030
11 14 2559
12 13 6635
12 15 2011
13 14 969
13 16 8358
14 15 3113
14 17 9215
15 16 9084
15 18 6695
16 17 4648
16 19 1048
17 18 4355
17 20 8513
18 19 8031
18 21 8658
19 20 5610
19 22 3082
20 21 3267
20 23 9620
21 22 399
21 24 8691
22 23 2270
22 25 7873
23 24 271
23 26 9480
24 25 7669
24 27 8457
25 26 2561
25 28 1452
26 27 7559
26 29 9892
27 28 510
27 30 8261
28 29 370
28 31 1179
29 30 9693
29 32 409
30 31 1977
30 33 7690
31 32 5901
31 34 3058
32 33 4430
32 35 352
33 34 866
33 36 7510
34 35 4870
34 37 6605
35 36 4788
35 38 3121
36 37 9899
36 39 403
37 38 3824
37 40 1668
38 39 8806
38 41 2398
39 40 5491
39 42 5552
40 41 7258
40 43 1657
41 42 5848
41 44 7433
42 43 2098
42 45 7277
43 44 4569
43 46 1373
44 45 7348
44 47 1065
45 46 4596
45 48 3789
46 47 6381
46 49 9253
47 48 2845
47 50 3304
48 49 7194
48 51 3697
49 50 7859
49 52 4095
50 51 3604
50 53 8464
51 52 9624
51 54 6127
52 53 8927
52 55 9180
53 54 9014
53 56 6478
54 55 5645
54 57 6769
55 56 8752
55 58 4465
56 57 2295
56 59 5430
57 58 6624
57 60 7731
58 59 725
58 61 5270
59 60 7454
59 62 1821
60 61 5780
60 63 6573
61 62 1376
61 64 9471
62 63 3725
62 65 6444
63 64 371
63 66 389
64 65 5440
64 67 2436
65 66 131
65 68 9499
66 67 3489
66 69 391
67 68 1692
67 70 5151
68 69 8417
68 71 8645
69 70 1811
69 72 5183
70 71 2523
70 73 8076
71 72 4535
71 74 1675
72 73 6492
72 75 1273
73 74 8747
73 76 2314
74 75 3621
74 77 4585
75 76 3845
75 78 2364
76 77 5447
76 79 6902
77 78 8173
77 80 3472
78 79 9185
78 81 5016
79 80 2515
79 82 5743
80 81 1653
80 83 1639
81 82 5428
81 84 8757
82 83 988
82 85 7710
83 84 5664
83 86 7765
84 85 7201
84 87 4051
85 86 2557
85 88 9086
86 87 1291
86 89 6477
87 88 8695
87 90 8754
88 89 6479
88 91 2075
89 90 5019
89 92 1438
90 91 2758
90 93 1128
91 92 691
91 94 2454
92 93 1859
92 95 4314
93 94 6633
93 96 803
94 95 4464
94 97 6876
95 96 3809
95 98 3459
96 97 7234
97 98 8970
99 100 3211
