100
333206265 357
2000000000 970
1146848598 201
1999999958 973
1193625489 78
235727184 431
665898303 942
1999999948 964
1616058528 364
1962581397 114
766119270 696
144452385 434
1907982531 181
969408699 814
1999999986 917
1561505064 863
1229192034 96
2000000000 917
1808612358 990
60726162 965
1562077524 442
1751745366 97
1264327260 75
47337507 737
153439020 59
481197045 880
1842710247 25
1076075763 156
1999999951 930
0 0
2000000000 928
600590487 22
2000000000 913
1970052 969
1999999962 922
229598901 647
531020805 486
2000000000 933
1333608738 220
624024828 871
1004644599 1000
219527553 200
1690825752 479
229924611 261
1160750493 772
2000000000 959
1999999953 911
858373173 982
1761825597 944
422809086 278
1805341440 586
230516811 876
1999999988 998
1711472805 315
1320178629 833
156290463 484
2000000000 1000
1228084620 651
414982176 251
962884629 28
1906409253 373
1942820670 993
689384955 178
359987523 273
222150012 6
434100366 734
874557012 176
1999999907 994
845066439 788
2000000000 0
1193505075 146
1563335949 709
1690939257 370
1528284618 958
1186146990 862
240779637 702
1973502552 47
1898176686 323
1244324718 690
1920334836 894
257736297 426
502569543 65
1485412299 745
1687164969 955
2000000000 905
506407986 432
1110598062 11
841892247 661
882398727 473
731582166 130
987640563 959
1078724871 935
724360287 287
1756058556 806
1616573742 943
1001203917 670
1931098071 197
1164187227 828
2000000000 905
1999999924 922
