148 8
8 24
43 21
177 2
39 3
113 16
154 22
44 7
159 7
638 3
41 6
137 1
112 10
46 9
98 17
159 6
51 4
5 24
97 9
121 8
185 23
50 23
149 7
567 5
41 14
72 16
135 12
112 5
22 23
929 4
162 21
66 19
38 12
13 1
253 3
162 25
37 3
17 2
411 5
122 18
24 8
148 1
83 2
19 6
778 8
61 23
90 23
33 10
67 14
65 15
134 12
82 12
146 1
68 4
55 8
126 16
164 8
44 19
805 6
23 19
142 12
187 15
186 24
108 2
140 18
870 1
75 19
390 6
159 2
170 19
34 18
100 2
192 6
138 16
606 3
178 18
183 5
177 2
450 7
165 17
139 25
119 17
198 10
141 6
162 7
183 21
807 9
65 14
194 7
121 18
44 20
84 8
63 12
53 20
161 3
189 22
662 9
196 18
157 12
161 5
167 13
54 9
115 15
56 6
178 11
8 9
0 0
