100
8 3 1
8 4 2
4 1 8
72137284 16112525 91351141
155546 123001 56937611
78548986 44806245 20024652
4 2 5
61256952 31789482 70629381
4 1 1
4 4 3
100000000 92691155 31607842
4 4 4
100000000 36993298 90047411
354350 102285 52560525
48264994 9696461 93614068
25703518 18230088 41879006
317294 85971 94029334
99999998 99999998 99999998
100000000 76986614 47920241
648516 98181 94465004
42510248 13756619 3990037
100000000 100000000 1
83573856 67662124 60231892
100000000 38205179 56757804
4 2 4
74192724 72838777 33647798
100000000 99999999 99999999
67705670 46546803 35020010
79390892 30579268 45682680
87976550 9613748 91876616
73416398 62083581 54305546
4 2 1
100000000 100000000 99999999
99999998 99999998 100000000
100000000 59108056 85956578
1071096 546169 73877792
105978 76148 96744595
53527002 39331786 9060410
100000000 2 100000000
94323000 25149475 97552771
182450 144898 20486817
67407716 51298813 36466065
100000000 21038100 13985420
100000000 1 100000000
99999998 2 99999997
99999998 1 99999998
99999998 1 100000000
24965346 6481547 57666705
4 4 100000000
99999998 99999998 99999999
45749496 28384434 15173618
100000000 40661926 20691207
100000000 5888775 83836892
78555526 16049521 22679141
100000000 100000000 100000000
100000000 86487926 45991428
99999998 1 99999997
78080528 45648894 21473092
99999998 2 1
100000000 16342621 61210870
51798304 10233267 8242678
100000000 24925196 44642185
67434256 40571959 24916501
75046484 43533449 54134906
99999998 2 100000000
21165902 17361969 27222348
4 2 3
100000000 1 99999999
100000000 57022122 59435808
95932864 80810487 55524887
4 1 4
100000000 1 1
100000000 2 99999999
4 1 5
99999998 2 99999998
8391252 1669794 12528731
99999998 1 1
15162982 4373674 80395171
4 2 100000000
4 4 1
100000000 99999999 100000000
4 1 3
100000000 99999999 1
4 1 100000000
99999998 1 99999999
85390744 20589565 94076383
100000000 55858195 47620825
100000000 32813382 43466736
4 4 5
30270414 16778455 21447002
42755710 30172465 43630114
82377662 45058540 22530675
100000000 40465309 94374633
100000000 2 1
3865706 982907 7605474
99999998 99999998 99999997
44426120 24130021 76903817
48965024 12039690 45592726
99999998 2 99999999
99999998 99999998 1
