100
8 3 1
8 4 2
4 1 8
10 9 6
4 2 9
8 2 10
8 8 7
4 4 3
6 6 1
4 4 6
4 2 5
4 4 1
4 1 1
6 2 2
6 1 10
8 8 1
10 5 3
8 7 4
4 3 4
6 6 5
10 1 9
10 10 10
10 3 8
10 1 1
4 1 5
8 5 4
6 6 3
8 1 1
6 1 5
6 2 1
4 2 1
10 6 6
6 6 10
6 6 4
4 3 3
4 3 5
4 3 10
8 7 6
10 6 3
10 10 8
6 4 8
4 2 6
4 2 4
6 1 1
4 3 8
8 2 1
4 2 3
8 5 6
10 10 9
6 5 5
10 6 9
8 6 1
10 1 7
10 10 1
6 6 2
10 1 8
10 4 5
4 3 2
6 4 10
6 1 6
8 6 4
6 1 3
6 4 3
6 4 2
8 5 3
6 2 5
10 8 5
8 5 8
8 8 9
10 10 7
6 2 10
4 4 4
8 1 8
6 1 2
8 8 4
4 4 10
10 2 10
6 3 6
6 4 5
10 3 10
10 3 3
4 2 2
6 6 7
10 3 5
10 9 7
4 1 3
6 6 6
8 1 7
4 1 4
6 1 4
10 10 2
4 4 2
6 1 7
4 2 10
4 3 1
8 8 8
4 1 2
8 1 9
4 1 10
4 4 5
