2 100 5
852 490 348 94 322 342 60 294 994 651 106 329 656 723 793 334 492 250 71 95 733 226 498 315 272 558 955 793 974 909 172 289 173 275 994 451 920 363 571 782 606 673 106 960 1000 615 433 285 468 20 721 804 219 628 799 508 119 454 481 169 139 177 456 905 323 399 321 276 978 628 73 955 4 185 1 159 390 947 899 621 733 967 623 491 295 760 832 863 248 97 743 959 676 232 944 87 913 80 23 756
742 281 582 339 104 957 442 236 400 688 85 72 118 762 115 924 172 163 897 87 28 352 966 172 349 266 776 806 800 874 257 715 925 229 240 126 107 156 95 829 943 11 269 261 100 15 690 971 649 472 74 506 370 506 301 902 155 69 384 66 529 745 26 716 90 458 324 106 933 583 304 541 417 642 14 16 645 124 149 780 389 334 257 595 892 348 858 924 357 78 170 199 961 663 763 217 85 748 232 518
2 1 1 1 2 0 0 0 2 2 1 2 0 2 1 1 0 1 1 2 1 0 2 1 1 1 0 2 0 0 1 1 2 1 2 1 2 1 0 2 0 1 1 2 0 0 0 2 2 0 1 1 1 0 1 1 2 2 1 1 2 0 2 2 0 2 1 1 1 2 1 0 0 2 0 2 2 2 0 2 1 1 1 2 2 0 0 1 1 0 1 1 0 1 0 1 1 2 0 0
2 2 0 2 0 0 1 0 1 0 1 2 1 1 1 1 0 2 2 1 1 0 2 2 0 2 1 1 1 0 0 2 0 0 1 2 1 1 1 2 0 0 2 0 2 0 0 2 1 0 2 2 1 1 2 0 0 1 2 1 1 1 2 0 0 2 2 2 1 1 1 0 0 0 0 2 0 1 1 2 2 2 0 2 0 1 2 2 2 2 2 2 1 1 0 2 2 1 1 1
41 17 20 44 38 16 28 28 35 48 16 45 11 31 40 38 33 27 36 50 8 42 6 37 39 36 26 45 11 2 50 46 19 5 6 30 28 4 25 17 6 8 4 11 30 1 34 5 5 7 24 39 36 1 1 16 26 13 31 25 24 22 0 4 41 20 32 30 11 49 44 47 2 31 10 11 31 47 43 3 38 8 3 19 39 28 9 45 22 24 2 18 26 35 11 35 35 6 20 15
48 45 5 48 9 17 5 1 11 5 10 0 36 16 45 23 37 29 30 0 7 18 49 12 18 3 24 47 37 26 23 0 37 7 33 35 50 15 7 48 0 16 1 34 22 44 48 29 7 21 14 22 10 48 11 41 23 4 19 33 3 4 20 33 40 26 23 18 1 48 22 15 47 38 10 42 11 13 32 42 50 10 24 22 38 3 14 20 49 8 46 26 24 17 49 1 10 15 45 38
1 5
2 24
2 99
2 30
1 41
