100 100 5
70 363 211 105 273 478 226 410 340 434 130 747 42 238 431 607 804 481 570 43 298 274 566 302 116 317 467 66 656 898 62 953 850 42 949 338 194 669 891 376 660 768 305 410 198 231 91 528 22 625 599 202 711 836 445 201 212 483 949 766 926 589 474 3 249 633 447 533 821 714 110 38 83 742 576 451 409 668 1 80 654 444 986 930 701 412 106 324 867 179 71 12 939 533 871 522 471 577 251 404
76 579 643 995 672 759 103 703 598 388 24 155 470 747 940 214 722 121 806 279 650 169 456 150 84 234 345 167 548 902 64 151 21 531 422 77 959 337 445 348 218 926 692 164 127 384 107 500 153 859 515 876 467 853 317 791 276 819 834 374 743 844 957 450 24 787 675 406 866 702 470 11 2 172 279 580 267 43 576 142 208 586 461 727 557 586 457 647 135 964 345 220 904 569 749 522 831 958 32 169
50 372 871 17 177 837 161 970 445 164 107 22 360 217 891 955 704 490 508 696 246 456 51 940 604 622 561 153 613 268 900 807 954 431 133 624 612 631 61 391 160 446 929 361 401 384 427 481 467 712 609 100 176 663 262 103 574 25 159 634 825 496 375 107 241 528 629 934 25 446 927 46 943 809 729 599 293 149 579 680 897 663 526 515 408 767 671 420 237 528 27 370 299 177 867 342 827 245 329 981
463 449 234 358 832 851 99 974 308 392 398 906 362 84 505 158 756 134 634 95 468 81 326 692 549 327 980 258 111 342 339 951 746 202 557 471 681 268 438 439 531 468 437 365 935 826 832 29 159 514 168 141 305 477 254 796 225 241 809 663 201 529 834 241 601 563 512 558 750 449 193 520 152 756 420 762 621 495 766 604 455 831 657 90 493 120 442 878 232 567 618 260 42 62 122 274 672 595 160 432
413 676 575 844 299 258 989 522 843 716 626 248 711 159 664 716 123 306 92 654 378 236 532 199 656 576 371 450 456 854 902 744 342 924 403 492 733 205 620 938 510 585 804 630 520 207 357 834 7 883 233 922 346 505 807 648 994 695 562 324 197 318 861 478 701 646 44 526 905 247 418 943 879 544 555 119 592 186 593 70 566 257 540 241 997 574 750 170 162 526 839 455 179 111 634 512 921 112 924 733
695 945 323 537 745 113 593 650 628 368 996 74 83 627 599 181 262 160 164 674 524 738 477 452 509 762 588 663 489 77 281 972 799 440 715 388 451 9 484 46 143 861 667 45 455 412 520 119 387 266 876 264 75 920 445 602 707 873 128 936 834 115 667 912 895 687 504 676 131 890 242 832 114 863 256 563 225 488 210 334 858 534 817 529 760 921 800 542 945 734 571 477 648 474 9 49 196 87 120 441
878 655 317 490 561 293 709 292 526 48 667 277 849 551 68 152 875 764 940 847 245 205 16 921 706 579 390 522 540 254 432 163 367 473 719 792 622 137 547 325 895 957 488 792 742 879 602 934 293 4 280 161 207 832 354 657 245 677 358 35 171 225 388 456 158 746 535 639 396 359 291 497 232 170 604 651 181 587 896 674 312 350 79 871 703 758 179 45 468 709 304 372 66 415 199 442 404 272 564 873
464 524 364 473 263 804 615 403 949 753 748 345 865 539 70 405 493 234 841 482 195 638 287 581 437 647 35 702 435 961 764 393 423 586 530 397 839 339 164 264 743 547 759 992 663 177 172 570 941 6 935 451 572 605 431 139 24 852 633 21 385 412 184 883 291 661 514 238 142 564 808 916 585 940 742 835 792 33 558 491 466 34 925 251 460 284 697 854 654 183 275 889 599 408 833 840 666 205 124 680
960 789 739 316 13 951 697 465 247 661 828 274 367 590 496 408 354 545 346 798 697 317 808 362 623 15 761 439 961 843 839 475 461 960 459 56 863 512 612 213 840 901 601 10 805 224 189 195 602 294 329 662 371 940 697 875 87 87 664 698 88 628 765 957 272 626 568 382 285 297 815 759 300 986 166 985 720 158 996 525 181 7 830 159 461 826 896 60 879 417 735 726 906 175 70 841 638 618 937 709
126 58 501 568 408 1 469 147 60 156 160 767 847 319 475 402 885 360 779 579 227 293 297 832 466 487 281 396 967 599 364 790 157 252 771 38 655 545 997 902 20 833 732 478 104 984 223 506 165 701 862 153 35 809 316 466 977 972 150 890 975 298 161 179 29 405 521 49 464 630 705 249 421 319 486 126 63 337 137 519 24 127 208 59 880 598 231 83 224 324 330 581 670 164 247 868 59 427 155 195
186 302 429 557 186 96 246 489 650 707 36 225 787 758 202 618 784 268 598 986 125 829 855 471 370 48 274 183 576 862 367 948 534 815 539 9 82 456 721 572 879 569 801 226 820 29 150 956 912 281 403 425 951 450 939 25 979 680 342 317 498 412 343 343 899 69 352 599 534 754 969 192 800 551 535 874 165 918 969 249 878 861 140 521 395 196 928 720 207 363 770 229 599 334 598 936 645 660 226 547
414 138 629 920 371 75 328 381 899 62 170 804 483 366 339 205 44 714 226 567 130 700 156 108 603 188 483 69 156 178 587 89 349 609 492 425 98 654 307 571 583 120 343 638 368 366 961 314 355 714 1 921 284 950 820 892 839 236 872 829 578 590 77 953 271 893 49 928 103 294 75 450 639 93 252 817 421 477 522 548 626 734 185 459 909 469 61 640 887 893 381 526 623 191 400 140 762 100 229 809
722 937 309 248 868 175 186 748 433 911 132 553 130 887 748 604 524 104 409 275 743 191 908 463 38 168 241 643 255 406 287 916 620 192 770 190 335 681 869 479 938 652 740 820 537 24 412 122 733 275 18 998 287 360 449 212 924 515 863 324 421 943 51 755 179 925 244 546 433 485 39 658 619 386 485 895 31 105 714 246 197 369 822 75 508 751 628 172 422 275 401 139 687 891 814 272 411 580 510 795
382 570 183 897 735 453 903 889 857 761 212 947 990 110 510 726 613 639 868 402 95 570 963 221 275 718 132 746 654 523 67 237 446 815 152 759 249 716 643 409 983 37 438 714 74 879 953 885 945 296 742 504 564 863 833 541 831 565 674 992 472 486 871 631 978 508 387 845 376 712 150 113 695 913 847 675 258 500 610 249 731 321 753 454 251 421 305 930 476 379 647 787 966 725 301 341 955 716 133 325
654 675 748 764 751 539 712 640 193 779 226 181 833 826 579 631 318 259 492 253 477 116 484 26 42 180 552 114 446 971 322 797 130 206 568 858 962 441 243 678 368 264 291 853 26 392 926 720 266 93 31 345 105 829 24 301 685 9 946 537 201 539 141 891 804 16 817 428 286 899 450 622 228 306 245 72 127 642 286 416 130 927 845 777 986 817 977 129 883 707 923 766 368 459 789 439 334 498 187 739
549 196 375 381 629 456 838 608 971 679 508 381 774 599 790 796 853 576 548 292 434 308 788 87 156 310 897 56 564 666 466 453 770 780 581 608 587 975 520 174 634 992 553 322 423 660 317 755 229 439 757 816 562 372 283 817 645 456 94 436 239 250 759 853 428 930 546 807 517 232 631 704 505 576 747 122 868 486 798 222 254 810 691 302 321 715 974 804 640 751 848 709 546 431 796 110 55 431 736 757
144 95 325 75 742 863 38 481 838 311 647 829 483 162 758 574 504 950 534 443 585 419 104 540 98 100 487 227 622 37 429 434 398 853 729 12 987 773 285 729 439 248 641 390 944 567 27 128 639 100 757 94 109 356 539 980 528 223 561 1000 29 641 209 552 735 277 176 522 667 634 558 893 544 386 233 697 292 995 159 736 300 464 37 59 182 232 988 747 385 582 835 804 315 799 174 438 35 954 371 129
93 531 518 2 428 740 33 520 178 931 922 408 800 302 440 486 991 532 221 235 122 294 206 330 424 152 875 202 242 29 801 521 461 162 293 970 868 150 35 67 768 213 944 399 277 417 41 814 335 114 48 609 922 614 294 880 118 121 182 889 230 453 455 526 151 265 142 663 960 766 900 618 818 137 240 761 239 853 953 865 694 666 133 654 812 584 798 167 122 984 53 35 130 852 289 702 871 275 574 296
16 689 905 146 912 86 73 135 2 859 967 680 484 385 573 750 881 714 470 15 189 886 850 426 622 959 202 860 853 351 615 211 161 938 31 186 333 701 555 965 300 663 362 226 765 385 677 513 907 408 80 129 860 671 357 724 449 319 369 141 241 595 759 640 760 185 678 279 648 840 722 450 232 653 164 188 791 908 7 195 29 38 945 5 838 387 141 853 216 690 516 517 215 540 383 827 473 965 171 668
528 120 924 718 632 830 732 970 151 678 514 661 895 52 146 687 953 941 376 519 756 241 224 590 369 820 80 744 265 1 786 2 733 92 272 565 14 450 984 353 283 414 366 116 865 827 277 929 472 732 354 88 305 266 642 666 159 233 319 611 2 680 676 292 353 910 311 635 44 977 316 983 646 415 160 568 985 162 349 318 251 39 438 114 53 915 905 680 874 332 99 561 926 702 944 395 492 665 49 491
294 751 913 904 478 70 91 753 104 909 250 41 887 470 951 175 649 852 666 872 511 185 412 925 679 536 585 401 641 740 909 209 326 671 554 662 908 564 948 499 793 418 733 604 481 720 176 540 217 61 658 646 166 195 916 743 162 816 147 982 148 145 197 728 492 514 77 709 66 759 826 302 147 19 374 744 772 192 699 805 292 294 158 875 229 45 814 609 181 969 303 46 989 199 707 791 300 433 793 643
306 277 491 872 466 410 697 654 867 882 134 904 662 793 768 870 233 295 346 660 607 894 292 972 700 75 405 437 72 509 620 358 859 690 567 642 570 890 317 867 887 823 228 839 217 248 572 71 116 352 708 131 596 953 861 206 207 813 230 773 48 563 754 854 199 856 73 611 170 647 546 536 601 898 157 350 860 472 307 39 570 704 543 886 627 461 578 948 77 727 276 747 785 871 464 681 770 307 330 780
172 945 215 328 339 430 717 360 776 368 774 157 416 146 822 840 924 534 452 990 120 996 116 486 845 189 168 738 94 347 385 897 752 973 796 166 313 457 945 879 887 705 742 679 752 966 900 814 172 815 595 496 593 357 61 589 952 769 628 33 229 99 984 731 322 222 179 688 234 267 559 173 734 795 291 727 684 324 492 862 138 652 670 486 279 183 297 344 236 125 521 822 816 7 883 209 157 962 921 774
207 913 495 724 821 168 511 972 791 4 175 386 773 173 390 870 326 61 20 477 329 313 847 368 413 79 865 376 445 435 794 741 810 721 973 626 548 991 455 658 834 432 311 58 71 347 736 639 51 52 199 881 59 870 818 897 751 950 636 569 397 58 415 223 140 825 242 440 972 113 281 376 744 944 773 763 174 719 394 19 596 168 640 497 89 303 135 518 404 219 28 940 876 353 277 767 648 562 417 635
697 328 77 951 9 144 364 611 616 975 119 779 351 887 173 213 197 525 143 191 544 470 188 923 3 507 406 736 291 635 865 848 354 461 930 300 493 392 101 712 471 826 816 293 817 579 662 621 926 246 697 648 376 938 705 871 24 794 763 746 436 487 802 396 301 774 415 545 474 37 401 296 901 198 687 833 307 613 457 978 222 622 505 144 825 149 90 739 545 861 699 217 621 717 135 497 183 879 252 287
139 779 91 245 573 624 867 748 419 507 738 163 496 604 611 791 95 611 398 842 315 340 223 321 251 591 812 921 975 126 784 515 548 219 356 711 500 397 311 1 683 456 331 572 632 803 774 288 485 432 361 337 728 913 830 801 541 847 637 431 160 585 291 846 68 612 95 602 250 232 462 529 763 864 80 82 977 295 152 280 919 764 615 975 722 313 436 594 709 442 182 633 292 293 831 875 19 691 68 845
608 423 657 353 293 400 787 342 320 326 255 714 486 46 699 343 592 153 643 829 482 196 760 867 950 644 616 954 915 955 54 330 782 598 597 799 624 111 449 341 774 531 872 232 337 152 646 815 914 892 619 113 601 348 852 653 636 687 218 142 555 454 442 145 800 212 190 413 194 625 631 662 634 458 546 606 280 447 470 970 518 434 145 284 872 408 573 136 292 679 533 423 791 219 760 219 488 745 266 620
81 907 557 480 371 587 927 873 908 768 526 957 101 985 154 671 696 138 47 449 962 546 793 753 774 543 50 352 309 710 100 72 428 350 132 150 270 971 808 119 426 906 720 126 952 713 451 904 715 170 348 415 996 624 341 565 455 592 654 61 895 786 488 761 777 588 26 265 592 182 504 25 61 936 950 299 485 931 595 671 131 651 131 785 766 5 511 359 68 893 678 230 158 423 453 905 142 165 229 215
302 588 222 689 322 92 545 850 549 46 715 12 704 663 290 21 4 782 433 681 349 899 360 889 327 87 892 869 503 224 489 419 21 431 74 3 995 522 62 703 508 442 802 542 225 259 922 132 673 160 90 834 540 444 917 883 842 257 143 280 444 639 29 532 180 648 65 600 665 729 171 477 157 178 448 221 573 483 866 905 677 402 543 445 604 389 670 837 661 144 14 943 168 9 699 534 356 320 454 76
642 798 239 631 226 968 305 222 410 120 931 330 773 452 536 686 133 611 474 862 563 610 851 33 275 333 554 817 34 371 229 794 146 513 376 643 735 887 744 761 805 348 327 754 881 626 328 858 12 263 345 368 450 558 24 352 746 916 229 813 300 401 500 633 72 276 440 308 107 773 445 273 926 620 696 142 320 294 461 555 95 826 648 151 332 215 429 872 825 163 823 28 65 461 623 884 553 210 322 829
19 833 442 190 79 946 443 672 961 33 717 126 99 114 284 439 560 912 207 158 436 115 889 690 793 383 257 296 471 360 227 333 676 925 573 169 413 893 675 874 325 785 631 963 748 128 760 679 852 215 142 194 192 781 736 236 632 84 453 392 77 750 237 519 511 921 939 673 726 750 658 24 722 370 2 717 927 547 133 337 597 118 965 195 164 720 291 781 890 636 708 749 624 756 210 293 965 963 250 656
212 919 976 5 509 694 917 96 697 611 309 10 878 516 737 261 959 345 459 444 181 799 427 434 307 598 640 29 88 982 246 115 362 803 873 484 319 986 520 366 240 290 118 165 660 338 549 617 187 91 277 530 893 181 727 826 997 318 38 880 233 581 766 306 78 397 103 577 453 413 671 305 792 120 871 747 272 834 142 744 670 714 163 640 766 425 19 562 566 223 311 138 290 181 989 391 419 379 437 89
292 574 972 836 876 405 192 128 355 163 661 488 847 843 512 362 973 193 102 783 985 802 410 582 360 583 335 305 342 245 697 997 526 984 223 232 108 840 492 488 171 290 893 533 722 581 240 397 888 476 337 229 709 747 780 407 215 741 35 753 924 494 470 128 388 38 529 422 433 466 670 169 357 81 258 548 636 349 949 111 562 470 634 690 374 791 975 1000 244 813 409 917 1 600 548 317 854 336 324 130
442 91 279 254 321 595 80 98 701 580 814 23 485 892 992 723 136 101 573 208 324 305 833 241 754 685 605 155 173 901 356 63 129 714 729 458 424 45 459 642 120 665 862 955 118 712 676 182 800 424 462 181 704 608 362 945 379 352 476 713 39 466 987 452 796 986 544 25 226 79 377 1 232 641 641 328 954 218 65 631 321 229 919 743 401 757 10 593 234 473 493 243 562 641 633 141 964 817 348 865
972 386 957 635 13 340 631 846 381 675 538 425 314 698 814 61 101 340 767 144 297 249 523 836 116 120 243 930 974 666 862 916 325 587 576 138 742 627 490 288 499 95 749 502 842 622 300 790 211 712 1 449 229 810 236 412 604 20 803 434 724 745 676 33 350 194 761 994 110 572 411 562 779 340 821 135 708 266 549 435 950 286 247 484 607 438 573 248 334 849 114 781 747 908 67 552 300 999 656 576
321 193 259 963 146 34 89 934 996 516 716 977 598 526 185 877 337 84 628 86 36 440 716 446 2 481 350 958 398 509 969 487 200 426 534 862 162 242 524 714 600 111 277 873 151 266 511 849 940 921 293 361 851 963 899 805 562 921 921 719 962 854 255 86 553 749 529 55 749 661 179 493 667 329 833 840 24 904 980 517 935 180 376 922 133 646 783 457 930 178 919 250 713 35 363 947 3 843 736 958
297 893 761 466 688 607 874 285 94 224 424 678 40 198 845 119 421 77 829 206 894 276 265 821 796 16 208 835 593 27 153 404 103 411 578 481 63 692 86 98 599 730 836 689 68 465 153 519 276 511 935 621 975 354 977 454 6 822 7 540 928 838 434 383 825 76 808 429 500 44 416 741 613 864 670 647 941 357 179 978 231 867 755 572 385 14 695 506 382 493 881 536 589 899 671 30 570 31 56 940
305 145 182 419 300 52 886 79 744 883 283 904 602 871 928 204 553 872 896 874 177 376 442 935 583 295 936 335 848 735 996 630 32 684 624 179 71 236 23 801 417 815 640 302 451 369 78 500 103 292 433 524 265 542 38 989 192 998 575 88 58 524 768 857 442 235 418 355 558 110 357 212 501 257 662 908 383 294 78 837 768 463 562 303 915 626 209 251 2 117 598 498 302 94 202 773 3 614 684 421
165 766 636 478 378 12 779 7 570 601 986 189 591 725 903 656 535 603 39 308 913 886 617 110 125 130 621 428 180 167 410 903 113 270 774 778 717 119 526 652 145 676 440 727 805 675 957 786 115 534 67 524 44 838 378 796 954 474 246 421 108 482 73 363 550 670 333 291 971 583 517 124 1 296 848 205 272 931 361 298 888 230 463 750 808 906 461 574 865 711 274 794 955 875 411 971 518 876 484 63
381 613 597 1 741 203 976 255 308 128 322 296 905 931 162 471 161 268 376 239 61 239 480 964 251 473 134 500 268 620 982 34 635 244 516 405 194 124 529 657 234 349 543 703 323 633 672 287 439 756 734 710 734 983 54 197 510 848 659 158 981 45 294 314 407 631 854 279 796 274 742 664 555 666 471 678 10 546 843 657 474 599 797 217 295 95 117 461 279 549 366 498 640 188 93 581 16 469 864 425
582 229 551 671 122 118 118 110 705 353 249 540 488 756 10 343 289 850 287 844 999 675 149 909 184 660 741 234 940 237 34 375 563 506 492 173 251 965 268 700 285 598 582 689 219 745 307 153 96 768 563 691 214 554 213 998 592 686 960 969 364 731 187 210 225 832 152 324 290 781 668 310 404 181 183 530 423 562 299 92 397 375 689 423 938 195 689 143 494 61 806 406 246 1 146 746 565 74 932 679
600 150 839 18 39 252 195 203 266 918 800 592 171 892 137 909 721 551 479 277 355 223 396 333 664 880 355 51 320 42 743 38 159 503 26 631 867 935 142 877 919 60 644 145 446 205 205 365 840 377 950 43 387 937 857 846 336 414 215 659 474 812 979 662 691 281 511 676 942 895 687 515 349 892 637 633 643 652 367 33 687 645 831 998 827 891 515 323 256 384 675 539 85 693 333 89 715 288 626 537
969 477 378 568 56 262 879 915 686 59 504 188 845 859 330 275 100 165 34 990 598 476 725 423 848 220 164 534 821 303 108 370 516 852 116 628 504 280 160 823 396 871 970 716 328 477 878 533 351 17 490 792 184 206 882 15 263 418 189 484 330 880 16 598 501 636 989 663 65 727 126 691 575 795 106 985 76 330 174 508 427 563 420 249 254 887 350 461 41 174 558 794 407 808 772 906 343 935 784 480
471 879 424 634 979 661 648 585 917 502 183 904 275 719 667 131 53 311 399 802 962 20 546 438 155 959 618 879 333 813 858 260 99 973 305 807 172 544 666 482 472 410 18 117 580 480 179 7 338 836 388 396 19 753 281 72 628 34 456 510 694 512 684 354 484 608 914 938 652 821 827 825 794 213 654 425 245 517 805 987 364 696 692 470 147 862 249 26 734 439 439 878 779 570 289 13 866 153 680 657
441 933 789 308 887 330 53 328 252 537 650 148 292 267 716 57 480 549 108 262 38 286 521 42 759 792 658 687 719 448 813 239 391 607 539 793 849 802 618 725 885 750 363 773 374 827 497 541 902 254 201 952 601 257 334 518 700 832 158 886 528 456 600 996 505 300 534 288 348 102 576 845 427 15 461 484 778 694 663 153 416 471 285 133 870 84 609 441 652 201 183 472 666 343 90 759 429 667 833 203
825 194 355 436 398 516 711 233 130 694 132 869 847 541 750 656 309 516 166 710 662 424 744 250 705 281 553 302 213 645 51 857 918 485 437 979 554 503 365 693 881 827 794 865 206 527 935 528 8 918 385 716 24 859 899 648 893 599 274 138 570 81 788 164 714 177 486 509 627 379 701 436 38 174 930 698 874 424 20 749 127 5 784 343 469 406 135 822 959 231 246 233 310 867 33 207 359 898 599 310
273 290 958 159 744 523 521 565 250 969 198 264 671 259 635 49 850 917 296 587 432 598 808 584 72 292 508 624 234 231 809 217 215 635 430 677 692 819 691 28 408 746 687 585 544 789 218 178 924 951 677 960 335 983 869 489 439 346 10 412 25 615 113 87 428 28 534 748 30 653 35 9 646 574 75 755 892 412 379 944 206 386 167 860 21 113 860 669 442 994 522 417 946 474 492 213 714 523 896 553
686 920 250 146 140 856 669 264 290 751 813 2 88 948 843 148 647 131 89 794 280 243 190 918 801 733 670 295 790 153 422 509 620 895 857 810 212 485 873 641 923 765 519 250 788 170 520 296 656 830 923 298 414 486 640 733 994 961 625 249 906 951 395 543 112 933 132 928 27 844 204 386 661 28 778 686 42 925 788 950 257 267 291 142 924 181 63 828 879 727 790 398 711 779 287 663 990 630 309 333
281 12 676 507 731 308 502 618 82 352 651 776 115 306 258 156 680 747 263 174 876 513 327 786 729 893 685 293 461 3 510 260 422 565 513 129 65 26 867 952 884 96 131 411 838 231 631 99 726 554 711 799 542 767 730 773 307 894 553 478 162 236 36 250 751 435 168 77 225 11 160 6 518 311 570 987 113 651 848 441 182 468 528 899 157 545 890 538 706 237 792 634 732 205 201 444 725 77 601 9
64 686 154 216 30 376 930 508 558 96 951 707 771 299 745 576 749 657 36 908 309 529 323 570 605 512 980 289 501 787 919 780 115 464 745 58 5 178 367 366 431 857 962 659 656 907 309 829 721 197 869 634 369 573 864 20 579 906 354 530 913 413 105 42 188 167 429 226 726 602 271 836 219 485 657 133 923 910 286 756 679 362 242 902 100 204 72 848 210 86 569 276 924 876 112 63 383 440 350 993
253 378 610 178 46 138 189 938 545 884 767 110 949 306 126 756 51 12 12 533 887 797 453 362 825 148 872 877 104 692 859 903 72 343 416 110 555 750 864 173 912 554 687 810 846 933 304 250 487 764 557 712 101 960 70 875 234 236 652 768 867 731 627 373 755 491 607 144 657 285 370 692 534 822 105 785 379 164 330 660 229 112 988 868 626 113 225 497 828 615 213 287 514 767 480 514 298 8 156 584
658 303 682 183 716 671 917 335 663 964 753 148 243 892 411 510 844 710 729 773 480 566 917 191 107 382 65 450 156 466 366 867 660 528 980 358 611 611 493 315 474 581 197 112 72 545 479 50 243 469 340 77 153 285 449 28 805 945 232 759 111 929 603 195 706 809 670 241 35 513 220 303 424 789 24 364 433 703 686 629 828 866 372 141 483 438 734 161 960 972 251 291 442 65 679 348 507 268 161 665
979 233 208 762 263 69 933 584 575 437 459 502 181 229 984 518 741 118 256 358 719 5 204 316 55 457 190 111 760 655 883 870 560 250 386 447 16 197 675 952 389 919 331 594 479 139 50 68 664 108 243 689 117 934 140 832 435 584 37 91 935 512 10 836 251 313 116 683 28 381 204 801 886 554 163 896 276 185 328 593 402 134 613 234 93 981 117 582 751 223 947 105 583 770 887 794 800 989 758 700
657 979 40 276 754 968 18 694 924 618 254 417 935 490 100 902 113 154 902 755 547 360 505 343 759 77 364 714 884 71 31 267 129 11 49 412 895 790 686 830 940 798 667 1000 269 438 170 101 550 597 218 11 73 688 966 247 757 65 314 787 588 383 701 792 897 37 571 795 602 489 102 101 955 994 412 650 814 623 204 25 846 262 656 755 150 353 141 942 112 598 466 928 498 695 858 788 240 578 126 325
945 572 289 845 619 885 714 67 582 696 639 578 656 508 760 85 387 400 465 5 973 259 354 283 507 777 203 768 850 140 540 824 151 575 932 963 597 715 584 652 691 627 648 394 200 169 459 196 127 573 105 916 64 956 169 371 856 236 435 540 490 140 890 241 633 960 264 592 74 439 771 539 175 448 467 735 847 242 536 700 707 197 930 321 196 866 341 578 4 888 319 970 887 728 840 388 944 437 603 448
389 737 722 990 409 478 979 784 759 928 696 75 743 570 115 384 514 546 873 551 339 52 422 355 312 439 839 728 872 116 161 777 139 979 492 923 855 855 774 840 38 340 819 804 119 219 404 483 74 636 38 196 466 884 129 347 313 218 839 939 748 967 314 848 478 835 212 510 899 841 925 155 479 906 751 559 346 74 805 335 774 51 127 290 731 152 804 674 668 270 565 738 373 529 465 771 753 131 66 703
882 382 445 422 878 227 827 384 971 229 498 587 796 543 222 33 161 776 768 499 748 223 823 885 443 305 104 878 866 564 330 615 190 594 337 543 670 136 46 845 24 186 901 458 504 34 779 226 302 137 762 27 965 855 489 116 752 758 555 148 753 209 32 75 267 245 658 399 350 412 645 404 453 749 81 705 791 914 771 366 582 570 833 413 102 253 99 409 224 159 8 842 538 931 53 417 636 624 168 606
904 540 504 902 419 542 89 822 962 810 996 864 769 438 45 822 201 902 639 434 163 418 74 418 231 390 915 867 596 376 124 134 460 787 606 269 531 763 297 462 397 543 63 842 586 611 117 126 282 32 613 845 185 817 240 899 406 508 221 378 934 56 753 522 456 317 555 347 200 181 198 373 831 133 264 276 210 991 738 840 690 541 432 683 550 177 676 786 559 829 784 237 732 219 277 882 612 496 669 840
229 441 475 115 695 649 923 313 444 103 960 483 303 446 494 517 775 310 598 284 444 658 55 522 578 867 127 529 92 483 973 742 576 738 43 588 695 593 822 87 730 899 731 860 471 839 474 522 931 69 495 380 774 42 684 356 349 228 744 718 361 33 404 794 607 659 53 388 402 519 785 370 729 454 163 511 495 779 76 654 718 934 846 582 937 989 598 381 480 265 834 925 800 820 72 406 555 890 42 645
369 630 88 652 735 933 129 877 216 995 874 198 933 295 425 222 96 577 209 114 151 40 506 410 306 319 623 12 797 340 672 367 911 392 488 671 731 682 120 597 267 424 897 36 159 924 786 668 699 146 206 249 637 712 246 916 656 861 686 599 13 348 697 302 560 701 532 155 640 248 90 528 510 801 83 117 82 10 912 789 853 759 26 575 656 616 86 790 426 375 18 63 402 258 674 520 324 218 788 691
310 14 171 532 430 161 69 577 622 810 162 803 985 705 810 224 757 272 403 748 265 367 959 309 704 940 508 537 11 967 379 457 430 65 597 31 703 88 780 814 438 194 144 42 381 139 182 858 350 151 330 24 89 743 472 379 590 799 950 198 989 960 245 342 6 390 718 423 511 498 666 506 27 913 126 690 761 706 44 260 594 669 299 635 6 588 189 284 861 537 326 200 285 990 196 428 597 318 914 186
143 288 907 251 914 696 297 269 17 695 448 71 298 774 610 173 530 810 375 55 481 108 791 395 838 744 627 113 631 504 195 306 982 844 6 2 16 451 766 870 397 217 119 578 755 336 75 33 542 958 83 377 934 414 712 457 911 808 423 305 844 368 697 404 998 391 306 224 727 542 906 163 904 356 32 794 205 660 198 249 463 701 640 500 173 824 51 920 730 761 855 605 284 682 731 151 745 998 309 335
724 958 834 135 184 101 683 252 276 777 330 862 282 34 442 944 16 846 806 33 936 779 55 259 539 729 502 77 225 723 417 154 186 149 944 75 800 875 81 173 516 436 234 432 318 173 186 110 408 390 894 308 433 769 418 824 372 611 885 526 666 126 562 54 669 757 940 595 467 412 246 236 7 355 125 60 620 785 676 660 55 676 540 365 652 632 200 295 174 908 556 878 146 863 349 770 925 713 112 251
128 183 802 109 802 231 843 625 580 655 990 870 474 397 789 163 618 646 126 833 308 820 769 742 147 80 469 564 676 309 899 128 745 41 490 429 866 299 223 987 347 645 221 569 968 729 420 176 770 712 533 216 702 198 890 146 636 161 409 239 476 365 207 189 273 913 710 753 144 188 839 664 687 249 352 933 158 763 576 589 464 4 647 336 139 263 737 113 815 829 676 548 535 149 576 724 290 258 889 84
621 859 454 632 182 223 956 137 578 281 585 785 169 409 987 508 542 371 946 345 936 724 649 563 893 505 493 583 489 822 454 288 887 606 183 810 485 589 649 542 756 299 870 590 444 549 27 742 327 615 4 348 652 844 449 561 348 191 908 594 333 245 500 523 61 686 449 14 641 579 819 191 878 401 997 350 326 321 153 369 675 640 626 500 362 395 174 830 177 177 424 408 499 499 327 523 372 189 67 573
268 930 90 978 363 994 432 952 963 521 13 249 134 415 602 576 870 679 35 84 535 922 264 31 836 696 479 137 499 328 964 733 861 377 750 325 54 373 271 407 351 709 918 79 314 9 937 125 67 31 195 341 534 363 716 629 872 258 211 482 581 168 737 780 250 299 489 268 458 187 95 806 657 675 477 620 630 549 350 126 718 845 987 650 39 669 299 595 264 288 434 479 748 431 876 12 240 744 217 306
551 382 456 714 698 268 6 765 654 833 592 210 837 67 505 937 43 541 595 723 743 758 583 393 679 941 275 149 284 447 186 1000 534 548 431 352 416 848 577 756 621 722 585 42 578 486 872 296 950 897 771 713 677 465 552 532 527 524 738 814 954 517 270 558 742 970 300 635 282 191 134 764 429 75 594 719 59 163 541 176 689 176 934 568 611 819 595 729 796 96 114 83 379 790 486 113 511 428 339 554
217 881 243 914 346 850 383 173 452 632 894 778 950 309 407 379 913 109 343 412 362 87 664 179 380 762 545 934 151 203 390 811 774 991 232 151 30 840 981 597 152 666 249 981 708 360 534 672 946 142 947 907 44 842 885 895 933 137 880 816 434 295 837 937 684 794 682 930 105 283 980 466 115 842 156 533 30 140 417 823 115 361 458 113 479 339 554 750 306 1000 497 639 278 288 788 940 41 652 206 350
660 915 193 551 393 740 29 429 362 16 404 294 281 446 742 931 782 895 584 889 315 703 626 515 485 704 408 412 302 186 348 937 827 433 269 629 877 510 551 523 797 917 803 102 904 575 618 993 227 445 465 230 638 664 664 305 390 894 127 778 939 894 533 90 557 720 129 220 725 815 649 355 115 504 539 759 962 475 188 463 220 519 201 631 339 104 314 543 518 389 230 27 463 937 209 101 584 640 638 520
705 487 995 73 74 457 667 800 222 978 62 849 780 562 839 792 68 233 268 44 832 151 65 573 188 529 526 729 930 648 371 205 62 728 944 818 921 598 563 671 539 907 367 347 463 638 320 958 19 632 445 987 679 748 224 529 775 781 527 933 164 935 720 438 262 66 969 218 452 285 103 225 139 612 788 599 544 274 107 533 330 464 576 230 344 961 294 472 753 624 873 848 439 322 87 137 811 687 507 62
317 633 597 420 568 775 689 943 734 388 788 590 582 808 328 71 889 124 529 841 799 882 916 575 152 678 765 28 719 107 806 371 519 451 134 660 696 859 917 574 886 202 449 168 43 860 295 698 869 759 657 785 147 927 625 935 787 850 615 294 524 968 806 753 511 284 915 459 617 125 697 752 608 762 89 994 238 874 840 256 584 187 271 334 191 45 98 948 172 16 240 24 161 584 672 624 986 895 960 191
734 290 252 18 140 785 559 351 605 923 313 57 708 80 66 334 515 293 635 918 259 454 542 269 418 272 405 835 218 447 132 259 777 276 422 928 606 406 901 420 768 996 845 639 948 934 277 876 678 624 63 952 35 270 347 437 591 76 539 568 403 357 364 309 337 994 347 945 456 252 536 725 382 465 185 689 209 839 582 983 955 496 997 142 712 579 238 716 111 505 786 290 525 605 771 458 534 556 753 193
932 144 351 41 978 810 25 875 720 961 983 470 873 111 270 993 556 26 879 422 49 216 542 947 193 547 360 595 84 326 945 740 390 125 437 877 699 252 652 702 653 572 552 839 410 743 547 966 574 546 25 152 771 520 256 542 111 905 594 482 396 708 801 185 850 473 508 309 64 420 106 632 888 349 362 655 995 65 248 280 615 51 135 983 735 617 881 551 183 65 674 260 166 412 256 841 821 246 6 436
508 917 946 165 140 35 421 63 933 118 669 592 44 126 956 363 832 8 138 906 298 521 462 924 866 905 932 285 721 105 491 643 987 94 431 844 669 214 412 257 861 605 993 481 546 792 279 748 483 21 757 968 997 712 534 554 967 888 768 490 589 105 778 536 878 631 20 862 697 681 794 173 814 554 220 265 293 809 602 383 233 394 507 347 756 244 230 925 520 959 67 244 377 710 823 940 110 331 125 345
199 355 201 438 879 768 288 989 471 97 926 465 791 879 113 904 951 329 196 290 876 591 369 640 352 106 5 217 379 223 194 338 391 498 847 22 438 184 111 252 725 522 27 178 707 588 463 37 165 233 87 994 117 655 127 309 133 961 161 955 834 208 160 163 761 111 35 23 136 985 617 446 16 301 787 994 659 822 530 908 483 582 503 862 842 655 47 760 383 650 585 429 753 581 72 169 885 691 554 375
497 21 389 88 879 83 843 664 224 15 6 63 447 738 924 382 198 588 912 57 882 857 474 941 265 745 244 860 999 656 802 768 276 152 490 894 401 679 962 430 337 497 551 483 704 817 657 33 862 537 864 318 112 760 980 19 370 375 961 926 867 550 874 827 649 135 13 220 295 718 355 216 249 233 189 387 164 127 653 124 325 920 516 45 218 502 139 823 57 878 701 421 367 110 498 867 72 661 712 571
982 718 595 668 444 890 113 299 533 800 8 844 395 375 175 233 866 908 293 124 137 687 374 645 971 113 778 216 507 555 175 589 584 758 366 396 43 89 154 909 579 508 253 460 837 404 191 859 859 966 345 487 631 224 361 856 553 822 267 139 472 627 578 498 657 475 336 395 519 671 649 833 986 493 105 281 617 564 952 616 333 940 371 930 38 498 326 773 769 296 435 665 27 749 462 9 165 180 60 596
90 544 791 391 292 772 164 348 354 201 859 44 372 304 824 749 518 168 441 43 758 753 51 565 615 931 590 155 775 215 779 776 212 295 156 165 550 801 11 612 72 690 495 597 865 501 670 580 637 248 96 991 576 211 887 902 934 942 547 64 952 106 350 36 242 159 790 767 648 640 611 771 654 848 510 165 115 387 755 69 118 551 787 149 740 489 108 972 130 814 604 532 545 905 237 93 374 756 728 641
791 497 743 310 358 824 765 739 277 716 524 732 18 499 337 964 287 699 436 76 457 877 78 473 456 4 574 955 470 680 495 17 298 155 959 5 112 795 482 13 430 176 782 525 633 978 899 942 217 434 539 190 128 209 160 531 757 16 276 965 245 432 233 558 187 905 371 20 474 294 663 11 314 927 80 956 667 54 454 166 905 627 286 141 204 206 201 372 478 738 722 53 707 355 403 902 458 368 472 716
71 677 897 51 609 502 590 736 261 349 890 334 850 804 152 472 850 499 357 627 775 52 246 193 280 225 822 939 56 974 482 479 915 181 827 131 425 593 150 452 360 898 797 712 411 632 60 635 260 943 47 212 874 821 101 729 146 95 414 868 849 278 114 451 481 326 915 531 746 432 432 296 272 464 356 677 778 1 347 274 908 341 881 7 376 596 679 585 121 322 358 139 95 934 935 131 548 228 521 526
39 205 858 547 454 903 169 180 74 162 238 535 254 610 771 182 846 361 15 156 85 783 565 13 111 178 573 226 380 729 822 537 307 8 421 947 113 870 142 51 752 486 125 47 150 997 387 284 768 494 12 802 657 638 20 852 471 902 586 40 500 399 51 351 679 324 670 299 715 938 69 22 229 781 593 177 72 466 811 208 159 124 240 408 592 478 481 808 790 901 106 780 986 932 497 320 628 945 510 433
741 981 400 7 396 711 262 639 469 637 442 549 902 342 975 808 566 38 850 102 449 425 90 254 274 934 924 449 215 229 870 901 980 503 664 272 608 560 591 573 802 649 658 876 431 976 599 105 468 737 655 377 791 518 574 245 399 907 431 182 388 691 878 667 478 34 732 42 322 497 385 887 560 635 810 872 578 419 830 560 111 762 164 210 10 805 6 10 542 734 806 567 23 875 838 92 971 680 768 333
466 778 293 132 810 938 299 521 78 900 886 282 211 409 886 517 826 311 333 247 99 600 455 747 203 299 481 420 610 412 434 761 505 781 536 488 507 569 721 970 337 336 825 446 890 635 598 248 986 644 752 635 269 369 527 465 947 103 644 830 614 315 834 643 559 618 428 390 281 539 38 622 751 348 800 79 412 940 301 649 620 301 453 398 172 146 183 304 801 511 977 769 116 791 606 88 316 89 281 16
169 990 256 723 512 873 308 594 733 864 218 352 479 939 36 482 390 146 326 674 959 524 73 995 983 297 408 59 634 984 267 418 230 798 940 484 40 384 283 986 140 645 554 132 871 347 341 542 715 755 216 957 827 161 90 454 786 171 608 809 33 267 655 333 551 977 272 843 439 883 701 680 33 881 916 645 692 141 664 807 577 760 449 272 134 731 244 204 775 787 205 258 810 678 392 218 348 175 385 296
461 10 813 613 292 121 932 657 888 957 594 898 464 998 26 967 656 587 371 582 440 346 840 633 540 259 946 24 702 308 704 446 299 2 578 595 143 429 498 212 561 864 175 700 742 20 764 9 798 809 638 576 329 116 219 520 605 568 269 128 463 463 574 318 825 137 255 550 166 133 710 66 515 431 693 820 876 288 897 534 434 832 883 413 158 669 238 229 720 831 29 998 526 411 827 138 607 473 155 833
932 973 984 766 856 664 394 131 679 547 557 314 19 456 262 703 370 251 609 971 86 859 555 393 529 264 310 89 768 344 161 850 481 498 395 104 586 202 381 684 933 981 458 857 427 107 574 653 322 314 216 81 725 108 260 555 85 767 603 772 787 992 257 514 755 16 766 680 269 748 702 267 678 371 85 629 767 812 23 580 260 188 331 421 905 240 417 137 673 658 976 371 736 218 418 107 757 451 407 55
672 217 892 749 302 61 837 346 110 339 36 8 144 944 23 508 722 602 373 932 261 655 368 386 712 918 547 351 295 787 561 222 492 95 955 602 409 258 736 716 15 302 831 657 415 432 193 100 127 942 198 231 805 36 892 647 151 705 916 236 761 728 52 962 835 585 571 660 195 4 252 898 170 280 443 911 978 302 100 958 304 619 784 926 347 976 410 963 720 279 256 741 34 528 298 344 967 859 11 54
467 15 158 506 160 653 136 389 68 977 870 294 111 722 885 840 911 338 222 156 757 235 252 551 599 947 469 822 240 471 877 291 219 397 692 277 665 816 224 923 359 324 795 651 198 16 875 712 464 429 712 946 123 887 571 513 483 134 762 585 88 797 720 612 33 529 837 251 815 217 812 45 674 956 420 162 194 313 998 693 928 297 749 663 869 619 228 65 563 507 661 722 598 450 608 176 892 406 40 576
435 805 785 7 921 908 663 27 849 1000 311 851 296 970 311 68 100 104 647 697 228 973 895 79 434 398 973 19 737 259 481 545 510 937 717 341 651 504 951 983 546 89 684 997 176 500 453 335 914 233 487 906 570 513 948 87 654 438 380 284 491 946 481 892 848 680 771 87 243 347 970 380 507 551 9 227 817 712 407 481 459 548 42 642 747 843 193 178 269 848 553 889 23 684 387 595 954 464 202 949
40 620 589 218 54 324 354 967 354 487 268 196 435 605 254 162 630 227 383 70 91 50 228 672 649 580 330 148 678 77 246 658 206 896 482 50 85 106 783 48 583 804 369 42 598 119 843 500 677 711 294 810 405 385 635 562 638 702 630 172 583 885 292 508 119 323 540 141 75 833 507 939 799 426 98 133 846 321 398 580 253 963 655 349 72 970 303 833 445 837 202 651 877 632 134 474 132 170 395 935
535 701 993 30 932 220 404 286 678 262 293 950 661 854 118 613 993 214 105 617 729 77 649 480 534 122 579 488 601 955 95 390 841 459 572 925 199 125 162 93 876 605 246 412 379 697 472 164 154 851 222 908 590 544 673 208 561 509 993 824 835 476 222 607 135 553 956 437 456 791 803 138 998 957 414 595 945 9 822 833 179 601 594 614 332 874 900 191 461 282 122 967 570 318 235 894 308 503 925 604
544 783 805 286 980 866 396 98 19 303 385 101 294 734 310 324 814 108 123 493 499 669 560 88 146 580 795 306 944 251 639 521 107 740 223 178 384 863 253 403 933 522 223 622 108 254 570 735 705 760 230 623 563 776 800 755 867 933 71 922 341 491 991 130 471 470 383 854 818 526 563 869 87 867 31 60 255 822 431 999 897 581 576 19 499 709 142 76 979 728 784 379 354 752 940 447 457 478 840 664
48 300 609 759 618 200 698 437 507 369 593 42 559 516 939 742 11 230 696 304 8 130 613 771 218 175 754 957 815 839 25 109 867 451 84 391 31 665 538 19 613 746 342 276 259 666 153 485 412 422 930 32 58 751 126 580 590 99 416 451 565 977 534 987 387 457 203 881 934 987 853 975 664 929 925 466 807 408 3 947 530 650 150 677 291 363 729 655 653 792 638 927 445 325 661 939 221 92 909 751
191 745 769 455 581 155 446 8 91 666 148 183 567 79 315 978 722 830 128 507 465 189 438 272 474 809 357 328 112 532 41 295 908 419 941 136 470 779 270 235 662 467 948 14 551 23 138 610 852 74 679 30 541 454 20 2 75 736 868 563 198 771 206 333 486 28 784 820 153 373 225 728 859 332 136 152 996 994 418 521 100 318 774 749 157 606 33 934 194 532 639 964 792 16 856 410 501 376 2 281
153 580 563 324 726 982 353 841 846 865 554 961 751 968 333 143 731 635 586 401 940 625 737 580 858 792 924 931 23 502 826 585 709 842 67 524 758 118 573 711 165 791 825 260 915 222 367 991 684 70 250 275 733 674 768 599 759 990 248 748 841 887 286 470 304 401 298 982 615 674 105 438 495 528 763 93 887 673 925 251 280 494 22 715 178 51 387 728 800 675 114 549 748 177 937 727 804 699 411 852
299 762 785 211 503 210 171 815 804 668 981 915 832 443 217 346 30 110 652 757 900 658 246 62 165 492 111 919 623 517 170 420 292 121 377 740 434 650 162 117 869 335 342 579 558 990 250 874 615 662 702 302 224 722 147 825 938 479 506 309 557 333 901 850 699 774 468 309 880 64 274 914 23 339 390 637 637 922 10 155 262 128 558 857 770 789 760 455 151 282 511 851 261 127 538 589 883 895 812 224
550 176 194 778 678 615 91 786 991 350 901 392 91 503 3 748 140 697 853 738 810 250 65 494 640 498 96 409 704 194 942 938 952 970 146 350 476 758 534 906 573 633 369 206 522 254 314 837 656 112 362 310 957 444 490 479 795 576 636 304 358 969 489 106 710 684 14 565 518 291 988 862 163 179 630 448 141 197 952 230 832 531 77 699 140 469 142 63 731 758 386 936 700 890 775 815 290 811 241 157
134 511 919 123 627 687 424 937 678 766 940 306 324 491 503 734 725 632 197 129 431 568 1000 802 54 599 492 868 216 736 48 704 517 103 723 310 731 328 100 831 140 801 586 534 925 362 945 344 303 755 877 546 971 76 604 957 21 175 120 86 323 94 24 425 833 816 352 605 786 274 330 361 984 943 59 180 812 589 662 211 15 254 184 762 607 383 345 221 324 639 910 21 510 975 239 655 63 681 473 270
389 560 268 636 132 749 280 250 259 165 943 200 592 986 954 564 598 47 126 25 445 22 505 47 90 579 804 949 911 575 899 962 73 738 415 792 982 446 41 463 799 858 90 892 230 181 389 794 559 893 607 121 644 653 162 62 114 60 28 686 281 434 260 389 919 270 172 737 123 229 200 333 240 357 340 948 927 729 313 435 902 540 219 47 795 286 665 898 634 911 538 88 696 272 123 582 356 681 578 924
642 906 802 584 443 285 987 554 567 324 54 496 42 367 679 287 69 228 432 293 231 457 899 593 489 879 163 720 473 893 720 528 286 962 453 850 521 771 503 848 617 387 648 23 182 333 160 660 189 478 98 400 615 106 465 703 565 736 666 773 502 573 24 363 180 105 226 853 609 107 884 283 264 715 188 876 30 383 47 353 999 730 891 489 484 685 508 678 643 817 891 265 462 516 964 625 87 696 390 52
2 2 0 2 2 2 2 2 2 0 2 2 2 1 0 1 1 1 0 2 1 0 0 2 1 1 1 0 2 2 1 2 2 2 2 0 2 1 2 1 1 0 1 2 0 1 0 1 1 1 0 1 1 0 0 1 0 0 1 1 0 0 1 2 0 2 1 2 1 2 2 2 1 0 2 0 2 1 1 0 0 0 2 2 0 1 1 0 2 2 0 1 1 0 1 2 0 0 2 1
0 1 2 0 0 2 0 0 0 0 0 2 0 2 1 0 1 1 0 1 1 0 2 1 0 0 1 0 1 1 2 2 2 0 2 0 0 2 2 0 1 2 0 2 1 1 0 0 0 2 2 2 1 1 1 1 2 2 1 1 0 1 0 2 1 2 1 0 2 0 1 1 2 2 0 1 1 1 0 0 2 2 0 0 0 1 2 2 1 1 2 2 1 0 1 1 1 2 1 0
2 2 2 2 2 1 1 1 0 0 1 0 2 2 2 2 2 0 1 1 0 1 1 0 2 2 2 1 2 2 1 2 2 1 1 1 1 2 1 2 0 0 2 2 2 1 0 2 0 2 1 2 1 0 0 0 1 0 1 0 1 1 0 0 2 2 2 0 1 1 0 1 1 2 0 2 2 2 1 2 1 0 1 0 0 1 2 2 2 1 0 1 0 1 2 2 0 0 1 0
0 0 1 1 0 0 1 0 2 1 1 0 1 2 0 0 0 1 2 2 0 2 2 1 1 0 0 0 2 2 2 2 2 0 2 0 1 2 1 0 1 0 1 1 0 1 2 2 1 1 0 0 2 1 0 0 0 0 0 0 2 0 2 2 1 2 1 1 1 0 0 2 1 0 1 2 0 2 2 2 1 1 2 1 0 0 2 1 1 0 0 2 0 1 0 2 2 2 1 2
2 1 2 1 0 2 2 1 2 1 2 1 0 1 2 1 1 1 1 1 0 2 2 0 0 1 0 2 2 1 2 2 0 0 0 2 2 2 2 2 1 0 0 1 1 0 0 2 1 1 0 1 1 1 2 1 1 1 1 0 0 2 2 1 2 2 0 2 2 2 2 0 0 2 2 0 1 2 2 2 1 2 0 2 0 1 0 1 1 2 0 1 0 1 0 1 2 0 2 2
1 0 0 1 0 0 1 1 1 1 0 1 2 1 2 0 1 0 0 0 1 2 1 1 0 0 2 0 0 0 1 0 2 2 1 1 0 1 2 0 1 1 0 1 1 0 1 0 2 1 2 0 0 1 0 2 0 2 0 1 0 1 1 2 0 1 1 0 2 1 2 2 0 0 0 0 2 2 2 2 1 1 1 1 1 2 1 1 2 0 2 1 2 2 1 0 1 0 0 1
2 2 2 2 1 1 1 2 0 1 1 1 1 2 1 2 0 2 2 2 1 2 2 2 2 2 0 2 0 0 0 0 1 1 2 2 2 1 2 2 2 1 2 0 2 0 1 0 2 0 2 2 2 0 0 2 1 1 0 0 1 2 2 1 2 1 2 1 0 1 0 1 1 0 2 2 1 2 1 0 2 1 2 0 2 1 1 0 2 1 2 1 0 0 0 1 0 0 2 0
2 1 1 1 0 2 0 1 0 1 0 1 0 0 2 1 1 1 0 2 2 2 1 2 2 1 0 0 2 2 1 0 1 1 1 2 2 1 1 0 1 2 2 0 1 1 0 1 0 2 0 1 0 2 0 0 2 2 2 1 1 1 2 1 1 0 0 2 1 1 0 2 2 1 1 0 2 0 0 2 2 1 1 2 0 1 2 0 1 2 0 2 1 2 0 2 0 2 0 0
2 0 0 2 0 1 2 0 1 2 2 0 2 1 1 0 1 2 0 1 0 0 2 1 1 1 2 1 0 2 2 0 1 2 1 2 2 2 0 0 1 0 0 2 1 2 2 0 2 2 1 2 1 1 0 1 1 1 1 2 0 2 0 1 1 1 2 2 2 1 2 2 1 2 2 1 0 1 2 0 2 2 0 1 0 2 1 0 2 2 1 2 2 1 2 2 2 1 2 1
1 1 1 2 2 1 2 0 1 1 0 1 2 1 2 0 0 1 1 1 1 0 1 1 0 2 1 2 0 0 1 1 2 0 2 2 2 1 0 1 1 1 0 1 0 0 1 0 1 0 1 0 2 2 1 1 1 2 0 0 0 0 1 1 1 2 2 0 1 1 0 2 0 2 2 2 2 1 2 1 0 2 1 2 2 0 1 2 0 1 2 0 1 1 2 1 2 1 0 2
1 0 1 1 2 0 0 1 2 0 2 2 0 0 0 1 2 0 0 2 0 2 0 1 1 2 2 0 2 1 0 0 2 1 0 1 1 2 0 2 0 0 1 1 2 0 2 2 0 0 1 2 1 0 0 2 2 0 2 0 2 2 2 1 2 2 1 0 1 2 0 0 2 2 0 0 1 2 0 1 0 2 1 2 0 1 1 1 0 1 0 2 0 2 1 2 1 2 2 0
2 0 0 2 0 2 2 2 0 0 0 0 0 1 1 0 0 1 2 0 1 0 1 0 2 2 1 1 1 0 0 0 1 2 0 0 0 2 1 2 2 1 1 0 1 2 2 0 1 2 1 2 2 1 1 1 0 1 2 1 2 2 1 2 0 0 2 0 0 2 1 2 0 2 2 2 2 1 0 0 1 2 2 2 2 2 2 2 2 2 2 2 1 0 1 2 0 0 0 2
2 2 1 1 1 1 2 0 0 2 0 1 1 1 2 2 0 2 0 2 0 2 0 2 2 2 2 2 1 0 1 1 2 1 1 2 2 2 0 2 1 0 0 1 0 2 2 0 1 2 1 1 0 2 2 2 1 2 1 0 1 0 0 1 0 1 0 2 1 1 0 1 2 2 0 0 0 1 0 1 2 2 2 1 0 2 0 0 2 2 0 1 2 2 1 0 2 0 1 0
1 0 0 2 1 1 2 2 1 1 0 2 0 1 2 2 1 2 0 1 0 2 0 0 0 2 2 2 2 1 0 1 0 0 2 0 2 0 2 1 2 1 2 0 2 1 1 0 0 0 2 0 1 2 1 0 1 2 0 1 0 2 2 2 0 1 1 1 0 0 0 2 2 0 1 1 2 0 1 2 0 1 2 2 2 1 0 2 1 0 2 2 1 0 2 0 0 0 0 0
2 0 2 1 2 2 0 1 1 0 1 0 0 0 2 0 2 2 2 2 2 2 2 1 1 0 0 0 1 2 2 0 2 2 0 0 0 0 1 0 2 2 0 0 2 0 2 0 1 2 1 0 0 2 0 0 2 1 2 0 1 0 0 0 0 0 0 0 1 2 0 2 2 1 0 1 0 2 0 2 0 1 2 2 1 0 1 2 2 2 0 1 2 2 0 0 2 1 1 1
1 0 1 1 1 0 0 2 1 2 0 2 0 1 0 0 2 0 2 0 2 0 2 2 0 2 1 1 2 1 0 2 0 2 2 1 1 2 1 1 0 0 1 2 1 0 2 0 1 1 0 1 2 1 0 2 1 0 1 2 1 2 2 0 1 0 1 1 0 1 1 1 1 0 2 1 1 2 0 1 1 1 2 0 0 0 1 0 2 0 2 2 2 1 1 1 2 0 1 2
2 2 2 0 1 2 0 2 0 0 0 2 1 1 1 0 0 0 0 0 0 0 2 1 0 0 0 2 2 1 0 1 2 1 1 0 1 0 2 1 1 0 0 1 2 1 0 0 0 2 0 0 1 1 2 2 0 0 2 0 0 1 0 2 2 0 2 1 0 2 2 2 2 1 2 0 1 2 2 0 2 2 2 0 2 1 2 0 2 0 0 0 2 1 2 2 1 1 2 2
1 2 0 0 1 2 1 1 2 0 0 2 1 0 1 2 1 2 1 2 1 1 0 2 2 2 0 0 0 1 2 2 1 1 0 0 0 2 0 0 1 0 0 1 0 2 1 0 2 1 2 0 2 0 1 0 1 2 0 0 0 1 2 2 2 1 0 2 2 2 2 0 0 2 1 1 1 0 0 0 2 1 0 2 2 0 1 2 1 2 1 1 0 0 0 0 1 1 0 1
1 2 0 2 1 2 1 0 0 0 0 1 1 1 2 1 1 1 1 2 2 2 2 2 2 0 2 0 1 1 2 0 2 1 2 2 0 2 1 1 2 2 0 2 2 0 2 1 0 1 1 0 1 0 1 1 1 0 1 1 0 2 1 0 1 1 2 1 2 0 1 2 2 0 0 1 2 2 2 0 0 0 2 1 2 2 2 2 0 1 1 1 2 2 1 1 2 1 1 0
1 0 2 1 0 1 1 0 1 1 0 1 0 1 0 1 0 1 2 2 0 1 0 1 1 0 0 1 1 1 2 2 1 1 0 1 1 1 0 0 2 0 0 1 2 0 2 0 2 0 0 0 1 2 2 1 2 0 0 2 2 0 1 1 0 2 2 2 1 0 0 1 2 1 2 0 2 2 1 2 1 1 0 2 2 0 0 1 1 2 0 0 2 0 2 0 1 2 0 0
2 1 2 2 2 0 2 1 0 0 0 2 2 0 0 1 2 0 0 1 1 0 0 1 0 0 0 2 0 2 1 2 0 0 2 0 0 1 1 2 1 1 1 2 0 1 0 2 2 1 2 0 0 2 1 2 1 1 0 1 1 1 2 1 0 0 1 1 2 2 0 1 0 0 0 1 1 0 1 1 1 1 2 2 2 1 0 2 1 1 0 1 2 0 2 1 0 0 0 2
1 0 1 1 1 0 0 0 0 0 0 0 1 0 1 1 1 1 1 0 1 1 0 1 0 1 1 0 2 1 2 2 1 0 2 2 0 1 0 1 1 2 1 1 0 2 2 1 1 1 2 0 2 2 0 1 2 0 0 0 2 1 0 2 2 1 1 2 1 0 1 2 2 2 1 0 0 0 2 2 0 1 0 2 0 2 0 2 0 0 1 1 2 0 0 0 2 0 0 2
2 2 2 2 2 1 0 0 1 0 2 0 0 1 2 0 1 2 2 2 2 1 0 0 2 1 2 2 0 1 2 1 1 0 2 0 1 2 1 2 0 2 1 2 2 2 2 0 1 2 0 1 0 0 0 1 2 0 0 2 1 0 1 0 2 2 0 0 1 0 0 1 1 1 0 2 0 2 0 0 0 2 1 2 0 2 1 2 1 0 1 0 2 2 2 0 2 0 0 0
2 0 0 1 0 2 2 1 0 1 1 0 0 2 1 1 0 2 1 0 1 1 1 1 1 2 2 0 2 2 1 2 1 1 2 1 2 1 2 2 1 1 2 2 0 0 2 0 0 0 1 0 0 1 2 0 1 2 0 1 0 0 0 1 0 2 1 1 2 1 1 0 1 1 2 2 2 1 0 0 2 0 0 2 0 1 0 0 0 1 0 2 1 0 0 2 1 2 2 1
2 0 2 1 1 1 2 0 1 0 0 0 2 2 1 0 1 2 0 2 2 1 0 1 1 0 0 0 0 1 1 1 0 1 0 2 2 1 2 1 1 0 1 2 0 0 2 1 1 2 0 0 2 2 2 2 1 2 0 2 1 0 1 1 1 2 1 2 0 2 2 1 1 0 2 0 2 0 2 1 2 0 1 0 0 2 2 1 1 0 0 2 1 0 1 0 0 2 2 0
0 0 2 1 1 0 0 0 2 0 0 2 2 0 1 1 1 0 0 0 1 1 2 0 1 2 0 1 0 0 1 2 2 1 2 1 1 1 2 0 1 1 2 2 0 2 1 2 0 0 0 0 2 0 0 2 0 2 2 2 0 0 2 0 2 2 0 2 1 2 0 0 0 0 1 0 2 2 2 0 1 0 1 0 0 0 0 0 1 2 0 1 1 0 1 1 2 1 0 1
1 0 0 0 1 2 0 2 2 2 1 0 1 0 2 2 1 0 2 2 0 1 2 2 1 2 0 1 0 2 2 2 2 1 1 0 1 2 2 2 2 1 0 2 0 2 2 2 1 0 1 1 2 1 0 0 0 1 2 2 0 2 2 2 1 2 0 1 0 2 0 2 0 0 0 0 1 0 0 0 1 1 1 1 1 1 1 0 0 2 0 0 1 1 2 1 0 1 0 1
2 2 0 0 2 2 2 1 0 0 0 2 0 0 2 2 0 1 1 2 2 0 2 0 1 0 1 1 1 2 0 1 2 1 0 2 0 2 2 2 1 1 2 2 0 2 0 1 0 2 2 1 1 0 1 2 1 1 1 2 0 2 2 2 2 1 0 0 0 1 0 0 0 1 1 1 0 1 0 0 2 0 1 2 0 1 2 2 1 0 2 1 0 0 1 1 0 2 1 2
0 2 2 1 2 2 0 1 2 1 0 0 2 1 0 0 1 0 0 1 1 0 0 1 2 1 2 2 2 2 2 1 0 0 0 0 1 2 0 0 2 2 1 2 1 1 0 0 0 1 1 2 1 2 0 0 2 2 0 1 0 0 1 2 0 0 1 1 0 1 1 1 1 0 0 0 1 1 1 2 0 0 1 1 2 1 2 1 0 1 2 1 2 1 0 0 1 1 1 0
1 0 0 1 1 2 1 1 1 1 1 1 1 0 0 2 1 1 2 1 2 2 0 0 2 0 0 0 0 2 0 2 1 0 0 2 1 1 0 2 1 2 1 0 1 2 2 1 1 2 1 2 1 2 0 2 0 2 1 1 0 0 1 2 2 2 2 1 0 1 1 1 0 1 1 0 2 2 1 2 0 1 1 0 1 0 0 1 2 2 1 0 2 1 1 0 0 2 2 1
0 2 0 0 0 0 2 1 1 1 0 0 2 0 1 1 1 2 2 2 2 0 1 2 0 2 2 0 2 0 1 2 0 2 0 1 0 2 0 0 0 2 0 1 1 0 1 2 1 1 2 2 2 2 0 2 0 2 0 2 2 0 0 0 0 2 1 0 1 1 0 2 1 2 2 1 0 1 0 1 1 1 2 0 1 0 1 0 2 2 1 1 2 1 0 0 1 1 1 1
1 1 0 2 0 1 0 0 2 1 2 1 1 0 2 0 0 1 2 1 0 1 1 0 1 2 1 0 0 2 1 2 0 2 0 1 2 1 1 1 0 2 2 0 0 0 1 1 0 1 2 2 0 1 2 0 0 2 1 0 2 0 0 2 2 0 2 2 0 1 1 0 0 2 2 0 0 2 1 2 2 0 1 2 1 2 1 0 1 1 0 0 1 1 1 0 2 1 2 2
1 1 1 2 2 0 2 0 2 1 0 0 1 2 2 2 2 0 2 2 0 0 0 2 2 1 1 2 0 1 0 0 1 0 0 2 2 1 0 2 0 2 2 1 0 2 1 0 0 2 0 1 1 0 1 0 2 1 1 1 0 1 1 2 2 2 2 2 2 2 0 2 0 2 0 2 2 0 1 0 0 0 2 0 0 0 2 2 1 2 1 1 2 2 1 2 1 1 1 0
0 0 1 2 0 2 1 1 0 0 2 1 0 0 1 1 0 1 2 0 2 1 2 2 1 1 1 0 2 1 1 1 2 2 2 1 0 1 1 2 0 1 1 0 0 1 2 2 1 2 2 1 0 0 0 0 1 0 1 1 2 2 1 0 0 2 0 0 0 0 0 2 1 2 2 1 2 1 1 1 0 1 2 2 1 0 0 2 2 0 1 1 0 1 1 0 1 0 1 1
2 1 0 0 1 0 1 1 2 0 2 1 2 2 0 1 2 2 0 2 0 1 0 0 2 0 0 0 1 0 2 0 2 0 2 1 2 2 2 1 0 0 0 2 1 1 2 0 2 1 1 0 0 2 0 2 2 0 0 1 1 2 0 0 2 1 0 0 1 2 0 0 1 2 2 0 2 1 0 1 1 1 1 0 2 2 0 2 2 1 1 2 1 0 1 2 0 1 0 2
1 2 2 1 2 2 1 1 1 0 0 1 0 0 0 0 1 2 0 1 0 1 0 1 1 1 0 2 0 0 2 2 1 2 0 0 2 1 0 1 2 0 1 1 0 2 2 1 2 0 0 0 0 1 2 2 1 0 1 2 2 2 0 2 0 0 0 2 1 2 1 0 1 2 1 0 0 1 1 1 1 2 2 0 1 1 2 0 0 1 1 2 1 0 2 0 1 0 1 1
0 1 2 1 1 2 1 0 1 2 0 2 2 0 0 2 0 2 1 2 2 0 2 0 2 0 1 0 1 1 1 0 1 1 1 1 2 1 1 0 2 1 1 1 1 1 1 1 0 0 1 0 1 1 0 2 2 2 2 1 0 1 1 1 1 1 1 0 1 2 0 0 1 1 0 1 0 1 1 0 1 2 0 1 2 2 0 1 0 0 0 0 2 2 1 1 2 0 2 0
1 1 2 1 1 1 2 1 2 2 2 0 1 2 2 0 2 1 0 0 0 2 1 2 0 1 0 2 0 1 2 2 0 1 1 1 1 1 0 1 2 0 2 2 2 2 2 2 1 1 1 2 1 0 2 2 0 2 2 2 2 0 1 2 0 2 1 0 1 0 2 0 1 2 1 1 1 1 1 1 1 1 2 1 2 0 1 1 1 2 1 2 0 0 0 0 1 0 2 1
2 1 0 0 2 0 1 0 1 1 2 2 0 0 0 1 2 2 2 2 2 1 0 0 0 0 1 1 1 0 2 2 2 0 2 2 0 0 1 0 2 0 0 1 2 0 0 0 2 0 1 2 1 0 1 2 1 1 1 1 0 2 0 2 0 2 1 0 0 1 2 0 0 0 1 1 1 1 1 1 2 0 0 1 2 1 0 1 0 2 1 1 2 2 1 2 1 0 0 2
2 1 0 0 1 1 1 0 0 1 0 0 0 2 0 2 0 1 1 2 0 1 0 2 2 2 2 1 1 0 0 2 0 2 2 2 0 0 0 0 0 1 1 1 1 1 1 2 1 2 2 2 0 0 1 2 1 2 0 2 2 1 1 0 0 1 1 0 0 2 0 1 0 1 1 2 0 2 2 2 2 2 2 0 1 1 1 0 2 0 1 2 0 2 1 0 2 2 0 1
1 2 2 1 2 2 0 2 0 2 1 1 0 2 0 1 1 2 0 2 2 0 0 0 0 1 1 2 1 1 2 0 2 1 1 2 1 1 0 1 1 0 1 2 1 1 2 2 1 1 1 1 2 1 0 0 1 2 0 2 1 2 0 2 1 0 2 2 2 2 1 2 0 1 0 0 2 2 1 1 2 0 1 2 2 1 1 0 2 2 0 1 2 2 0 2 2 1 2 1
1 1 1 1 1 2 0 2 0 1 2 0 2 1 0 2 2 1 2 2 2 1 2 0 1 0 1 0 2 0 2 1 1 0 0 1 2 2 0 1 1 1 1 1 2 0 0 1 0 1 2 0 2 2 1 0 2 0 1 0 1 0 1 0 2 0 1 0 0 0 1 1 1 2 1 1 0 0 1 1 0 2 0 0 1 0 0 0 0 0 2 2 0 0 2 1 2 2 0 0
1 0 0 1 0 2 2 0 0 0 2 0 1 1 0 0 2 1 1 2 1 0 0 1 2 2 1 1 0 2 2 1 2 0 2 2 0 1 2 2 0 1 1 2 0 2 1 0 2 0 0 2 0 0 2 2 0 1 1 2 0 1 0 0 1 0 2 2 2 2 2 2 2 0 2 2 1 1 2 0 1 1 1 1 1 0 0 2 2 2 2 1 1 1 1 1 2 0 2 0
1 2 2 0 1 1 1 0 1 1 0 2 0 0 1 2 1 1 1 0 0 2 2 2 2 0 0 0 1 0 0 0 0 2 1 2 0 1 0 0 2 1 1 0 2 2 2 2 0 0 1 0 2 1 2 0 2 0 0 2 2 0 1 2 1 0 2 1 1 2 0 2 1 0 0 1 0 0 1 1 0 1 0 0 0 1 0 0 0 2 0 2 2 0 1 0 0 1 0 1
1 2 0 1 2 1 2 2 1 2 0 2 2 1 1 0 1 2 2 2 2 2 1 0 0 2 1 0 1 1 2 0 0 1 0 2 1 1 0 1 2 0 2 0 1 2 0 1 1 0 0 0 0 0 1 0 2 0 1 2 0 2 1 0 2 1 0 1 1 0 1 1 1 0 1 2 1 0 1 1 2 0 1 2 1 2 0 2 0 0 2 0 1 0 2 2 0 2 1 1
0 0 0 1 2 1 0 0 0 1 0 1 0 1 0 0 2 1 0 1 1 2 2 1 1 0 0 0 1 1 1 2 1 1 0 1 0 0 1 1 2 0 1 0 1 1 2 0 1 2 0 2 2 0 2 2 0 2 1 2 0 0 0 1 0 1 2 0 0 0 1 1 2 2 1 1 2 1 1 2 1 2 1 1 2 0 0 0 2 1 1 2 1 2 2 2 0 1 2 2
1 0 1 0 2 1 2 2 2 1 1 0 1 0 2 1 2 0 1 2 1 2 0 0 1 0 1 2 2 2 0 0 1 2 2 2 1 1 1 1 1 1 1 0 1 1 1 2 1 2 2 1 2 1 1 1 2 0 2 1 1 1 0 0 1 1 1 1 2 2 1 1 2 0 0 0 2 1 1 1 2 0 0 1 1 0 0 2 2 1 2 0 0 2 2 0 0 1 1 1
0 1 1 1 2 1 2 1 0 2 0 0 2 1 0 2 2 0 2 2 0 0 2 1 0 2 0 2 1 2 2 1 0 2 2 0 1 1 1 0 1 2 0 2 0 0 2 2 0 0 0 1 1 2 1 1 2 2 1 2 0 0 0 0 1 1 2 0 2 1 0 2 0 1 1 1 2 1 2 0 1 1 2 0 0 2 0 2 0 2 1 1 2 1 1 2 1 1 1 0
0 2 0 0 0 2 1 1 2 0 2 0 2 2 0 0 1 1 2 0 1 0 0 0 0 0 2 2 0 0 0 0 1 2 2 2 1 2 1 0 1 0 1 1 0 0 0 1 0 0 1 2 0 2 2 1 1 2 0 2 0 2 2 0 1 0 0 2 2 1 0 0 2 1 0 1 0 1 1 1 0 2 0 0 0 0 0 1 1 1 2 0 1 2 0 0 0 0 0 1
1 1 0 1 0 0 1 1 1 0 0 2 0 2 1 2 1 1 1 0 2 1 0 2 0 1 0 2 0 1 0 0 1 2 0 1 1 2 0 1 2 2 1 2 1 2 0 1 2 1 0 1 1 0 1 0 2 0 1 1 0 2 0 1 0 2 1 0 2 0 1 2 2 0 2 0 1 1 2 1 0 2 1 2 2 0 0 2 0 1 0 1 1 1 0 0 2 0 1 2
0 1 2 2 0 0 1 1 1 0 1 1 1 0 0 0 1 1 1 1 2 1 0 1 1 1 2 2 2 2 1 1 1 0 2 0 0 1 1 2 1 2 2 0 0 1 1 0 1 2 0 0 1 0 1 0 2 0 0 1 2 0 2 1 2 0 2 0 2 0 2 1 1 2 2 2 0 2 2 2 1 2 0 2 0 0 0 1 0 0 2 0 2 0 0 1 1 1 0 1
0 1 2 2 1 2 2 0 2 2 0 2 2 1 2 0 1 0 2 1 0 2 2 2 0 2 0 2 1 1 1 2 1 2 1 1 2 2 2 1 0 1 1 1 2 1 0 2 2 0 1 1 2 0 1 1 0 0 2 1 0 2 2 0 2 2 2 2 0 0 0 0 0 0 1 1 0 0 2 1 1 2 1 0 1 2 1 1 2 0 2 0 0 2 1 2 1 1 2 2
2 0 2 2 0 2 2 0 1 0 0 2 0 1 1 2 1 1 0 0 2 2 1 0 2 2 1 1 2 1 2 0 2 0 1 1 1 2 0 2 1 1 2 1 0 0 2 0 1 2 2 0 0 0 0 1 2 0 1 1 1 1 1 1 1 2 2 0 0 2 2 2 1 1 0 2 1 2 1 2 1 2 1 1 2 2 2 0 1 1 1 0 0 1 0 1 1 0 0 0
0 2 0 0 2 1 0 2 2 1 1 0 0 0 0 2 1 2 2 2 1 0 0 2 1 1 0 2 0 1 1 1 2 2 0 2 2 1 1 2 1 2 2 1 0 1 2 0 1 1 1 0 1 1 1 0 1 2 0 0 1 0 0 1 2 0 1 2 2 0 1 2 0 1 1 0 1 2 1 0 2 1 1 2 0 1 0 1 2 0 2 0 2 0 2 1 1 0 1 1
1 0 2 0 0 0 2 2 1 2 2 1 0 2 0 0 0 1 0 1 2 1 1 0 2 2 1 2 0 0 0 0 1 0 2 1 0 1 2 2 1 2 2 1 0 0 0 0 1 2 0 1 0 2 2 1 2 0 2 1 1 0 1 2 0 1 0 0 2 1 1 2 2 1 1 2 0 0 1 0 0 1 0 2 2 1 2 0 1 0 2 2 0 1 1 1 2 2 1 1
2 1 0 2 0 0 1 2 2 2 0 1 2 1 1 1 1 0 2 0 2 1 2 0 1 2 2 0 2 1 2 1 0 2 0 2 1 2 2 2 1 1 2 2 1 1 0 0 1 2 2 1 2 0 2 0 1 2 2 0 1 0 1 0 1 1 1 2 0 0 2 2 2 2 1 1 1 1 2 0 1 1 2 1 1 1 2 1 1 2 1 2 0 0 0 1 2 1 0 2
1 1 2 2 0 0 1 2 2 0 0 2 2 1 2 1 1 0 0 0 1 1 0 0 1 1 2 0 2 2 1 2 2 0 2 1 1 0 2 1 0 0 0 2 1 0 0 1 0 2 0 1 0 1 1 1 0 2 1 1 1 1 1 0 0 0 2 0 0 1 0 1 2 0 0 1 1 0 1 2 0 2 2 0 1 1 1 2 2 1 0 2 1 0 0 0 2 1 0 1
2 2 1 0 0 1 0 0 1 1 0 2 2 0 2 2 1 2 2 1 0 2 2 1 2 0 2 1 0 0 2 0 1 2 2 0 1 1 1 0 2 1 2 2 1 0 2 2 0 2 2 1 2 0 0 2 0 2 2 2 1 2 2 2 0 2 2 0 1 0 2 1 2 0 1 0 0 1 2 2 0 1 1 2 2 1 2 2 0 0 0 0 0 0 0 0 1 2 2 1
2 2 0 1 1 2 1 0 2 0 1 2 0 1 0 1 0 0 0 2 0 1 0 2 0 2 0 0 2 0 1 2 2 1 2 1 1 0 1 1 2 2 1 2 1 0 1 0 0 2 2 0 1 1 2 0 0 2 0 1 1 2 0 1 2 0 1 2 0 1 2 1 0 2 0 0 2 1 0 0 0 2 0 2 1 0 1 1 1 2 1 1 0 0 2 2 1 0 2 2
2 0 0 0 2 0 0 2 0 0 1 2 2 2 2 0 1 2 0 2 0 1 2 0 1 0 0 1 0 2 1 2 0 1 2 2 0 2 1 2 2 1 1 0 1 2 2 2 0 1 1 1 2 0 0 2 1 2 0 2 2 2 2 1 0 1 0 1 2 1 0 2 2 1 1 1 0 1 0 2 0 2 1 1 1 0 1 2 2 2 0 0 2 2 1 2 0 0 0 0
2 1 0 2 2 2 2 2 1 0 0 1 2 1 1 1 1 0 1 2 1 2 1 0 0 0 1 1 0 2 1 1 1 0 1 1 2 1 2 2 2 2 2 0 2 2 1 0 0 1 1 0 2 0 2 0 0 1 2 1 0 2 1 0 2 2 0 0 1 1 1 2 1 2 2 1 1 2 2 1 2 0 1 1 2 2 1 2 2 0 0 1 1 2 2 0 0 0 2 1
1 0 2 0 1 2 2 0 1 2 0 1 1 2 1 0 0 2 1 0 0 0 2 2 0 2 2 0 2 2 2 1 2 0 0 2 1 0 2 0 0 1 1 1 0 2 0 2 1 1 1 0 2 0 2 2 0 1 2 2 2 1 2 2 2 2 0 1 1 0 0 0 1 0 2 0 0 1 0 1 0 2 0 2 2 2 0 1 0 1 1 0 2 0 2 2 2 0 0 1
0 2 0 0 2 0 1 1 1 2 0 2 1 2 0 1 0 0 1 0 2 2 0 1 2 1 2 0 1 1 0 0 2 0 2 2 1 2 0 0 1 2 0 0 2 2 0 0 2 2 0 1 2 1 1 1 1 1 1 1 0 1 2 2 0 2 2 0 1 1 2 0 2 1 1 1 0 2 0 1 2 0 1 1 2 2 1 2 0 0 0 1 1 1 1 0 1 2 0 0
0 0 2 2 1 2 0 0 0 0 1 1 0 1 1 2 2 1 0 1 1 1 1 2 2 1 0 0 0 0 2 2 2 1 0 1 1 1 2 2 1 1 2 0 0 0 1 2 2 2 2 0 1 1 2 2 0 1 2 1 1 0 2 0 0 1 1 0 2 2 1 0 2 2 0 0 1 0 2 1 2 2 0 0 1 0 2 2 1 2 2 1 0 0 2 0 2 2 0 1
2 2 1 0 1 1 1 1 0 2 1 2 2 0 0 0 0 0 2 0 1 1 1 0 1 0 1 2 2 0 0 0 0 1 2 0 2 0 2 0 0 1 0 0 0 0 1 0 1 2 1 0 2 1 1 0 0 2 2 1 0 2 1 1 1 0 0 2 2 1 2 1 0 2 1 0 0 0 2 0 1 2 1 0 1 1 0 2 1 2 2 2 1 1 1 0 2 0 2 2
1 0 2 0 0 1 2 0 1 2 2 2 0 2 1 2 1 0 0 1 1 1 1 2 2 0 2 1 1 1 1 1 1 0 1 0 0 1 0 1 2 1 0 0 1 1 2 1 1 2 2 1 0 0 0 1 1 0 2 2 1 1 2 0 0 0 0 0 0 1 2 2 1 0 0 2 0 2 0 0 1 2 0 2 0 1 1 1 1 0 2 0 2 0 2 2 2 2 1 0
2 2 0 2 2 2 2 2 1 2 2 0 0 2 1 2 2 1 2 1 2 1 0 0 2 0 0 0 1 0 2 2 1 1 1 2 1 1 0 1 1 0 2 1 2 2 0 2 0 0 0 0 0 2 1 0 0 2 2 2 0 1 0 2 1 2 1 2 0 1 1 1 2 1 2 2 2 1 1 0 0 2 1 2 0 1 0 1 1 1 1 2 2 1 2 2 0 2 0 0
1 0 0 0 0 1 1 0 0 1 1 2 0 1 0 2 0 2 0 1 1 2 1 1 0 1 1 0 1 1 1 2 0 1 0 0 1 0 1 0 1 1 0 0 1 0 2 0 0 1 1 0 0 0 1 0 2 1 2 2 0 0 2 1 1 2 0 2 0 1 1 0 1 2 0 2 1 0 0 2 2 2 2 1 1 0 2 2 1 0 1 1 1 0 0 1 1 1 1 1
0 1 0 2 0 1 2 0 1 0 1 0 2 2 0 0 1 0 1 0 1 1 1 1 0 1 1 0 0 2 1 0 0 1 1 2 2 2 1 2 2 0 1 0 2 0 0 1 1 2 1 1 1 1 2 0 2 1 0 0 0 1 2 0 1 2 0 1 0 1 0 0 0 0 0 2 1 0 0 0 0 0 1 2 1 0 2 0 2 1 1 1 2 1 1 1 0 2 2 0
1 2 0 2 2 1 0 0 1 0 2 0 1 0 1 1 0 0 1 2 1 1 2 2 2 1 1 1 1 0 2 0 0 1 0 2 0 2 0 2 0 1 1 2 1 2 1 0 2 0 1 0 0 0 0 2 0 0 1 1 0 1 2 2 1 2 2 2 0 1 2 0 1 2 0 2 2 0 1 2 0 2 1 1 0 1 2 1 0 1 2 0 0 1 1 1 1 1 0 2
2 0 2 1 1 1 2 1 2 2 1 1 0 1 0 1 1 1 0 1 2 2 1 0 2 2 0 2 1 1 2 2 2 0 2 1 1 2 0 1 2 0 0 1 1 0 2 0 1 0 0 1 0 1 0 1 0 1 2 2 1 1 1 2 2 2 0 0 0 0 1 0 2 2 2 0 2 2 2 1 1 1 2 2 0 0 0 0 1 0 0 1 1 0 2 1 0 1 1 0
0 1 0 2 1 1 1 0 2 0 1 1 0 1 2 1 0 1 0 0 1 0 2 0 0 1 0 0 0 0 2 0 1 2 2 2 2 0 1 0 0 0 1 2 0 0 1 1 2 1 1 2 0 2 2 0 0 0 0 0 2 0 2 2 0 1 2 2 2 1 0 0 2 2 0 2 0 1 2 2 1 0 2 2 2 2 2 2 2 1 0 0 1 1 0 2 0 0 1 2
2 1 2 2 1 1 0 1 1 0 2 1 2 0 2 2 1 2 2 0 1 0 2 2 0 2 0 0 2 2 0 0 1 2 0 2 0 0 0 2 1 2 0 0 2 0 0 0 0 2 1 2 2 0 2 1 0 1 0 2 2 2 0 1 2 2 1 1 0 1 1 0 2 1 2 1 1 2 0 1 0 2 2 0 0 1 0 1 0 2 0 0 2 1 0 0 1 0 2 2
1 1 1 1 2 2 0 2 1 1 0 2 2 0 1 0 0 1 0 1 2 1 1 2 0 2 2 2 1 1 1 1 2 0 0 0 0 1 1 1 0 0 1 2 2 2 1 0 1 0 2 1 0 2 0 1 2 2 2 2 2 0 1 0 1 2 0 2 2 0 2 0 2 2 2 0 0 1 2 0 0 1 0 1 2 2 0 0 1 0 1 1 2 1 0 0 1 1 2 1
1 1 1 2 2 0 2 0 2 2 0 2 1 1 1 0 0 1 0 2 1 0 0 2 1 1 2 2 1 2 1 1 1 1 0 2 1 1 1 1 2 0 2 0 1 1 2 2 0 0 2 2 1 0 0 0 0 2 2 1 0 2 2 2 2 2 2 0 2 2 0 1 0 0 0 1 0 2 0 2 2 1 1 2 1 1 0 2 2 2 0 1 2 2 2 1 1 1 2 2
1 2 2 2 0 1 2 0 0 2 2 0 2 2 1 1 0 0 2 0 1 0 0 2 2 2 2 2 1 1 2 2 0 2 0 0 0 1 1 0 0 1 2 2 1 1 2 2 1 0 0 1 0 1 1 0 0 1 2 1 2 2 1 2 2 2 2 1 0 1 2 2 2 0 1 0 0 2 2 1 1 1 2 1 0 1 2 1 1 0 0 2 0 0 2 1 2 2 1 1
1 0 2 1 1 0 1 0 0 2 0 2 0 1 1 2 0 0 1 1 2 1 1 1 2 2 1 2 1 0 2 2 0 2 1 0 0 1 2 2 2 2 2 2 1 2 0 0 1 2 1 2 2 2 2 0 1 0 2 2 2 2 0 2 2 0 1 1 1 0 1 2 0 1 2 0 1 0 0 1 0 1 0 2 0 0 1 0 1 2 2 0 2 2 2 1 0 0 2 1
1 1 0 1 1 1 1 0 1 0 0 0 0 1 1 1 0 2 1 2 2 0 2 2 0 2 2 2 0 2 1 0 1 0 2 1 1 1 0 0 0 2 2 2 0 1 1 0 2 1 2 1 1 2 0 2 0 2 2 2 0 0 1 2 0 0 0 1 1 1 2 0 2 0 0 2 0 1 0 1 2 0 1 1 0 1 2 0 1 1 1 2 0 1 2 1 1 0 2 1
1 0 0 1 2 2 2 2 1 2 1 1 1 1 0 0 2 2 2 1 2 1 1 1 0 2 0 2 0 2 1 0 0 2 2 2 0 1 2 0 1 1 1 2 2 2 2 0 1 2 1 2 1 1 2 2 1 0 2 0 1 2 0 1 2 1 1 2 1 2 1 2 0 2 0 0 2 0 1 1 0 1 1 0 2 0 1 1 2 0 2 2 1 0 0 1 1 2 2 2
1 1 1 2 2 2 2 0 2 2 1 0 0 1 0 0 2 1 2 1 0 0 2 0 2 1 0 0 0 0 2 1 1 0 2 0 1 0 2 1 2 0 2 1 1 0 1 1 1 1 0 2 2 2 1 2 2 1 0 0 1 1 1 2 1 1 1 2 0 2 0 1 2 2 2 2 0 0 0 2 1 1 1 2 0 1 1 2 1 0 2 1 1 1 0 0 2 2 2 2
0 1 2 2 0 0 0 2 1 1 1 1 0 0 0 2 2 1 1 2 2 1 1 0 0 2 2 1 1 0 0 0 2 2 0 0 1 0 0 1 2 1 2 1 1 2 1 1 0 1 2 0 0 1 2 2 2 0 2 1 1 1 1 1 0 2 0 0 2 2 0 2 0 1 0 1 0 2 2 0 2 2 2 2 1 2 1 0 2 2 0 2 0 1 1 1 1 2 1 0
0 0 2 2 2 2 2 2 2 2 0 1 1 0 2 0 2 0 1 0 0 1 1 2 0 2 2 0 0 2 0 0 1 1 0 2 1 1 2 1 0 0 2 0 0 1 1 2 1 0 0 1 1 1 2 1 1 2 1 0 1 2 1 1 1 2 2 2 1 0 2 0 2 2 1 0 2 1 0 2 2 0 1 2 0 2 1 2 1 2 0 2 0 1 1 1 1 0 2 2
0 2 2 0 1 0 1 0 0 1 1 2 2 1 2 2 0 0 2 1 2 1 2 1 1 2 2 1 0 1 0 0 1 1 0 2 1 0 1 1 2 2 0 0 2 2 1 2 2 0 2 0 2 2 2 1 0 2 2 1 2 1 0 1 2 0 0 2 1 2 1 2 0 0 0 0 1 0 2 2 1 2 2 2 0 1 0 0 1 0 1 2 1 0 1 0 1 1 2 1
0 2 1 2 0 0 2 0 0 0 2 0 2 2 0 1 1 1 1 0 2 0 0 1 1 1 1 1 0 0 2 2 1 0 1 0 0 1 2 2 2 1 0 1 2 2 1 0 2 0 2 2 1 2 0 1 0 2 1 2 1 0 1 0 1 2 0 2 2 1 1 0 1 2 2 0 1 0 0 2 2 0 0 1 0 1 0 1 2 2 2 1 2 1 0 1 0 1 0 1
0 2 1 2 2 1 1 2 2 1 1 0 0 0 0 0 1 2 0 2 1 0 1 0 0 1 2 0 2 1 2 0 1 2 1 2 0 0 0 0 0 1 1 0 2 2 0 2 1 1 2 2 2 0 2 0 0 1 1 2 2 0 1 2 2 2 2 1 0 0 1 2 0 0 1 1 2 0 2 1 0 1 0 1 2 1 1 0 0 0 1 1 1 0 0 1 0 2 1 2
0 0 2 0 0 0 1 2 2 1 0 1 2 2 1 2 2 0 0 1 2 1 2 2 0 0 2 2 0 2 2 1 2 1 1 0 0 0 2 2 0 1 0 2 0 1 2 1 2 2 1 1 2 1 0 1 1 0 2 0 1 0 2 0 1 2 2 0 2 2 1 2 2 0 0 0 2 1 1 0 0 0 1 1 2 1 1 1 1 2 0 2 1 1 1 1 0 0 0 2
1 2 0 2 0 2 0 1 0 1 1 0 1 2 1 2 0 0 2 1 1 2 1 2 1 2 0 0 2 1 1 1 1 1 2 0 1 2 0 0 2 1 2 2 1 1 0 0 0 2 2 2 0 1 2 2 2 1 0 1 2 0 0 2 0 0 2 2 0 0 1 2 2 2 2 1 1 0 2 0 2 0 2 0 1 0 1 1 2 1 2 1 0 2 2 1 1 0 1 2
1 0 1 2 2 0 1 1 1 0 0 2 1 0 2 2 1 2 1 0 1 2 2 0 2 2 1 1 2 2 1 2 0 2 1 2 1 2 0 2 1 1 1 2 1 2 0 2 1 2 2 2 0 2 0 1 1 0 0 0 1 1 2 2 2 2 2 2 1 2 1 1 0 0 2 0 1 0 0 1 1 0 1 1 0 1 2 2 0 0 2 1 0 2 1 1 1 2 1 1
1 2 1 0 1 2 1 2 0 2 0 0 2 0 2 1 1 2 0 2 2 0 0 2 1 0 2 2 1 1 1 1 0 2 0 0 0 2 2 2 1 2 0 2 1 2 0 0 0 0 2 0 2 2 1 1 1 1 1 2 2 1 1 1 0 1 2 0 1 2 0 1 0 1 0 1 0 0 2 0 1 2 2 1 0 0 0 1 2 2 2 0 0 1 1 1 0 0 2 1
2 2 1 2 2 2 1 2 2 1 1 1 0 0 2 0 2 2 1 0 1 0 0 1 2 0 1 0 0 2 0 0 2 1 1 2 0 2 0 0 0 0 1 0 2 2 1 2 1 0 0 2 0 2 2 2 1 0 1 0 1 2 1 1 2 0 2 0 2 2 0 0 1 1 1 1 0 0 2 1 2 0 1 2 0 0 0 0 1 1 2 2 0 1 1 2 1 2 1 1
1 1 1 2 1 1 1 0 0 1 1 2 0 1 2 2 0 2 2 2 1 1 0 2 0 1 0 1 0 1 0 2 1 2 2 0 0 2 1 2 1 0 0 2 2 0 2 0 1 2 1 2 0 1 1 2 1 0 0 2 0 0 2 2 2 2 0 2 0 2 0 0 1 0 2 0 0 1 2 1 2 0 0 1 1 0 0 1 1 0 1 1 0 2 2 0 2 1 0 1
0 2 2 2 0 2 2 2 1 2 0 2 1 2 0 0 1 2 1 0 2 2 2 2 0 1 0 2 0 2 0 0 1 0 2 0 1 0 1 0 1 1 1 1 0 2 0 1 2 2 0 2 0 1 0 0 2 1 1 0 1 1 2 2 0 1 1 1 0 0 0 2 2 2 0 0 1 0 2 0 2 0 0 0 0 1 0 0 0 1 2 0 2 2 1 2 2 0 1 0
0 1 2 0 1 1 0 0 0 0 0 0 0 1 0 1 1 1 0 0 2 2 2 1 2 0 2 1 0 0 1 0 1 0 0 1 0 0 1 1 2 0 1 0 1 1 2 1 0 1 1 2 1 2 1 2 0 0 0 1 0 2 0 2 0 0 0 0 2 1 0 1 1 0 1 2 2 0 2 0 0 2 1 1 0 0 2 1 0 0 0 0 1 0 0 2 2 2 2 1
0 1 0 0 0 0 0 2 2 2 0 2 1 2 1 0 2 0 0 0 1 2 0 1 2 1 1 2 0 1 2 1 2 1 1 2 1 1 2 1 0 1 2 0 1 1 2 0 2 0 0 1 1 0 2 1 2 0 1 1 1 0 0 1 0 1 0 0 0 0 2 0 1 1 0 0 2 1 1 1 1 2 2 1 0 1 1 2 1 1 1 0 2 1 0 1 0 0 0 2
1 0 1 1 1 0 2 0 2 1 1 2 0 0 2 0 0 1 2 1 1 1 2 0 1 2 0 0 1 0 0 2 1 0 1 0 2 1 1 0 1 2 0 2 2 0 2 0 2 2 1 0 0 0 1 2 1 1 2 0 2 2 1 1 0 1 2 1 2 0 0 2 1 1 2 0 2 0 2 1 2 1 0 0 2 0 2 0 0 1 0 0 2 2 0 2 2 1 0 0
2 0 1 2 2 1 2 2 2 1 1 2 0 1 0 1 0 2 2 1 0 0 2 1 0 0 1 1 0 0 0 2 2 0 2 2 0 1 1 0 2 2 0 1 0 0 1 2 2 0 0 0 0 0 2 0 1 1 2 0 0 0 0 2 0 1 1 0 0 2 2 0 2 0 0 0 0 0 2 2 1 0 1 2 1 0 1 2 2 0 1 1 0 2 2 0 2 2 2 0
2 1 2 2 0 2 1 1 1 1 0 2 2 1 1 1 2 2 0 2 2 2 0 0 1 0 1 0 1 0 2 2 0 2 2 0 1 2 2 1 1 1 0 1 2 0 2 0 2 0 2 1 1 2 0 0 0 0 0 1 0 1 2 1 1 1 0 0 2 0 1 2 2 1 2 1 1 0 2 0 2 0 2 1 2 0 2 2 1 1 1 1 2 0 2 2 0 2 0 2
2 1 2 1 0 1 0 0 2 2 0 1 1 2 1 1 0 2 0 1 2 2 0 1 0 0 2 2 2 1 1 1 2 2 1 2 1 1 2 0 1 0 2 1 2 2 1 0 0 1 0 1 1 0 2 0 0 1 1 2 1 1 2 2 2 0 2 0 1 2 0 0 1 2 1 2 2 0 1 0 1 2 1 0 1 2 0 1 0 2 1 2 0 0 1 1 2 1 0 0
1 2 1 0 2 2 2 0 2 2 0 2 1 0 1 0 2 1 0 0 0 2 2 2 1 0 1 2 1 2 0 1 2 2 0 1 1 2 2 2 2 2 2 1 2 0 1 0 2 1 2 1 0 2 0 1 2 1 2 1 0 0 2 1 2 2 1 0 2 2 2 0 1 0 0 0 2 1 0 0 2 1 2 0 0 1 2 0 1 0 1 2 2 2 1 2 1 0 0 0
2 2 1 1 2 2 2 0 0 1 1 0 0 1 2 1 0 0 1 2 1 0 2 0 0 1 2 1 1 2 1 2 1 0 2 2 2 1 2 0 1 1 0 0 0 0 0 0 2 0 0 0 0 2 2 1 1 1 0 0 1 0 0 1 1 0 1 0 2 0 1 0 1 2 2 1 1 2 0 1 0 1 1 1 2 0 1 1 0 1 1 1 1 2 0 0 1 1 2 2
1 1 2 1 0 2 0 2 0 2 0 2 1 1 1 2 1 0 1 1 2 2 2 0 0 1 1 0 1 2 1 1 1 0 2 1 0 1 0 0 0 1 2 1 0 1 0 2 1 1 2 2 1 0 0 0 2 2 0 0 0 0 0 2 2 1 2 0 0 2 0 0 2 1 2 0 2 1 2 0 2 2 0 0 1 1 0 0 1 1 0 0 1 1 0 1 2 2 0 2
1 1 2 0 2 1 0 0 2 1 2 2 0 0 2 1 2 0 1 2 2 1 2 0 1 0 0 1 1 0 0 1 1 0 0 0 2 1 1 2 1 2 1 1 2 2 0 0 2 0 2 1 1 2 1 2 0 0 0 0 1 1 2 2 1 2 1 1 0 1 1 0 0 0 0 2 2 1 1 2 2 2 2 0 2 2 1 1 0 2 0 2 1 1 2 1 2 0 2 2
2 0 0 1 1 1 2 1 0 1 0 1 0 2 0 0 0 0 1 0 2 1 2 0 2 2 1 1 0 1 2 2 1 1 0 2 0 1 2 1 1 2 1 0 0 0 1 0 0 2 2 2 1 1 1 0 2 2 2 1 0 1 2 2 2 2 1 2 1 1 1 1 2 2 2 2 2 1 2 0 1 1 0 1 0 1 1 0 2 1 0 1 1 2 1 2 1 2 1 2
1 1 0 2 2 0 0 1 0 1 1 1 1 0 0 2 2 2 2 2 2 1 1 0 0 2 1 2 2 1 2 1 1 1 0 1 1 2 2 0 2 1 1 2 1 1 2 1 0 2 1 2 2 0 1 2 1 0 0 0 0 1 0 2 2 1 0 1 1 1 1 0 2 2 2 1 2 0 2 0 2 0 0 2 1 2 2 0 1 2 2 1 2 0 2 1 0 1 0 1
1 2 1 2 1 2 1 1 1 2 1 1 0 0 1 0 0 1 1 0 0 1 0 0 2 0 2 2 1 1 1 2 0 0 2 0 2 0 1 1 1 0 2 0 0 2 1 2 1 0 2 0 2 0 0 1 1 1 1 0 2 1 1 2 0 0 1 0 0 2 0 0 2 2 1 1 1 2 1 2 1 2 0 2 0 0 1 1 2 2 0 0 1 1 1 0 1 1 0 0
1 2 0 0 2 0 1 1 1 2 2 1 1 0 0 2 0 0 2 0 0 1 0 2 0 2 0 2 1 1 2 0 2 0 0 1 0 0 2 0 1 1 0 2 2 2 1 1 0 2 0 0 0 2 2 2 2 1 0 2 1 2 0 2 2 1 0 2 0 1 0 1 1 0 1 2 1 1 2 0 1 0 0 2 1 2 0 1 2 1 1 1 0 2 1 2 0 0 0 2
0 0 1 2 0 1 1 2 2 2 2 0 1 1 0 2 1 1 0 0 0 1 0 0 2 1 0 0 0 1 2 0 0 1 0 0 2 0 0 0 2 1 1 0 0 2 2 2 2 1 1 1 0 1 2 0 0 2 0 1 1 1 1 1 2 1 0 0 2 0 1 1 0 1 1 0 0 1 2 2 0 1 1 1 0 1 0 1 0 1 0 0 0 1 2 1 2 0 2 1
2 0 0 0 0 1 0 2 0 2 2 2 0 2 0 1 2 2 0 0 0 1 2 0 2 2 1 1 2 0 2 2 2 2 1 0 1 0 1 1 0 2 0 2 2 1 2 1 2 2 0 0 2 0 2 2 0 0 2 1 2 0 2 2 0 2 1 1 1 2 0 0 1 0 1 2 2 1 1 0 0 0 2 2 1 0 2 1 1 0 1 0 1 0 1 2 1 1 1 0
2 2 2 1 0 2 2 2 0 1 0 1 2 2 0 0 1 1 2 2 2 2 1 1 2 1 0 2 1 1 1 2 1 0 2 2 2 0 2 2 0 1 2 0 1 1 0 0 1 2 1 1 0 0 2 2 2 1 1 2 1 2 1 1 0 1 1 2 1 2 2 1 1 1 1 0 0 2 0 2 0 2 0 1 1 0 0 0 0 0 2 1 2 2 0 1 2 2 0 2
2 0 0 2 2 2 1 2 2 1 2 0 1 1 1 2 1 1 2 2 0 0 2 1 2 0 1 0 2 1 1 1 1 1 2 0 1 2 2 0 0 2 1 1 1 1 1 2 2 1 1 0 1 2 0 2 2 0 0 0 0 1 2 1 1 2 0 0 0 1 1 1 0 1 1 2 0 0 1 1 1 2 1 1 1 1 1 0 2 2 2 0 1 0 2 0 0 2 0 2
1 2 0 1 1 2 1 0 2 2 2 2 1 1 2 2 0 1 1 0 2 0 0 1 2 2 1 1 2 0 2 1 2 0 1 0 1 1 0 1 2 2 0 0 1 2 2 2 2 2 1 0 2 2 2 0 0 1 1 2 2 2 0 2 0 1 2 0 1 1 1 2 1 0 2 0 2 2 2 2 2 0 1 2 0 1 1 0 1 0 2 2 0 2 1 2 1 0 0 1
2 2 0 1 2 0 1 0 2 1 1 2 0 2 0 1 1 2 2 0 2 2 0 0 1 0 1 0 2 0 2 0 0 2 0 1 1 0 0 1 2 0 1 1 1 0 1 2 1 0 1 2 1 0 0 0 1 2 1 2 0 0 2 2 1 0 1 1 2 1 0 0 2 2 1 2 1 2 2 1 1 2 1 0 1 2 1 2 1 1 2 1 0 0 2 2 0 0 2 1
2 0 1 2 1 1 0 2 2 2 2 0 1 1 2 1 2 2 1 2 2 2 1 2 2 0 1 2 1 0 2 1 1 2 0 1 1 2 2 2 0 2 0 0 2 0 0 0 1 2 1 2 1 2 0 1 2 2 2 0 2 1 1 1 2 2 1 2 0 0 0 1 2 0 0 0 0 2 2 1 1 2 2 2 1 1 0 0 1 2 1 1 1 1 1 2 2 2 2 1
0 0 0 1 0 1 0 0 2 2 2 2 1 2 2 0 2 1 0 1 1 1 2 0 1 1 0 0 0 0 1 2 0 1 1 0 1 0 2 0 2 0 1 1 1 2 1 0 2 2 1 2 0 0 1 2 1 1 0 2 2 0 1 0 1 0 1 2 1 1 0 0 1 0 2 0 0 0 1 2 0 1 1 2 1 1 1 2 2 0 1 0 2 1 2 2 0 2 2 2
0 2 1 0 2 2 1 0 2 2 1 1 2 2 1 0 2 1 1 1 1 2 0 1 2 0 1 0 2 1 2 0 0 1 1 2 0 1 1 1 1 1 2 1 2 0 0 0 2 0 2 1 0 2 1 2 0 2 1 1 0 2 1 2 2 1 2 2 2 0 1 1 0 1 0 1 1 2 2 2 0 1 0 1 1 1 1 0 2 2 0 0 1 2 2 2 1 0 1 2
1 1 0 2 0 1 1 2 2 1 1 2 2 2 1 1 0 1 2 0 1 0 0 2 2 0 0 1 2 1 1 2 0 1 0 0 0 0 1 2 0 0 2 0 2 0 1 1 0 0 2 2 0 2 0 2 1 2 2 1 0 2 1 0 1 2 1 0 1 0 0 2 1 0 0 2 1 1 1 1 2 1 2 2 2 1 2 1 0 1 1 2 2 2 1 2 0 0 0 2
1 1 1 0 2 1 2 0 0 2 0 2 2 0 0 2 2 1 1 1 1 0 1 1 0 2 1 0 1 1 1 2 2 0 2 2 0 1 0 1 2 2 2 1 0 2 2 0 2 1 2 0 2 2 2 2 2 0 1 2 0 2 2 0 2 0 0 2 2 1 2 2 0 1 2 2 2 2 0 0 1 2 0 1 2 0 1 1 2 0 0 1 1 0 2 2 1 0 2 1
0 1 1 1 0 1 0 2 1 0 0 0 2 2 0 2 1 0 2 1 0 1 2 2 2 1 1 1 0 2 2 2 0 1 2 1 1 0 1 1 1 1 2 0 0 1 0 0 1 1 0 0 2 2 1 0 2 1 2 0 1 1 1 2 0 1 1 2 2 2 0 2 2 0 0 2 1 1 0 0 0 2 2 0 2 1 2 2 2 2 1 0 2 0 1 2 1 1 2 0
0 0 1 2 0 1 0 2 0 0 2 0 1 2 0 1 1 0 0 2 2 0 2 1 2 0 1 1 1 2 1 1 0 2 2 1 1 2 2 0 0 0 2 2 1 0 0 0 1 0 2 1 0 1 1 1 2 0 0 1 2 2 2 1 0 1 1 1 1 2 1 1 2 2 1 2 2 2 1 0 1 1 2 2 0 1 1 1 2 0 2 1 1 2 0 1 0 1 0 1
2 1 0 1 0 2 0 1 0 0 0 0 1 2 2 0 2 1 0 0 2 2 2 0 1 1 2 0 2 2 0 2 0 0 0 2 2 1 2 1 0 0 2 2 1 1 1 1 0 1 0 2 2 1 2 1 2 2 2 2 0 2 1 1 0 0 0 2 2 0 0 0 1 1 1 2 1 1 2 1 2 2 2 1 1 2 2 2 0 2 1 1 1 2 2 2 2 2 0 2
1 0 0 2 2 1 2 1 1 2 2 0 0 2 0 1 0 1 0 2 2 0 0 2 0 0 2 2 1 0 0 0 1 2 0 0 0 0 2 2 2 2 1 0 2 1 1 0 0 1 2 2 1 2 2 2 0 0 0 2 2 1 2 2 0 2 2 2 0 0 2 2 2 1 2 0 0 1 2 0 2 2 1 2 2 0 2 0 0 1 2 1 2 2 2 0 1 1 1 1
1 2 2 1 1 0 0 0 1 2 2 2 1 0 0 2 0 1 0 2 2 1 1 0 0 2 2 1 2 0 0 1 0 1 2 1 0 2 1 2 1 1 2 0 2 0 1 0 0 1 2 2 0 0 2 0 0 2 0 1 2 2 2 0 0 2 0 1 2 0 2 1 0 2 0 1 0 1 0 0 0 2 1 0 0 2 1 0 1 1 2 1 1 1 1 0 2 2 1 1
0 1 2 1 2 1 0 2 1 0 1 2 2 1 2 0 0 0 2 0 0 0 1 2 2 2 2 1 2 2 0 2 0 1 2 0 2 0 2 1 0 2 0 1 2 1 0 1 1 0 2 2 0 0 0 0 0 0 1 1 1 1 0 2 2 2 2 2 1 2 1 1 2 1 0 0 0 2 1 2 0 1 0 1 0 0 2 1 1 0 2 1 1 0 1 2 2 1 0 0
2 2 2 0 2 2 1 0 1 2 1 0 0 1 0 2 2 0 2 2 2 1 1 0 0 1 0 2 2 2 0 2 0 2 1 1 1 1 1 1 0 2 2 0 1 2 2 2 1 1 2 1 0 0 1 1 2 1 1 1 2 1 1 0 0 0 2 1 2 0 2 2 1 0 1 0 2 2 2 1 2 0 1 0 0 0 2 2 0 1 1 2 2 1 2 0 0 0 1 1
0 1 1 0 2 2 2 0 0 1 2 2 2 2 2 2 0 2 1 1 0 1 1 2 0 0 2 2 0 1 1 2 0 2 2 0 2 0 0 1 1 0 0 1 2 2 1 1 2 1 1 2 1 1 2 2 2 1 2 1 2 0 0 2 1 2 2 1 0 2 2 1 0 1 2 2 1 2 1 1 1 2 2 1 2 0 1 2 1 2 0 0 2 0 2 1 0 2 0 0
1 2 0 0 1 2 1 1 0 0 0 0 2 1 0 1 1 0 0 1 0 1 0 0 0 1 0 0 1 1 2 2 2 0 0 1 2 0 2 1 2 0 2 0 2 2 2 0 1 0 0 2 0 1 2 1 1 1 0 2 0 2 2 2 1 1 2 1 2 2 1 1 0 2 1 2 2 1 0 1 2 1 0 2 2 1 0 0 2 1 1 1 0 0 2 2 1 1 2 0
2 2 1 2 1 2 1 2 2 0 2 2 2 0 0 0 1 0 2 1 2 0 2 1 0 2 0 1 0 1 2 1 1 2 1 1 1 2 0 0 1 0 2 2 0 0 0 2 1 1 1 2 2 1 2 0 1 1 1 2 0 2 1 0 1 1 2 2 1 2 1 2 0 2 2 0 2 2 0 2 0 1 0 1 0 1 0 1 1 1 2 2 0 0 0 1 2 0 0 2
1 1 1 2 1 1 2 2 0 0 2 2 2 0 1 1 1 1 1 1 1 1 1 2 0 1 0 1 0 2 1 2 2 1 0 1 2 2 1 2 2 1 0 2 2 2 1 1 0 0 2 1 2 2 0 1 1 2 2 0 2 2 1 0 2 2 1 1 2 1 2 1 2 2 1 0 2 1 1 1 1 0 1 1 2 2 0 1 1 0 1 2 0 1 0 0 2 2 0 1
1 1 2 1 1 0 2 0 0 1 2 2 1 1 2 1 2 0 2 0 2 1 1 0 0 2 2 0 2 0 0 0 0 2 1 0 0 1 2 0 2 1 1 2 0 0 2 2 2 1 1 0 2 2 0 2 1 1 0 2 1 0 1 0 0 2 2 2 1 0 2 2 2 1 2 1 1 1 1 1 2 2 2 2 0 0 0 2 0 2 2 0 0 0 2 1 1 1 2 2
0 1 1 0 2 0 0 0 1 1 1 1 0 1 0 1 0 2 0 0 1 2 2 1 2 0 2 2 0 0 1 1 2 1 0 1 0 1 1 0 2 2 2 1 0 0 2 0 1 0 1 2 0 1 0 1 2 2 2 2 2 2 1 0 1 1 1 2 2 0 1 2 1 2 1 1 2 1 0 1 2 0 1 0 2 2 2 2 0 1 1 2 2 2 2 1 0 1 2 1
0 0 2 1 0 0 1 0 2 0 1 2 1 0 2 0 1 1 0 1 0 2 1 1 0 0 2 0 0 1 0 2 1 2 1 2 2 0 2 1 0 1 1 2 1 0 1 1 2 2 1 1 0 1 0 1 2 0 0 1 2 0 2 0 2 1 2 0 2 1 0 0 1 2 0 0 1 1 0 0 2 0 2 1 1 1 2 2 0 1 1 2 2 0 2 0 2 0 2 0
2 0 1 2 1 0 1 0 0 2 1 1 0 0 2 2 0 2 0 0 2 0 0 0 2 2 2 1 0 0 0 2 2 1 1 2 2 2 2 0 0 2 2 2 2 1 1 0 1 0 0 1 0 2 2 0 0 0 0 2 1 1 0 2 0 1 2 0 2 2 0 2 1 1 1 2 1 0 2 2 0 0 0 1 2 2 1 0 2 2 2 1 1 0 1 2 2 1 1 1
1 1 2 1 2 0 1 1 1 1 0 0 0 2 2 2 1 0 2 2 2 0 2 1 2 1 1 1 0 2 0 2 2 1 2 2 2 0 1 0 1 2 2 0 0 0 1 0 1 1 2 2 2 2 1 2 0 2 2 2 2 0 1 1 1 1 0 0 0 1 0 1 1 1 0 2 0 2 0 2 1 0 0 2 0 1 0 0 2 1 1 2 1 0 2 1 2 1 0 1
1 0 0 2 2 1 2 0 1 2 1 2 2 2 1 0 1 1 2 1 2 2 2 0 1 0 0 1 1 1 1 2 2 1 2 2 1 1 1 2 0 1 0 1 0 0 0 2 0 0 1 1 2 0 1 0 0 1 1 1 0 1 2 1 0 2 2 2 0 1 1 2 0 0 1 1 2 2 1 0 1 2 1 0 1 2 1 2 1 1 1 2 2 1 0 2 2 2 1 0
2 0 1 0 1 1 2 2 0 1 2 0 2 1 1 0 1 2 2 2 2 0 1 2 1 2 2 1 2 1 1 1 0 2 1 0 2 0 1 2 0 2 1 2 1 2 1 0 2 1 1 2 0 0 2 0 2 2 1 0 2 2 1 2 2 1 1 0 1 2 0 1 1 0 1 2 2 2 1 1 1 1 2 1 2 1 2 1 0 1 2 2 0 1 2 0 2 1 2 1
1 2 1 2 0 1 2 0 2 1 1 1 0 0 0 2 0 1 0 0 0 0 2 0 2 0 0 1 1 1 0 1 0 0 2 1 1 2 2 2 2 2 2 0 2 1 1 2 1 1 2 2 2 1 0 2 2 1 0 1 0 0 2 0 0 0 1 0 1 1 2 1 2 2 0 2 1 1 1 1 1 1 1 2 1 0 0 2 1 0 2 0 2 1 0 0 0 2 0 1
2 2 1 1 1 0 2 0 2 0 1 1 0 1 0 1 2 0 1 0 2 1 2 0 0 0 2 2 2 2 1 1 1 2 1 1 1 2 0 0 1 0 1 2 1 1 1 1 2 0 0 0 0 1 0 2 1 0 2 1 1 1 2 0 1 1 0 2 2 1 0 1 0 2 1 0 1 1 2 1 0 1 2 0 2 1 1 0 2 0 2 2 1 1 2 2 0 1 1 1
2 0 0 2 2 2 0 2 1 0 1 2 1 1 2 0 2 2 2 2 0 1 2 0 1 0 0 1 1 2 0 1 2 1 1 0 2 1 1 1 1 1 0 2 0 0 1 0 0 2 1 0 1 2 1 0 2 0 0 1 0 1 1 2 2 2 1 0 1 2 0 2 0 1 1 2 1 2 1 2 1 1 0 2 1 2 2 0 0 1 1 1 0 1 1 2 0 1 0 2
1 0 0 1 0 1 2 1 1 0 2 0 0 0 1 1 2 1 2 2 0 0 1 1 2 2 1 2 1 2 2 2 0 0 1 1 1 2 2 2 1 0 2 2 0 0 0 1 2 2 0 1 0 0 0 2 1 2 1 2 1 1 0 2 1 2 2 0 2 1 0 0 2 1 1 2 0 2 0 1 1 2 1 0 1 2 0 2 0 2 1 2 1 1 2 1 0 1 1 1
0 0 0 0 2 1 2 2 0 0 1 1 2 0 0 2 1 1 0 1 2 0 1 0 1 0 0 1 1 2 0 2 1 0 1 1 1 0 1 1 2 1 0 0 1 2 2 0 0 0 0 0 2 1 0 1 0 2 0 1 2 0 2 2 0 0 0 1 2 0 0 0 1 1 1 1 2 2 1 1 2 2 1 2 2 1 1 2 2 1 2 2 1 1 0 0 2 0 2 2
1 0 1 0 1 0 1 1 2 1 2 2 0 0 0 0 2 2 0 2 1 0 0 1 1 2 1 1 2 1 0 0 0 1 0 2 2 1 2 1 2 1 1 1 0 1 1 1 2 0 1 0 2 2 0 1 1 2 1 2 1 1 0 2 2 1 2 0 1 2 1 1 1 0 0 2 1 2 1 2 2 1 0 2 1 1 1 2 2 1 1 1 0 1 2 1 2 0 1 2
0 2 1 2 2 1 1 1 1 1 2 2 0 2 1 2 0 2 2 0 2 0 1 2 0 2 1 1 2 0 2 0 2 2 1 0 2 2 2 1 1 2 2 0 2 1 0 2 0 2 2 2 1 2 0 1 1 0 2 0 1 2 2 1 0 0 0 2 2 2 0 0 1 2 2 1 1 2 1 1 2 0 1 0 1 1 2 0 0 2 2 0 1 0 1 0 0 0 0 2
0 0 0 0 1 0 2 2 2 2 1 0 1 1 0 2 0 0 1 1 0 1 0 1 1 1 2 2 1 1 0 0 0 2 0 0 2 0 0 2 0 0 0 2 2 1 2 1 2 2 2 2 1 2 2 0 1 1 2 0 2 1 2 0 1 1 2 0 1 1 0 0 2 1 0 1 2 1 0 1 1 0 0 1 1 2 0 0 2 0 2 1 2 0 0 0 1 1 1 0
2 2 0 2 1 1 1 2 2 1 1 0 0 0 2 0 1 1 1 1 1 0 2 2 2 0 0 2 0 0 1 1 0 1 0 0 1 1 2 2 1 2 2 0 2 1 1 2 0 2 2 0 2 1 0 2 0 0 1 2 1 0 1 1 1 0 1 1 0 1 0 0 2 1 1 1 1 0 1 1 2 2 1 1 1 0 1 1 1 2 2 0 2 2 1 2 1 0 0 0
2 2 2 1 2 1 1 2 1 2 2 0 2 2 1 0 2 1 2 2 0 2 2 2 1 2 0 1 0 0 2 2 2 1 2 0 0 0 2 1 2 1 1 1 1 1 2 2 0 2 2 2 2 2 2 0 1 1 0 2 1 2 1 1 1 1 2 1 1 1 1 1 2 0 2 0 1 1 0 1 0 2 2 0 0 1 0 2 1 2 0 0 1 0 0 1 2 0 2 0
1 1 2 1 1 1 1 1 2 2 1 0 2 0 2 1 1 2 0 1 2 2 0 1 0 0 2 0 1 0 1 0 0 1 1 0 0 0 2 0 2 0 1 0 2 1 1 2 1 2 0 2 2 1 1 0 2 2 1 2 2 0 0 2 2 2 1 1 1 0 2 0 0 1 2 2 1 1 2 1 2 2 2 2 1 2 1 2 0 1 2 2 0 2 2 2 2 1 1 2
0 2 0 1 2 0 1 2 2 1 0 1 2 1 0 2 0 2 1 1 1 2 0 0 1 1 0 2 2 1 2 0 2 0 1 2 0 2 2 2 2 1 2 1 0 2 0 1 2 1 0 0 0 0 2 0 0 1 2 0 0 0 1 1 2 2 0 2 0 2 2 2 0 2 0 1 0 2 0 2 2 1 2 1 0 2 2 2 0 1 2 1 2 1 2 1 2 0 0 0
2 0 2 0 0 1 2 1 2 0 2 1 0 2 2 1 2 0 2 1 2 0 1 0 2 0 1 1 1 1 1 0 2 0 2 1 1 2 1 2 0 0 0 0 2 1 2 0 2 0 2 1 2 1 0 1 2 2 0 1 2 1 2 1 0 0 0 2 2 1 2 0 2 0 2 1 1 2 2 2 0 0 1 2 1 0 0 0 0 1 0 0 2 2 1 0 0 2 1 2
2 1 1 0 1 1 0 1 2 0 0 0 1 0 2 2 1 0 0 0 1 0 1 0 0 2 2 0 2 0 1 1 2 0 0 2 1 1 1 0 2 2 0 0 2 2 0 2 2 2 1 1 2 2 2 1 2 2 1 0 2 0 0 1 2 2 0 0 1 2 1 0 1 0 2 1 1 2 0 2 1 0 1 2 2 0 2 2 1 0 1 1 0 1 1 1 0 1 1 1
1 2 2 2 0 2 2 1 0 0 1 2 1 1 1 1 0 1 2 1 2 0 0 2 2 2 0 0 2 2 0 1 1 0 2 1 0 1 0 2 1 1 0 0 1 0 1 1 2 2 1 1 1 2 1 1 0 0 1 1 2 2 1 2 0 0 0 2 2 1 0 0 2 1 2 1 0 0 1 1 1 2 2 0 0 2 1 1 0 1 1 0 1 0 0 0 1 1 1 0
0 1 0 0 2 0 2 0 1 1 1 1 1 0 1 0 2 2 2 0 2 1 0 2 0 0 2 2 2 0 1 1 0 2 0 2 2 2 1 2 2 0 1 1 1 1 1 1 1 1 0 1 0 2 0 1 2 1 1 2 0 1 0 2 0 0 1 1 1 2 1 2 2 2 2 2 2 1 0 2 1 0 2 0 0 1 1 1 2 0 1 2 1 2 2 0 0 1 1 2
0 2 2 1 0 1 2 1 0 0 0 2 1 1 1 2 2 2 1 1 2 1 1 0 2 1 2 2 2 1 1 0 1 2 0 0 0 1 2 1 1 2 2 2 2 2 1 0 0 2 1 2 2 1 2 1 2 1 1 1 1 0 0 2 1 0 1 1 1 2 2 2 0 2 1 0 2 1 1 0 2 2 2 0 0 2 1 1 2 2 1 0 0 2 0 1 0 0 2 1
0 1 0 0 1 1 2 2 0 2 0 2 0 1 0 1 1 0 2 0 2 1 1 0 1 2 2 2 2 0 1 2 2 1 1 1 0 1 2 1 2 0 2 0 2 0 1 1 0 0 2 1 1 2 2 1 1 2 2 0 0 1 0 2 2 1 2 0 1 2 1 1 1 0 0 0 2 0 2 0 0 1 2 2 2 1 0 2 2 1 1 1 0 2 1 1 1 1 2 2
2 1 0 2 0 2 2 0 1 2 2 2 2 2 2 1 0 1 2 1 0 1 0 0 2 2 1 0 1 0 2 1 1 0 2 0 1 0 0 0 2 2 1 2 2 0 1 1 1 2 1 1 0 2 2 1 1 1 1 0 0 0 2 1 0 1 1 0 2 0 0 0 2 2 0 0 1 2 1 0 1 1 2 2 2 2 1 1 0 0 2 0 2 1 2 0 1 2 1 1
1 1 0 2 2 2 2 2 1 0 0 1 2 2 0 2 0 0 1 2 1 2 0 2 2 1 1 2 0 0 2 2 2 0 2 2 2 1 2 0 2 2 2 0 1 0 0 0 1 0 2 2 2 1 0 0 2 1 2 2 0 0 2 1 1 0 1 1 2 0 1 1 0 1 2 2 2 0 2 2 1 1 1 1 0 1 0 2 0 2 0 0 0 2 2 1 0 2 1 0
1 2 0 0 0 1 0 0 0 1 1 1 2 1 0 0 0 1 2 1 1 2 0 0 1 2 0 0 2 2 0 1 1 2 2 1 2 0 0 2 2 1 2 0 0 1 2 2 1 0 2 0 2 1 2 2 1 0 0 0 1 2 2 1 1 2 2 0 2 0 0 1 2 0 0 2 2 0 1 1 2 0 1 1 1 1 2 2 2 2 0 0 0 0 1 1 0 0 1 2
2 1 0 1 0 1 0 2 2 0 1 0 2 1 2 2 0 0 2 2 0 2 0 0 0 1 0 1 2 1 1 0 2 1 2 0 1 0 2 0 2 2 1 0 2 0 1 0 0 0 2 0 1 1 1 0 2 2 2 0 2 1 0 0 2 1 1 0 1 1 1 0 1 2 2 0 1 2 1 0 2 2 1 2 2 2 0 0 0 2 1 2 1 1 2 1 1 0 2 2
2 1 0 2 1 2 0 2 0 1 0 1 1 1 0 0 2 0 0 2 1 0 0 2 0 2 1 0 1 2 0 0 1 1 1 1 0 0 0 2 2 0 2 2 0 0 0 1 2 0 1 0 0 0 0 2 2 2 1 0 0 0 1 0 0 1 0 2 0 0 0 0 0 0 2 2 1 0 2 2 1 2 0 1 2 1 1 2 0 0 2 0 2 0 2 0 0 2 0 1
1 1 0 2 1 1 1 2 0 1 1 1 0 1 1 0 2 1 2 2 0 0 2 0 1 1 1 0 0 2 0 0 1 1 1 0 0 1 0 1 2 1 1 2 0 1 1 2 2 0 0 1 2 1 0 1 0 1 2 2 2 0 1 0 1 0 0 0 1 1 0 0 0 0 1 2 2 0 0 1 0 2 1 1 1 1 0 0 0 1 2 0 0 0 0 1 0 1 1 0
0 1 0 1 2 2 0 0 2 1 2 2 2 2 0 0 2 2 0 2 1 1 1 2 2 2 0 0 2 0 2 0 0 0 1 0 0 1 1 2 2 0 1 1 1 0 2 0 2 2 1 0 1 2 2 2 0 0 0 0 0 0 2 1 1 0 0 2 2 2 1 1 0 1 0 1 1 0 1 0 1 1 1 2 2 2 2 2 2 1 2 1 2 1 0 2 2 0 2 0
0 0 1 0 0 2 0 0 2 2 0 0 1 2 1 0 0 0 2 2 1 1 0 1 1 2 1 2 0 1 2 2 0 2 0 2 2 1 2 2 0 0 2 0 2 1 1 0 0 0 2 2 0 1 2 1 0 2 1 0 0 2 2 1 2 1 1 2 0 0 2 1 0 0 1 1 1 0 0 2 1 0 2 0 2 0 2 2 1 2 2 0 0 1 2 1 0 2 2 0
0 1 0 2 0 1 2 1 0 2 2 0 2 0 2 1 0 1 1 2 2 1 1 0 1 1 1 2 1 0 2 0 1 2 1 0 0 1 1 0 2 2 1 0 0 1 0 1 1 1 2 2 2 2 2 2 0 2 1 2 1 2 2 0 1 0 0 0 0 1 2 2 0 2 2 1 2 2 1 2 2 0 2 0 2 2 1 1 1 1 1 1 0 2 2 2 1 2 0 1
2 0 0 2 1 2 0 2 0 2 1 2 1 0 0 0 0 2 1 1 2 0 2 0 1 0 0 2 2 2 2 2 2 0 0 2 1 1 0 1 1 2 1 2 2 1 1 2 0 0 0 1 2 0 0 2 2 1 0 0 0 2 1 0 0 0 0 1 1 2 2 0 0 1 1 1 0 2 1 2 0 1 1 2 2 1 0 2 1 0 2 0 1 1 1 2 2 0 2 2
1 1 1 0 1 0 1 2 0 1 0 1 0 0 1 1 0 0 1 1 2 2 2 2 0 2 0 0 2 0 2 2 1 1 0 1 1 0 0 1 2 1 0 2 0 1 1 1 0 0 0 2 2 0 2 1 0 1 2 2 1 0 2 1 0 2 0 2 0 2 2 0 0 1 1 0 0 1 1 0 0 2 1 2 0 2 1 2 2 2 1 2 2 2 0 1 2 1 0 0
2 1 1 1 1 1 2 0 2 2 2 1 2 0 0 0 0 0 1 0 0 0 0 2 0 0 2 1 0 0 0 1 0 0 1 2 2 1 2 0 1 0 2 1 2 0 0 1 2 0 1 0 2 0 0 1 1 2 1 1 0 0 1 0 2 2 1 0 0 0 1 2 0 1 1 0 1 1 0 1 2 0 0 0 1 1 2 1 0 2 2 0 2 1 0 2 1 2 0 1
2 2 0 2 2 0 0 2 2 0 1 0 0 2 2 0 2 1 2 2 1 0 1 1 0 2 1 2 0 1 2 1 2 2 1 2 2 2 2 0 1 0 0 0 0 0 1 1 0 0 0 0 2 1 2 2 1 2 1 2 0 1 1 0 0 2 1 0 2 2 1 1 2 0 1 2 0 1 1 0 0 2 2 2 0 0 0 2 1 2 1 0 1 0 2 0 0 2 0 0
2 2 1 1 1 2 2 0 0 2 1 1 0 0 2 1 1 0 2 2 2 2 0 0 2 0 1 2 2 2 0 2 1 2 1 2 2 2 1 2 2 1 2 2 0 0 2 1 0 2 0 1 0 1 1 0 1 0 0 1 2 0 1 0 2 1 1 2 2 0 0 1 0 1 2 1 0 2 2 0 2 0 1 1 0 1 2 1 0 0 2 0 0 1 0 0 0 2 2 0
0 1 2 2 1 2 2 2 2 1 1 1 2 1 2 1 0 2 2 2 1 1 0 2 0 0 2 2 1 0 1 0 2 2 0 0 2 1 1 1 1 0 1 0 0 2 0 1 1 1 1 1 0 0 0 1 0 0 2 0 2 2 2 2 2 1 2 0 0 2 2 0 2 2 2 1 1 1 0 0 2 1 1 0 2 2 2 0 2 2 1 1 2 2 2 0 1 2 0 0
1 2 1 2 2 2 2 1 1 2 0 1 1 0 2 2 0 2 1 1 1 1 2 2 1 2 1 0 1 1 2 0 0 1 2 2 2 2 2 2 2 0 1 1 1 2 0 2 1 0 2 1 1 2 2 0 0 2 0 1 2 0 0 2 1 0 2 1 1 1 0 0 0 0 1 0 1 0 0 1 2 2 1 2 1 2 2 1 0 0 1 1 1 2 2 1 2 1 0 2
2 2 2 1 1 0 2 2 1 1 0 2 0 1 2 0 0 0 1 2 1 0 0 0 1 0 0 2 1 0 1 2 2 0 2 1 0 0 1 0 2 0 2 0 0 1 0 2 0 1 0 1 1 1 1 0 2 0 2 1 0 1 1 2 2 1 2 1 1 0 2 1 1 2 2 2 1 2 0 2 0 0 0 2 0 1 0 2 1 1 2 1 0 1 2 0 1 2 1 2
1 2 0 1 2 1 0 1 0 2 0 1 1 2 0 0 2 1 2 1 1 2 2 0 0 2 0 1 2 0 0 0 2 1 2 2 0 0 2 2 2 1 0 1 0 2 1 2 0 2 0 0 2 0 1 0 1 0 0 2 2 1 1 0 2 0 1 0 1 1 2 2 1 2 0 1 1 2 1 0 0 0 1 2 2 0 0 1 0 2 1 1 2 0 0 0 2 2 1 2
2 0 0 0 1 1 2 2 0 0 1 0 1 2 2 0 2 1 0 0 1 1 2 0 2 2 2 0 0 0 1 2 2 0 0 2 1 0 2 2 1 2 0 2 1 0 0 2 2 2 0 1 2 0 0 0 2 2 2 2 1 1 2 1 1 0 2 1 2 2 2 0 1 0 0 0 1 1 2 2 0 1 0 2 2 1 2 2 0 0 1 2 0 2 0 0 1 0 2 0
2 2 0 2 0 1 0 1 2 1 0 0 1 1 2 1 2 0 0 0 2 1 2 1 2 1 0 1 0 0 2 2 2 2 0 1 0 1 1 2 2 0 1 1 1 2 2 1 1 2 2 2 1 1 2 2 2 1 2 2 1 2 1 0 0 2 0 1 1 1 2 2 2 0 0 1 1 2 2 0 2 1 0 1 1 0 0 2 1 0 1 1 2 1 2 2 2 0 2 1
1 2 2 2 1 1 2 2 2 2 0 0 0 2 2 0 1 0 1 2 2 0 1 1 2 1 0 1 2 0 1 1 1 0 2 2 2 2 2 0 1 1 0 1 1 0 0 0 0 0 1 0 2 1 2 2 0 1 1 1 0 2 2 2 0 0 0 2 1 2 1 1 1 0 1 1 1 2 0 2 0 0 1 2 2 0 1 0 2 2 1 0 1 2 0 2 1 0 0 1
1 2 0 0 0 1 0 1 2 0 1 0 2 2 0 1 0 2 0 1 1 0 1 0 0 1 2 2 2 0 1 0 1 2 0 1 1 1 2 2 2 1 0 1 1 0 0 2 0 2 2 0 1 0 0 1 0 2 2 0 0 2 0 1 2 1 0 2 0 2 0 1 2 0 2 1 1 1 1 2 2 1 0 2 1 2 1 1 0 2 2 2 0 0 2 2 2 2 2 2
1 2 1 1 2 0 2 2 2 1 0 0 1 1 0 1 2 2 1 2 2 2 1 1 0 2 0 1 2 2 2 2 2 0 2 1 2 1 2 1 0 0 1 2 1 0 0 1 1 1 2 1 0 2 1 2 0 2 1 2 0 0 0 0 0 0 2 1 2 1 1 2 2 2 1 1 1 2 1 2 2 1 0 1 0 1 1 2 0 0 0 1 0 2 1 0 0 2 2 2
1 0 1 2 2 1 0 0 0 0 2 0 2 0 1 2 0 2 0 1 1 1 0 0 1 2 0 2 0 0 1 0 0 0 0 1 2 0 2 2 0 1 0 1 0 1 2 0 0 2 2 1 1 2 1 2 2 2 1 0 2 2 1 1 0 0 1 1 0 1 0 1 2 1 0 2 0 2 1 2 0 0 2 1 1 1 2 2 1 1 1 1 0 1 2 2 1 1 0 0
2 1 2 2 0 2 2 2 1 1 0 1 1 1 1 0 1 0 0 0 2 1 2 0 2 2 1 1 2 1 1 0 0 0 2 1 0 1 2 1 2 2 2 1 0 0 1 2 0 1 0 1 2 0 1 2 1 1 0 2 0 1 2 2 0 2 2 0 2 1 0 1 1 2 1 2 1 0 0 2 2 0 1 0 2 2 1 2 2 1 1 2 1 1 0 0 1 1 2 0
2 0 2 0 1 2 2 2 1 0 2 2 1 1 1 2 0 1 2 0 2 2 0 0 1 2 0 0 2 0 0 1 1 2 0 1 0 1 0 1 1 2 0 0 1 0 0 2 0 0 2 2 1 1 1 0 0 0 1 2 1 0 2 0 0 2 2 1 1 0 1 1 1 0 2 2 0 2 2 1 0 0 0 1 0 0 2 1 2 2 0 0 1 0 2 1 1 1 2 1
2 1 0 1 0 1 2 0 2 2 2 2 2 2 2 1 0 0 2 1 1 0 1 2 2 1 2 0 2 2 0 0 0 2 0 0 0 0 0 2 1 2 1 1 2 2 1 0 0 0 1 2 2 1 0 0 0 0 1 0 2 0 0 0 0 0 1 0 0 0 2 0 1 2 1 0 0 2 1 2 1 2 1 0 0 1 2 1 1 2 1 1 2 0 2 1 1 0 1 2
0 0 2 1 0 0 1 1 2 2 1 2 0 2 2 1 0 2 1 1 0 2 1 0 0 1 2 1 1 1 2 1 0 2 1 1 0 2 0 1 0 1 0 2 0 2 2 1 1 1 2 2 0 2 0 2 1 2 2 2 1 2 0 1 0 1 2 2 0 0 0 2 1 1 1 1 0 0 2 0 2 1 1 0 2 1 2 1 2 2 0 1 1 2 0 0 0 0 1 2
2 2 0 1 2 1 1 0 2 2 1 2 2 1 2 1 0 0 0 2 2 1 0 1 2 0 2 0 1 1 2 2 2 0 0 0 0 2 2 1 2 1 0 1 1 1 0 2 2 2 0 1 0 0 0 2 2 0 2 2 1 0 2 2 0 0 2 1 1 1 1 2 0 0 1 1 1 2 0 1 1 1 2 1 1 2 0 2 0 1 0 1 0 1 0 0 1 2 0 2
2 0 2 1 2 0 0 0 2 1 1 1 0 1 0 1 0 2 1 0 0 0 2 0 2 0 2 2 2 0 1 0 0 0 1 2 1 1 1 2 1 0 1 0 2 0 0 2 1 1 1 0 2 1 2 2 1 0 0 1 1 1 0 1 2 1 2 1 2 1 1 0 1 1 1 0 2 2 2 1 2 1 1 2 0 1 1 2 2 0 2 1 1 0 0 1 2 2 2 1
0 1 0 1 2 0 1 1 2 1 0 0 0 0 2 0 0 2 0 1 2 1 1 0 0 2 2 2 2 1 2 2 1 1 2 2 1 1 1 0 1 0 0 0 1 0 2 1 0 1 1 0 1 2 2 0 0 0 2 0 0 0 1 0 1 2 2 0 1 2 1 1 2 1 2 1 2 0 0 0 0 0 1 2 0 1 1 0 0 0 2 0 2 2 0 0 1 0 0 2
1 2 0 0 2 2 1 1 2 2 0 0 0 0 0 1 2 0 0 2 1 2 0 1 1 2 1 1 2 2 1 0 0 1 0 1 0 2 0 2 1 0 1 0 2 1 1 2 2 2 2 2 0 1 1 0 0 2 1 0 1 2 0 2 0 0 2 0 1 0 2 2 1 2 1 0 2 0 2 2 2 0 0 0 2 1 2 2 0 1 2 0 2 2 0 1 0 0 1 1
1 0 1 1 2 0 2 1 1 1 0 0 1 2 1 2 1 2 2 2 1 1 2 2 2 1 2 2 1 0 0 2 1 1 1 0 1 2 2 1 1 1 0 0 1 0 0 2 1 0 1 2 0 2 2 2 0 2 0 0 2 1 2 0 1 2 2 0 0 0 2 2 0 0 0 1 0 1 1 1 0 0 2 0 0 2 1 2 0 2 0 1 0 0 1 1 2 2 1 0
2 1 0 1 1 2 2 2 2 2 0 0 1 2 1 0 2 0 1 1 2 1 0 0 2 0 2 1 2 0 2 0 2 1 0 0 1 0 2 0 2 2 1 0 0 0 1 2 0 2 1 1 0 0 0 0 2 2 2 0 1 1 2 0 2 1 0 1 1 1 1 2 2 2 1 1 0 2 1 2 0 0 1 2 2 0 0 1 1 2 0 2 2 2 1 2 2 0 2 0
2 0 0 1 0 2 2 0 1 2 1 2 2 0 2 0 1 1 2 2 0 1 2 2 1 0 0 1 0 2 2 2 0 1 2 2 2 2 0 2 0 2 1 0 1 2 2 2 1 0 0 1 0 0 0 0 2 2 1 1 2 2 0 0 2 2 2 1 1 2 1 2 0 0 0 1 0 2 2 1 2 1 2 2 2 1 2 2 0 0 2 1 2 0 1 0 1 0 2 1
2 1 2 0 2 1 0 0 2 1 0 2 1 2 2 0 1 2 0 0 2 2 2 1 2 2 2 0 0 2 1 0 2 2 1 0 1 0 0 0 1 0 0 2 0 2 2 2 0 1 1 0 1 2 0 0 1 0 0 0 2 2 0 2 1 0 2 0 1 2 1 0 0 0 2 2 1 1 1 0 0 1 2 0 2 0 2 2 2 0 0 0 0 1 1 0 2 0 2 0
2 2 0 0 2 0 0 1 2 0 2 0 0 1 2 2 0 1 1 2 2 1 0 1 1 2 1 0 2 2 1 2 1 0 2 2 2 2 1 1 1 1 1 1 2 1 0 0 2 0 0 2 1 2 1 1 0 0 0 2 1 0 2 2 1 2 0 0 1 0 0 2 2 0 1 1 0 1 2 0 0 2 0 0 0 0 0 0 2 2 2 2 0 1 0 0 2 0 1 0
2 2 0 0 0 1 1 0 0 2 0 1 0 2 0 1 0 1 1 2 2 2 2 0 1 0 0 2 0 0 1 1 1 0 2 0 0 1 1 1 1 0 2 0 1 1 1 0 1 1 0 1 1 2 2 2 2 1 1 2 2 1 1 2 2 2 2 2 2 0 0 0 0 2 0 2 2 2 1 0 1 2 1 1 0 1 0 0 0 0 0 2 1 2 2 1 2 1 2 2
2 0 2 0 2 2 1 1 2 1 2 0 0 1 1 2 1 1 1 2 0 0 2 0 0 0 1 1 1 2 2 0 1 1 0 1 0 0 0 0 2 0 1 2 0 0 0 2 2 1 1 1 0 2 1 0 1 2 1 1 0 0 2 0 0 1 0 1 2 0 2 1 0 0 2 1 2 0 0 0 1 2 1 1 1 2 1 0 0 2 0 2 0 2 2 1 2 2 1 2
1 1 1 0 0 2 2 0 2 0 0 0 1 0 0 2 2 2 0 0 2 2 1 2 2 0 2 2 1 0 2 0 0 1 0 0 0 1 0 0 1 1 0 0 1 0 1 0 0 2 1 1 2 0 0 1 1 0 1 2 2 1 1 2 0 2 0 2 0 2 2 0 1 2 0 2 2 0 0 2 1 1 0 0 1 2 0 2 2 1 0 0 1 0 2 2 2 2 1 2
2 2 2 2 1 2 1 0 1 1 0 2 0 1 0 1 1 0 1 0 0 1 0 2 0 1 0 2 0 1 1 0 1 0 1 2 0 1 1 2 1 0 2 2 1 2 1 1 1 0 1 1 1 0 0 2 2 0 1 1 2 2 0 0 2 2 1 2 2 1 0 1 2 0 2 0 2 2 2 0 0 1 2 1 2 2 2 2 2 2 1 2 1 0 2 0 1 0 2 0
0 0 2 2 1 1 0 1 2 0 2 1 0 2 1 2 2 0 0 0 0 1 2 0 2 1 0 2 1 2 2 1 1 0 2 1 0 0 2 2 2 1 2 1 0 2 1 2 0 1 0 0 0 0 0 2 0 1 2 0 2 1 2 1 1 1 1 0 0 0 1 0 0 2 2 2 1 2 0 0 2 1 2 2 2 0 1 0 2 2 1 0 1 1 2 1 2 1 1 0
0 0 2 2 1 1 0 0 1 0 0 2 0 0 0 1 0 2 0 1 1 1 2 2 0 2 0 1 0 0 1 1 2 0 2 2 1 2 0 0 0 1 0 0 1 1 2 0 2 2 1 2 2 2 1 0 1 0 1 1 0 1 2 1 0 2 2 1 1 1 2 1 0 0 0 0 2 1 2 0 0 0 2 2 2 1 0 2 2 1 2 0 0 0 1 1 1 1 1 0
0 0 0 1 2 0 2 1 1 1 1 2 1 1 1 1 1 0 0 2 2 1 0 1 0 1 1 2 0 2 0 2 0 1 0 0 0 1 1 2 1 1 1 0 1 0 1 1 1 1 0 0 0 0 2 1 2 0 1 1 1 2 1 0 0 2 2 0 2 2 2 1 0 1 1 1 2 2 1 0 2 0 2 2 2 1 1 2 0 2 0 0 2 1 2 1 2 2 2 0
0 0 2 1 0 2 2 1 2 0 1 1 1 1 2 0 0 2 0 2 0 2 1 1 2 1 0 1 2 0 2 1 1 2 2 2 1 2 0 1 1 1 0 0 0 0 0 2 0 1 0 2 0 2 2 1 1 2 0 2 2 0 0 0 2 2 0 2 0 2 2 0 0 0 2 2 2 0 2 0 2 2 1 0 0 1 2 1 1 2 2 2 2 0 0 2 2 1 2 0
2 1 1 1 1 1 1 1 0 1 2 1 2 0 1 0 2 1 1 2 1 1 1 2 2 0 2 1 2 2 1 0 2 0 0 2 0 0 0 1 2 1 0 2 1 1 0 0 2 2 1 1 1 1 2 2 0 1 2 0 1 2 0 2 0 1 1 2 2 2 2 1 1 1 1 0 0 1 1 2 1 0 0 0 2 0 0 1 0 1 1 1 2 1 2 0 1 0 1 0
2 0 1 1 0 2 2 2 0 2 2 0 1 0 1 2 0 1 1 2 2 2 0 2 2 2 2 2 2 0 1 1 1 1 0 2 1 0 2 2 0 1 0 2 1 1 1 0 0 1 2 2 2 2 2 2 2 1 0 0 1 1 2 0 2 2 2 1 0 2 1 1 1 0 2 2 0 1 0 1 0 2 2 2 2 1 1 2 1 2 0 1 0 0 2 2 0 2 0 1
87 85
50 35
13 100
79 70
88 92
