500 1 5
913
911
733
603
373
511
615
745
244
386
874
455
872
11
976
906
659
189
768
378
195
739
265
70
800
435
633
223
966
351
442
429
197
245
694
453
663
946
905
638
421
116
311
46
544
23
42
346
317
890
704
632
890
497
588
884
306
117
863
696
460
510
351
324
625
246
571
260
519
849
795
820
274
316
980
395
354
406
564
999
135
761
853
312
586
29
851
361
403
272
27
13
760
6
852
464
854
62
277
107
958
281
480
684
385
56
971
916
826
578
958
691
761
811
796
234
200
730
692
612
148
322
660
225
152
576
412
915
322
543
506
832
174
122
942
750
931
42
715
218
288
170
870
128
857
866
189
921
957
892
922
806
842
93
105
396
268
41
423
802
606
201
130
448
172
840
781
505
338
386
515
22
559
692
725
705
128
586
699
100
166
798
139
365
296
223
677
560
225
557
757
711
116
715
243
149
457
724
128
759
278
551
122
423
369
528
165
118
88
280
826
327
931
675
826
545
694
538
888
206
881
799
589
943
844
719
380
571
375
239
663
43
636
924
980
558
973
744
634
299
11
418
576
136
399
797
12
606
723
731
198
277
923
529
800
684
138
208
228
562
532
940
134
466
280
40
373
188
403
865
692
285
360
711
921
502
907
683
913
956
928
872
602
58
22
860
193
42
220
374
569
451
128
634
591
163
281
816
484
459
38
948
575
601
984
836
756
146
22
843
322
248
839
336
776
77
23
767
515
574
622
407
367
352
883
888
410
133
226
713
562
858
567
758
806
798
774
471
311
131
968
223
603
17
420
765
717
584
685
208
375
325
905
767
722
428
306
642
858
913
135
929
624
35
50
868
412
605
870
137
132
617
401
242
985
501
986
132
530
388
8
176
296
506
864
884
907
141
927
306
643
88
881
540
593
151
227
63
198
662
170
294
102
868
985
589
507
311
993
100
257
743
491
867
892
483
853
387
811
43
407
433
432
612
925
169
450
628
591
694
968
131
804
251
68
834
982
132
692
954
468
894
353
263
789
447
752
992
712
907
769
800
115
287
856
507
181
42
68
261
75
165
928
883
881
659
20
876
956
183
193
143
713
64
244
952
217
107
888
809
655
530
80
857
968
189
485
604
446
375
148
9
549
234
197
774
936
805
113
565
237
187
100
297
354
88
267
476
25
339
31
417
150
160
255
198
334
307
418
199
95
436
87
235
179
422
493
329
57
345
127
105
291
303
44
16
340
55
39
216
304
46
37
246
392
374
478
26
431
161
29
410
218
230
169
128
85
495
138
298
338
308
437
205
446
45
140
289
8
368
96
70
359
383
392
256
347
391
270
136
39
354
351
292
380
202
28
29
97
168
440
458
170
246
218
312
302
290
217
96
268
19
8
262
217
130
383
451
362
441
465
63
85
235
423
287
286
18
187
258
68
154
275
149
190
397
134
198
396
496
486
426
258
266
331
269
81
447
141
327
140
333
476
340
203
434
53
500
228
278
499
0
156
469
203
142
439
402
168
56
414
280
130
409
130
98
399
105
397
276
347
473
48
149
231
268
206
53
25
138
450
350
115
295
3
418
204
445
470
165
418
206
379
84
60
176
296
412
38
355
279
146
320
7
90
1
63
309
241
88
171
166
479
58
308
328
368
104
83
29
231
357
443
188
13
69
490
169
170
405
97
207
48
8
20
106
8
497
252
490
83
63
319
35
206
67
311
499
474
328
344
440
112
451
81
255
15
92
391
169
9
218
108
242
322
414
411
414
472
404
468
119
352
399
341
88
404
89
113
147
338
200
260
424
481
38
200
129
179
233
398
442
55
294
41
398
497
438
488
253
462
85
460
412
216
80
126
135
365
46
317
21
485
12
23
121
47
180
248
246
0
238
470
265
281
56
297
84
194
369
256
159
25
281
365
149
369
269
90
122
493
10
24
442
25
173
94
82
94
482
69
228
1
48
386
109
375
453
85
88
448
489
199
245
301
63
473
10
483
203
71
274
40
303
35
379
426
433
472
424
206
306
181
221
226
300
295
439
163
421
88
245
78
279
275
44
146
112
382
113
161
437
315
248
321
466
65
70
489
334
153
226
82
340
137
341
136
332
133
367
457
235
489
47
127
15
347
42
435
52
295
313
293
425
178
131
376
36
78
259
432
250
8
268
379
328
29
77
464
164
17
462
490
401
157
157
67
259
485
33
216
389
435
268
233
62
4
226
416
487
27
132
189
219
490
127
80
171
391
492
201
292
345
451
223
431
139
295
294
33
243
169
7
2
450
332
378
498
63
297
1
1
1
0
0
1
1
1
1
0
0
0
0
1
0
1
1
0
1
0
0
1
0
1
0
1
1
1
0
1
1
0
1
1
1
0
1
1
1
1
1
1
1
0
0
0
1
0
1
1
1
1
1
0
1
1
1
0
0
1
0
0
0
1
1
0
0
0
0
1
0
0
1
0
0
1
0
0
1
1
0
0
1
1
1
0
1
0
1
0
1
0
0
0
1
0
1
1
1
0
0
1
0
0
0
1
1
1
0
1
0
1
0
1
0
1
1
0
1
0
0
0
1
1
1
1
1
1
1
1
1
1
0
1
0
0
0
1
1
1
0
1
0
1
0
0
0
1
1
1
1
0
0
0
0
0
1
1
1
1
1
1
0
1
0
1
0
1
0
0
1
0
1
1
0
0
1
1
1
1
1
1
0
1
1
1
1
1
1
0
1
1
1
0
1
0
0
1
1
1
0
0
0
1
0
0
1
0
0
0
1
1
0
1
0
1
1
1
1
1
1
0
1
0
1
1
1
1
0
0
0
0
0
1
1
1
0
0
1
1
0
0
0
1
1
0
1
0
1
1
1
1
1
1
1
1
0
1
1
1
0
0
0
0
1
1
1
0
1
0
1
1
0
1
0
1
0
0
0
0
1
1
1
0
1
0
1
0
0
0
0
1
1
1
0
1
1
1
1
1
0
0
0
0
0
1
1
0
0
0
1
1
0
0
1
1
0
0
0
1
0
0
0
1
0
0
1
0
1
1
0
1
1
0
0
1
0
0
0
0
1
1
0
0
0
0
0
1
1
1
1
1
0
1
0
1
1
0
1
0
1
0
0
1
0
1
0
1
1
0
0
0
0
1
0
0
1
1
1
0
1
0
0
0
0
1
0
1
1
0
1
1
0
0
1
0
1
0
0
0
1
1
0
1
0
1
0
0
0
0
0
0
1
0
1
0
1
0
0
0
0
1
0
0
1
1
0
1
0
0
1
0
1
0
1
1
0
1
1
1
0
1
0
1
1
0
0
1
0
1
0
1
0
1
0
1
0
0
1
1
0
0
0
0
0
1
1
0
0
0
1
0
0
0
0
0
1
0
1
1
0
0
1
1
1
1
0
1
0
1
1
0
0
1
0
1
0
1
0
1
190 1
454 1
232 1
397 1
392 1
