100
948514 596175 80 20 1
580879 936806 12 59 1895
810347 726204 42 18 45110653559003
723941 289140 29 53 1000000000000000
500164 233699 5 7 0
419441 210636 91 4 0
419441 210636 91 4 1158
500164 233699 5 7 21237
235478 894768 40 53 4612
580879 936806 12 59 0
57248 57248 10 10 99
886206 344126 11 21 6507
419441 210636 91 4 1157
858638 858638 10 10 99
973313 930040 23 45 3822
58396 558779 55 0 0
1000000 1000000 51 49 1000000000000000
886206 344126 11 21 1000000000000000
451970 60159 14 86 962827621178799
0 335213 37 42 695265861224324
67289 669950 57 9 990371849713067
235478 894768 40 53 0
235478 894768 40 53 4611
723941 289140 29 53 3195
500164 233699 5 7 21239
886206 344126 11 21 6506
12345 12890 10 13 0
948514 596175 80 20 1642
723941 289140 29 53 3193
83622 83622 10 10 99
341910 341910 10 10 99
235478 894768 40 53 1
751619 30176 14 18 1000000000000000
12345 12890 10 13 1
0 0 10 15 13
319678 383498 7 34 148675683255953
751619 30176 14 18 8000
162021 369235 38 37 1
0 387415 34 53 141936288415044
649626 960849 31 54 0
162021 369235 38 37 1000000000000000
162021 369235 38 37 30554
259876 116321 35 61 0
419441 210636 91 4 1156
0 307421 60 31 262449258144643
419441 210636 91 4 1000000000000000
580879 936806 12 59 1894
822450 62616 28 18 109758666004052
439672 969350 23 77 434502979042617
162021 369235 38 37 30555
955007 481362 39 61 327185805629510
204324 270519 82 10 839119102776645
751619 30176 14 18 0
948514 596175 80 20 1640
886206 344126 11 21 1
723941 289140 29 53 0
1000000 1000000 50 50 1000000000000000
958424 0 27 66 503736670145592
973313 930040 23 45 0
886206 344126 11 21 6505
419441 210636 91 4 1
948514 596175 80 20 0
629801 0 37 42 104995734786704
751619 30176 14 18 1
1000000 1000000 49 51 1000000000000000
723941 289140 29 53 1
235478 894768 40 53 4613
973313 930040 23 45 3821
0 93325 27 66 745601212741920
973313 930040 23 45 3823
751619 30176 14 18 7998
973313 930040 23 45 1
886206 344126 11 21 0
289528 869424 16 84 130552494943155
580879 936806 12 59 1893
153719 0 52 37 351502957494270
12345 12890 10 13 5049
219153 0 34 53 998798469769352
723941 289140 29 53 3194
0 945196 52 37 896566191877820
12345 12890 10 13 100
15126 15126 10 10 99
973313 930040 23 45 1000000000000000
113126 0 60 31 513522285332219
346599 192638 32 27 0
0 0 10 15 0
751619 30176 14 18 7999
4719 600937 14 86 746374021542799
948514 596175 80 20 1641
287206 890738 55 29 0
948514 596175 80 20 1000000000000000
162021 369235 38 37 0
580879 936806 12 59 1000000000000000
162021 369235 38 37 30556
500164 233699 5 7 1
388715 427873 47 15 594835836552658
500164 233699 5 7 21238
500164 233699 5 7 1000000000000000
580879 936806 12 59 1
235478 894768 40 53 1000000000000000
