100
7146 9656 36 21 46
4853 1109 33 44 80
10805 11509 67 23 100
2306 2306 10 10 99
19212 13965 16 84 39
4785 3957 70 17 60
15857 3336 53 32 1
20000 20000 50 50 100
8293 19587 59 23 100
14959 10841 7 41 36
12345 12890 10 13 100
10614 17796 70 29 1
10805 11509 67 23 1
17484 5213 28 9 81
14456 8044 33 4 16
12748 12748 10 10 99
0 0 10 15 13
10535 19809 31 16 100
7531 4646 20 77 1
3967 742 78 14 0
8293 19587 59 23 0
10614 17796 70 29 0
0 17370 34 53 20
0 19326 27 66 98
6644 16664 21 58 0
4883 17472 23 25 9
19848 1752 50 20 69
0 14311 60 31 35
8168 1028 37 29 53
2105 838 56 9 30
19639 14452 9 43 41
18335 6151 92 7 79
20000 20000 49 51 100
3588 14180 23 77 20
4224 4224 10 10 99
15103 12327 9 71 100
8788 18082 28 52 62
3967 742 78 14 1
5712 12653 7 57 23
6577 0 27 66 49
13681 0 52 37 76
10088 4471 24 28 39
10614 17796 70 29 100
6956 16023 10 85 69
3033 10996 10 0 89
2340 12734 55 0 0
9788 17236 18 29 99
6644 16664 21 58 1
994 10636 26 16 19
9069 17684 39 61 90
15237 13608 9 61 14
17330 0 34 53 59
4821 4837 35 61 0
4763 5279 14 86 97
4859 18209 23 47 18
0 10352 52 37 11
6320 18866 42 4 80
2980 7453 8 3 27
10795 0 37 42 56
8293 19587 59 23 1
0 6698 37 42 57
12509 10981 52 3 39
15857 3336 53 32 0
2738 2738 10 10 99
10535 19809 31 16 1
0 0 10 15 0
283 12225 10 36 56
10595 17901 32 16 19
3531 5404 32 27 0
7362 6924 13 42 4
18019 15714 55 5 95
1416 4129 89 3 81
9000 16858 39 61 5
9550 13256 5 54 66
15857 3336 53 32 100
15103 12327 9 71 1
10535 19809 31 16 0
10292 5060 80 16 0
7531 4646 20 77 0
12345 12890 10 13 1
10805 11509 67 23 0
20000 20000 51 49 100
3967 742 78 14 100
3717 13910 14 86 28
15593 1426 19 44 2
18355 12916 2 18 58
613 0 60 31 4
17732 17732 10 10 99
6644 16664 21 58 100
10292 5060 80 16 100
17167 721 31 54 0
14626 14507 70 26 18
15103 12327 9 71 0
5618 5688 68 31 54
12345 12890 10 13 0
7531 4646 20 77 100
2582 16071 55 29 0
2645 14082 59 41 76
10292 5060 80 16 1
5826 3432 22 46 55
