100
3
2 0
2 2
1 3
1
5 0
13
87178291200 1
43589145600 2
14529715200 3
3632428800 4
726485760 5
121080960 6
17297280 7
2162160 8
240240 9
24024 10
2184 11
182 12
13 13
246
887 0
51 2
778 5
624 10
69 13
149 19
487 34
188 37
753 44
787 45
967 46
755 48
829 49
361 51
22 52
286 60
465 71
249 74
148 75
457 80
599 81
522 83
36 86
86 87
303 91
260 93
997 99
777 107
245 110
236 112
771 118
519 119
528 122
355 123
402 128
947 133
417 136
565 142
103 143
704 146
731 150
423 151
541 153
489 156
408 159
621 160
817 164
269 166
94 167
842 168
647 180
825 183
917 191
298 196
150 202
434 203
371 208
518 222
813 223
886 224
899 230
823 239
307 241
770 245
643 253
701 259
235 261
964 271
292 274
4 277
746 281
597 288
67 291
590 294
458 299
20 302
517 303
772 306
297 311
154 313
284 317
801 320
593 321
401 322
874 324
174 329
909 333
138 335
322 339
95 345
377 355
982 363
237 367
501 370
246 374
848 375
957 378
248 379
668 380
18 383
561 385
827 390
979 391
435 398
876 401
204 402
128 404
413 405
524 406
808 407
635 410
714 413
363 415
748 419
683 422
798 426
100 435
242 444
302 446
438 449
345 463
40 467
472 496
949 499
476 500
511 512
573 515
709 523
107 524
901 526
442 528
896 529
26 532
726 533
966 536
844 539
336 540
644 542
57 552
228 555
526 557
445 558
820 564
196 575
826 586
975 592
184 595
718 602
216 609
890 610
463 611
623 613
944 615
453 616
924 619
88 625
449 630
280 633
373 634
884 637
764 639
23 641
849 643
126 649
108 654
790 655
312 668
76 673
616 675
425 687
367 688
151 689
816 694
406 696
665 699
123 701
152 703
227 707
165 709
940 717
383 719
338 722
3 738
275 742
907 750
996 751
659 759
466 761
343 762
226 765
572 771
461 775
617 777
253 779
649 780
852 782
59 785
815 786
652 789
912 794
509 801
279 804
911 808
444 815
935 817
276 819
127 825
998 829
480 832
797 835
421 841
971 844
218 859
240 860
437 861
999 868
656 870
870 871
853 872
428 884
304 896
331 902
761 907
191 910
317 914
398 918
161 919
414 920
625 929
925 931
883 932
734 937
803 938
130 939
172 947
766 950
880 951
779 953
203 956
214 967
5 972
563 974
751 977
554 989
348 992
63 996
14
10000000000 0
87178291200 1
43589145600 2
14529715200 3
3632428800 4
726485760 5
121080960 6
17297280 7
2162160 8
240240 9
24024 10
2184 11
182 12
14 13
13
87178291200 1
43589145600 2
14529715200 3
3632428800 4
726485760 5
121080960 6
8648640 7
2162160 8
240240 9
24024 10
2184 11
182 12
14 13
14
100000000 0
87178291200 1
43589145600 2
14529715200 3
3632428800 4
726485760 5
121080960 6
17297280 7
2162160 8
240240 9
24024 10
2184 11
182 12
14 13
13
87178291200 1
43589145600 2
14529715200 3
3632428799 4
726485760 5
121080960 6
17297280 7
2162160 8
240240 9
24024 10
2184 11
182 12
14 13
13
87178291201 1
43589145600 2
14529715200 3
3632428800 4
726485760 5
121080960 6
17297280 7
2162160 8
240240 9
24024 10
2184 11
182 12
14 13
13
87178291200 1
43589145600 2
14529715200 3
3632428800 4
726485760 5
121080960 6
17297280 7
2162160 8
120120 9
24024 10
2184 11
182 12
14 13
7
902 0
901 1
450 2
150 3
37 4
7 5
1 6
13
87178291200 1
43589145600 2
14529715200 3
3632428800 4
726485760 5
121080960 6
17297280 7
2162160 8
240240 9
24024 10
2184 11
364 12
14 13
49
612 5
468 6
504 52
461 53
976 63
729 68
584 91
71 93
160 97
910 109
132 114
510 115
290 151
934 154
956 171
826 172
592 221
76 273
423 320
793 335
803 354
352 370
667 383
701 396
97 407
11 444
713 500
863 531
337 567
343 606
884 611
249 618
479 626
199 641
83 665
582 678
680 688
464 703
300 713
607 755
100 765
82 767
543 797
426 812
149 820
3 913
250 981
54 985
396 999
14
10000000 0
87178291200 1
43589145600 2
14529715200 3
3632428800 4
726485760 5
121080960 6
17297280 7
2162160 8
240240 9
24024 10
2184 11
182 12
14 13
64
64 68
147 81
786 83
666 117
35 127
972 134
835 135
188 162
841 186
610 210
260 214
647 218
235 249
378 258
410 307
83 308
100 330
544 344
848 359
927 382
269 386
631 396
319 405
416 414
967 443
10 478
328 498
597 505
746 517
294 540
333 541
329 553
214 555
899 610
267 619
979 625
963 630
961 632
846 658
150 724
712 735
72 737
236 740
452 757
469 776
757 782
73 784
485 787
158 788
785 806
404 818
674 843
285 860
195 862
952 898
705 904
447 915
984 941
638 962
34 965
85 975
386 979
213 982
114 988
1000
1000000000000 1
1000000000000 2
1000000000000 3
1000000000000 4
1000000000000 5
1000000000000 6
1000000000000 7
1000000000000 8
1000000000000 9
1000000000000 10
1000000000000 11
1000000000000 12
1000000000000 13
1000000000000 14
1000000000000 15
1000000000000 16
1000000000000 17
1000000000000 18
1000000000000 19
1000000000000 20
1000000000000 21
1000000000000 22
1000000000000 23
1000000000000 24
1000000000000 25
1000000000000 26
1000000000000 27
1000000000000 28
1000000000000 29
1000000000000 30
1000000000000 31
1000000000000 32
1000000000000 33
1000000000000 34
1000000000000 35
1000000000000 36
1000000000000 37
1000000000000 38
1000000000000 39
1000000000000 40
1000000000000 41
1000000000000 42
1000000000000 43
1000000000000 44
1000000000000 45
1000000000000 46
1000000000000 47
1000000000000 48
1000000000000 49
1000000000000 50
1000000000000 51
1000000000000 52
1000000000000 53
1000000000000 54
1000000000000 55
1000000000000 56
1000000000000 57
1000000000000 58
1000000000000 59
1000000000000 60
1000000000000 61
1000000000000 62
1000000000000 63
1000000000000 64
1000000000000 65
1000000000000 66
1000000000000 67
1000000000000 68
1000000000000 69
1000000000000 70
1000000000000 71
1000000000000 72
1000000000000 73
1000000000000 74
1000000000000 75
1000000000000 76
1000000000000 77
1000000000000 78
1000000000000 79
1000000000000 80
1000000000000 81
1000000000000 82
1000000000000 83
1000000000000 84
1000000000000 85
1000000000000 86
1000000000000 87
1000000000000 88
1000000000000 89
1000000000000 90
1000000000000 91
1000000000000 92
1000000000000 93
1000000000000 94
1000000000000 95
1000000000000 96
1000000000000 97
1000000000000 98
1000000000000 99
1000000000000 100
1000000000000 101
1000000000000 102
1000000000000 103
1000000000000 104
1000000000000 105
1000000000000 106
1000000000000 107
1000000000000 108
1000000000000 109
1000000000000 110
1000000000000 111
1000000000000 112
1000000000000 113
1000000000000 114
1000000000000 115
1000000000000 116
1000000000000 117
1000000000000 118
1000000000000 119
1000000000000 120
1000000000000 121
1000000000000 122
1000000000000 123
1000000000000 124
1000000000000 125
1000000000000 126
1000000000000 127
1000000000000 128
1000000000000 129
1000000000000 130
1000000000000 131
1000000000000 132
1000000000000 133
1000000000000 134
1000000000000 135
1000000000000 136
1000000000000 137
1000000000000 138
1000000000000 139
1000000000000 140
1000000000000 141
1000000000000 142
1000000000000 143
1000000000000 144
1000000000000 145
1000000000000 146
1000000000000 147
1000000000000 148
1000000000000 149
1000000000000 150
1000000000000 151
1000000000000 152
1000000000000 153
1000000000000 154
1000000000000 155
1000000000000 156
1000000000000 157
1000000000000 158
1000000000000 159
1000000000000 160
1000000000000 161
1000000000000 162
1000000000000 163
1000000000000 164
1000000000000 165
1000000000000 166
1000000000000 167
1000000000000 168
1000000000000 169
1000000000000 170
1000000000000 171
1000000000000 172
1000000000000 173
1000000000000 174
1000000000000 175
1000000000000 176
1000000000000 177
1000000000000 178
1000000000000 179
1000000000000 180
1000000000000 181
1000000000000 182
1000000000000 183
1000000000000 184
1000000000000 185
1000000000000 186
1000000000000 187
1000000000000 188
1000000000000 189
1000000000000 190
1000000000000 191
1000000000000 192
1000000000000 193
1000000000000 194
1000000000000 195
1000000000000 196
1000000000000 197
1000000000000 198
1000000000000 199
1000000000000 200
1000000000000 201
1000000000000 202
1000000000000 203
1000000000000 204
1000000000000 205
1000000000000 206
1000000000000 207
1000000000000 208
1000000000000 209
1000000000000 210
1000000000000 211
1000000000000 212
1000000000000 213
1000000000000 214
1000000000000 215
1000000000000 216
1000000000000 217
1000000000000 218
1000000000000 219
1000000000000 220
1000000000000 221
1000000000000 222
1000000000000 223
1000000000000 224
1000000000000 225
1000000000000 226
1000000000000 227
1000000000000 228
1000000000000 229
1000000000000 230
1000000000000 231
1000000000000 232
1000000000000 233
1000000000000 234
1000000000000 235
1000000000000 236
1000000000000 237
1000000000000 238
1000000000000 239
1000000000000 240
1000000000000 241
1000000000000 242
1000000000000 243
1000000000000 244
1000000000000 245
1000000000000 246
1000000000000 247
1000000000000 248
1000000000000 249
1000000000000 250
1000000000000 251
1000000000000 252
1000000000000 253
1000000000000 254
1000000000000 255
1000000000000 256
1000000000000 257
1000000000000 258
1000000000000 259
1000000000000 260
1000000000000 261
1000000000000 262
1000000000000 263
1000000000000 264
1000000000000 265
1000000000000 266
1000000000000 267
1000000000000 268
1000000000000 269
1000000000000 270
1000000000000 271
1000000000000 272
1000000000000 273
1000000000000 274
1000000000000 275
1000000000000 276
1000000000000 277
1000000000000 278
1000000000000 279
1000000000000 280
1000000000000 281
1000000000000 282
1000000000000 283
1000000000000 284
1000000000000 285
1000000000000 286
1000000000000 287
1000000000000 288
1000000000000 289
1000000000000 290
1000000000000 291
1000000000000 292
1000000000000 293
1000000000000 294
1000000000000 295
1000000000000 296
1000000000000 297
1000000000000 298
1000000000000 299
1000000000000 300
1000000000000 301
1000000000000 302
1000000000000 303
1000000000000 304
1000000000000 305
1000000000000 306
1000000000000 307
1000000000000 308
1000000000000 309
1000000000000 310
1000000000000 311
1000000000000 312
1000000000000 313
1000000000000 314
1000000000000 315
1000000000000 316
1000000000000 317
1000000000000 318
1000000000000 319
1000000000000 320
1000000000000 321
1000000000000 322
1000000000000 323
1000000000000 324
1000000000000 325
1000000000000 326
1000000000000 327
1000000000000 328
1000000000000 329
1000000000000 330
1000000000000 331
1000000000000 332
1000000000000 333
1000000000000 334
1000000000000 335
1000000000000 336
1000000000000 337
1000000000000 338
1000000000000 339
1000000000000 340
1000000000000 341
1000000000000 342
1000000000000 343
1000000000000 344
1000000000000 345
1000000000000 346
1000000000000 347
1000000000000 348
1000000000000 349
1000000000000 350
1000000000000 351
1000000000000 352
1000000000000 353
1000000000000 354
1000000000000 355
1000000000000 356
1000000000000 357
1000000000000 358
1000000000000 359
1000000000000 360
1000000000000 361
1000000000000 362
1000000000000 363
1000000000000 364
1000000000000 365
1000000000000 366
1000000000000 367
1000000000000 368
1000000000000 369
1000000000000 370
1000000000000 371
1000000000000 372
1000000000000 373
1000000000000 374
1000000000000 375
1000000000000 376
1000000000000 377
1000000000000 378
1000000000000 379
1000000000000 380
1000000000000 381
1000000000000 382
1000000000000 383
1000000000000 384
1000000000000 385
1000000000000 386
1000000000000 387
1000000000000 388
1000000000000 389
1000000000000 390
1000000000000 391
1000000000000 392
1000000000000 393
1000000000000 394
1000000000000 395
1000000000000 396
1000000000000 397
1000000000000 398
1000000000000 399
1000000000000 400
1000000000000 401
1000000000000 402
1000000000000 403
1000000000000 404
1000000000000 405
1000000000000 406
1000000000000 407
1000000000000 408
1000000000000 409
1000000000000 410
1000000000000 411
1000000000000 412
1000000000000 413
1000000000000 414
1000000000000 415
1000000000000 416
1000000000000 417
1000000000000 418
1000000000000 419
1000000000000 420
1000000000000 421
1000000000000 422
1000000000000 423
1000000000000 424
1000000000000 425
1000000000000 426
1000000000000 427
1000000000000 428
1000000000000 429
1000000000000 430
1000000000000 431
1000000000000 432
1000000000000 433
1000000000000 434
1000000000000 435
1000000000000 436
1000000000000 437
1000000000000 438
1000000000000 439
1000000000000 440
1000000000000 441
1000000000000 442
1000000000000 443
1000000000000 444
1000000000000 445
1000000000000 446
1000000000000 447
1000000000000 448
1000000000000 449
1000000000000 450
1000000000000 451
1000000000000 452
1000000000000 453
1000000000000 454
1000000000000 455
1000000000000 456
1000000000000 457
1000000000000 458
1000000000000 459
1000000000000 460
1000000000000 461
1000000000000 462
1000000000000 463
1000000000000 464
1000000000000 465
1000000000000 466
1000000000000 467
1000000000000 468
1000000000000 469
1000000000000 470
1000000000000 471
1000000000000 472
1000000000000 473
1000000000000 474
1000000000000 475
1000000000000 476
1000000000000 477
1000000000000 478
1000000000000 479
1000000000000 480
1000000000000 481
1000000000000 482
1000000000000 483
1000000000000 484
1000000000000 485
1000000000000 486
1000000000000 487
1000000000000 488
1000000000000 489
1000000000000 490
1000000000000 491
1000000000000 492
1000000000000 493
1000000000000 494
1000000000000 495
1000000000000 496
1000000000000 497
1000000000000 498
1000000000000 499
1000000000000 500
1000000000000 501
1000000000000 502
1000000000000 503
1000000000000 504
1000000000000 505
1000000000000 506
1000000000000 507
1000000000000 508
1000000000000 509
1000000000000 510
1000000000000 511
1000000000000 512
1000000000000 513
1000000000000 514
1000000000000 515
1000000000000 516
1000000000000 517
1000000000000 518
1000000000000 519
1000000000000 520
1000000000000 521
1000000000000 522
1000000000000 523
1000000000000 524
1000000000000 525
1000000000000 526
1000000000000 527
1000000000000 528
1000000000000 529
1000000000000 530
1000000000000 531
1000000000000 532
1000000000000 533
1000000000000 534
1000000000000 535
1000000000000 536
1000000000000 537
1000000000000 538
1000000000000 539
1000000000000 540
1000000000000 541
1000000000000 542
1000000000000 543
1000000000000 544
1000000000000 545
1000000000000 546
1000000000000 547
1000000000000 548
1000000000000 549
1000000000000 550
1000000000000 551
1000000000000 552
1000000000000 553
1000000000000 554
1000000000000 555
1000000000000 556
1000000000000 557
1000000000000 558
1000000000000 559
1000000000000 560
1000000000000 561
1000000000000 562
1000000000000 563
1000000000000 564
1000000000000 565
1000000000000 566
1000000000000 567
1000000000000 568
1000000000000 569
1000000000000 570
1000000000000 571
1000000000000 572
1000000000000 573
1000000000000 574
1000000000000 575
1000000000000 576
1000000000000 577
1000000000000 578
1000000000000 579
1000000000000 580
1000000000000 581
1000000000000 582
1000000000000 583
1000000000000 584
1000000000000 585
1000000000000 586
1000000000000 587
1000000000000 588
1000000000000 589
1000000000000 590
1000000000000 591
1000000000000 592
1000000000000 593
1000000000000 594
1000000000000 595
1000000000000 596
1000000000000 597
1000000000000 598
1000000000000 599
1000000000000 600
1000000000000 601
1000000000000 602
1000000000000 603
1000000000000 604
1000000000000 605
1000000000000 606
1000000000000 607
1000000000000 608
1000000000000 609
1000000000000 610
1000000000000 611
1000000000000 612
1000000000000 613
1000000000000 614
1000000000000 615
1000000000000 616
1000000000000 617
1000000000000 618
1000000000000 619
1000000000000 620
1000000000000 621
1000000000000 622
1000000000000 623
1000000000000 624
1000000000000 625
1000000000000 626
1000000000000 627
1000000000000 628
1000000000000 629
1000000000000 630
1000000000000 631
1000000000000 632
1000000000000 633
1000000000000 634
1000000000000 635
1000000000000 636
1000000000000 637
1000000000000 638
1000000000000 639
1000000000000 640
1000000000000 641
1000000000000 642
1000000000000 643
1000000000000 644
1000000000000 645
1000000000000 646
1000000000000 647
1000000000000 648
1000000000000 649
1000000000000 650
1000000000000 651
1000000000000 652
1000000000000 653
1000000000000 654
1000000000000 655
1000000000000 656
1000000000000 657
1000000000000 658
1000000000000 659
1000000000000 660
1000000000000 661
1000000000000 662
1000000000000 663
1000000000000 664
1000000000000 665
1000000000000 666
1000000000000 667
1000000000000 668
1000000000000 669
1000000000000 670
1000000000000 671
1000000000000 672
1000000000000 673
1000000000000 674
1000000000000 675
1000000000000 676
1000000000000 677
1000000000000 678
1000000000000 679
1000000000000 680
1000000000000 681
1000000000000 682
1000000000000 683
1000000000000 684
1000000000000 685
1000000000000 686
1000000000000 687
1000000000000 688
1000000000000 689
1000000000000 690
1000000000000 691
1000000000000 692
1000000000000 693
1000000000000 694
1000000000000 695
1000000000000 696
1000000000000 697
1000000000000 698
1000000000000 699
1000000000000 700
1000000000000 701
1000000000000 702
1000000000000 703
1000000000000 704
1000000000000 705
1000000000000 706
1000000000000 707
1000000000000 708
1000000000000 709
1000000000000 710
1000000000000 711
1000000000000 712
1000000000000 713
1000000000000 714
1000000000000 715
1000000000000 716
1000000000000 717
1000000000000 718
1000000000000 719
1000000000000 720
1000000000000 721
1000000000000 722
1000000000000 723
1000000000000 724
1000000000000 725
1000000000000 726
1000000000000 727
1000000000000 728
1000000000000 729
1000000000000 730
1000000000000 731
1000000000000 732
1000000000000 733
1000000000000 734
1000000000000 735
1000000000000 736
1000000000000 737
1000000000000 738
1000000000000 739
1000000000000 740
1000000000000 741
1000000000000 742
1000000000000 743
1000000000000 744
1000000000000 745
1000000000000 746
1000000000000 747
1000000000000 748
1000000000000 749
1000000000000 750
1000000000000 751
1000000000000 752
1000000000000 753
1000000000000 754
1000000000000 755
1000000000000 756
1000000000000 757
1000000000000 758
1000000000000 759
1000000000000 760
1000000000000 761
1000000000000 762
1000000000000 763
1000000000000 764
1000000000000 765
1000000000000 766
1000000000000 767
1000000000000 768
1000000000000 769
1000000000000 770
1000000000000 771
1000000000000 772
1000000000000 773
1000000000000 774
1000000000000 775
1000000000000 776
1000000000000 777
1000000000000 778
1000000000000 779
1000000000000 780
1000000000000 781
1000000000000 782
1000000000000 783
1000000000000 784
1000000000000 785
1000000000000 786
1000000000000 787
1000000000000 788
1000000000000 789
1000000000000 790
1000000000000 791
1000000000000 792
1000000000000 793
1000000000000 794
1000000000000 795
1000000000000 796
1000000000000 797
1000000000000 798
1000000000000 799
1000000000000 800
1000000000000 801
1000000000000 802
1000000000000 803
1000000000000 804
1000000000000 805
1000000000000 806
1000000000000 807
1000000000000 808
1000000000000 809
1000000000000 810
1000000000000 811
1000000000000 812
1000000000000 813
1000000000000 814
1000000000000 815
1000000000000 816
1000000000000 817
1000000000000 818
1000000000000 819
1000000000000 820
1000000000000 821
1000000000000 822
1000000000000 823
1000000000000 824
1000000000000 825
1000000000000 826
1000000000000 827
1000000000000 828
1000000000000 829
1000000000000 830
1000000000000 831
1000000000000 832
1000000000000 833
1000000000000 834
1000000000000 835
1000000000000 836
1000000000000 837
1000000000000 838
1000000000000 839
1000000000000 840
1000000000000 841
1000000000000 842
1000000000000 843
1000000000000 844
1000000000000 845
1000000000000 846
1000000000000 847
1000000000000 848
1000000000000 849
1000000000000 850
1000000000000 851
1000000000000 852
1000000000000 853
1000000000000 854
1000000000000 855
1000000000000 856
1000000000000 857
1000000000000 858
1000000000000 859
1000000000000 860
1000000000000 861
1000000000000 862
1000000000000 863
1000000000000 864
1000000000000 865
1000000000000 866
1000000000000 867
1000000000000 868
1000000000000 869
1000000000000 870
1000000000000 871
1000000000000 872
1000000000000 873
1000000000000 874
1000000000000 875
1000000000000 876
1000000000000 877
1000000000000 878
1000000000000 879
1000000000000 880
1000000000000 881
1000000000000 882
1000000000000 883
1000000000000 884
1000000000000 885
1000000000000 886
1000000000000 887
1000000000000 888
1000000000000 889
1000000000000 890
1000000000000 891
1000000000000 892
1000000000000 893
1000000000000 894
1000000000000 895
1000000000000 896
1000000000000 897
1000000000000 898
1000000000000 899
1000000000000 900
1000000000000 901
1000000000000 902
1000000000000 903
1000000000000 904
1000000000000 905
1000000000000 906
1000000000000 907
1000000000000 908
1000000000000 909
1000000000000 910
1000000000000 911
1000000000000 912
1000000000000 913
1000000000000 914
1000000000000 915
1000000000000 916
1000000000000 917
1000000000000 918
1000000000000 919
1000000000000 920
1000000000000 921
1000000000000 922
1000000000000 923
1000000000000 924
1000000000000 925
1000000000000 926
1000000000000 927
1000000000000 928
1000000000000 929
1000000000000 930
1000000000000 931
1000000000000 932
1000000000000 933
1000000000000 934
1000000000000 935
1000000000000 936
1000000000000 937
1000000000000 938
1000000000000 939
1000000000000 940
1000000000000 941
1000000000000 942
1000000000000 943
1000000000000 944
1000000000000 945
1000000000000 946
1000000000000 947
1000000000000 948
1000000000000 949
1000000000000 950
1000000000000 951
1000000000000 952
1000000000000 953
1000000000000 954
1000000000000 955
1000000000000 956
1000000000000 957
1000000000000 958
1000000000000 959
1000000000000 960
1000000000000 961
1000000000000 962
1000000000000 963
1000000000000 964
1000000000000 965
1000000000000 966
1000000000000 967
1000000000000 968
1000000000000 969
1000000000000 970
1000000000000 971
1000000000000 972
1000000000000 973
1000000000000 974
1000000000000 975
1000000000000 976
1000000000000 977
1000000000000 978
1000000000000 979
1000000000000 980
1000000000000 981
1000000000000 982
1000000000000 983
1000000000000 984
1000000000000 985
1000000000000 986
1000000000000 987
1000000000000 988
1000000000000 989
1000000000000 990
1000000000000 991
1000000000000 992
1000000000000 993
1000000000000 994
1000000000000 995
1000000000000 996
1000000000000 997
1000000000000 998
1000000000000 999
1000000000000 1000
13
87178291200 1
43589145600 2
14529715200 3
3632428800 4
726485760 5
121080960 6
17297280 7
2162160 8
240240 9
24024 10
4368 11
182 12
14 13
68
51 1
779 3
981 6
995 17
256 21
197 42
822 50
885 86
574 96
783 126
879 134
300 146
941 157
22 170
497 178
696 193
275 199
724 203
371 209
613 210
49 212
408 228
233 243
166 258
127 265
536 271
157 284
297 289
603 321
425 337
727 358
681 367
650 390
824 412
376 425
589 426
111 431
692 441
679 445
475 455
572 488
252 495
532 510
700 533
782 565
220 590
806 638
243 662
772 669
124 723
45 724
290 740
347 741
103 742
99 757
748 761
163 762
523 774
444 788
140 802
561 810
805 812
951 819
370 831
841 870
664 900
557 948
86 952
28
464 9
542 12
459 22
871 62
841 103
616 110
910 151
810 194
133 285
469 294
817 331
278 338
613 362
46 382
191 400
682 410
84 429
971 535
683 543
363 548
355 561
379 582
223 586
305 589
408 598
113 606
580 819
664 906
14
10 0
87178291200 1
43589145600 2
14529715200 3
3632428800 4
726485760 5
121080960 6
17297280 7
2162160 8
240240 9
24024 10
2184 11
182 12
14 13
4
774793930193 608
430887809066 733
550184670472 847
54490516549 988
2
202 33
5 34
13
87178291200 1
43589145600 2
14529715200 3
3632428800 4
726485760 5
121080960 6
17297280 7
2162161 8
240240 9
24024 10
2184 11
182 12
14 13
31
285 5
487 20
176 64
855 114
800 157
101 181
562 182
404 214
171 223
660 250
683 345
623 361
113 400
149 455
993 476
565 479
892 505
643 645
419 663
556 690
130 696
167 704
956 739
960 786
577 800
613 816
862 868
228 874
151 909
727 940
160 993
13
87178291200 1
43589145600 2
14529715200 3
3632428800 4
726485760 5
121080960 6
17297280 7
2162160 8
240240 9
24024 10
2184 11
91 12
14 13
85
965 0
281 1
238 3
530 23
961 28
598 30
569 34
954 46
712 50
243 52
758 55
737 70
181 92
590 93
745 99
439 100
820 101
91 114
190 116
527 126
123 131
157 145
636 161
111 173
677 189
929 198
778 212
144 225
291 250
461 267
730 270
935 287
260 308
923 355
955 372
993 405
15 428
943 433
843 444
797 453
750 465
578 471
891 497
649 507
816 529
573 543
298 545
319 547
258 548
910 549
468 576
433 588
885 594
268 599
690 614
907 617
143 622
357 651
33 669
876 678
673 690
454 696
997 709
272 733
438 737
265 760
610 771
176 775
724 786
713 811
980 813
589 815
74 845
499 881
951 890
367 904
308 916
375 927
418 935
779 944
596 946
420 972
78 979
220 984
288 988
1
1000000000000 0
14
100000000000 0
87178291200 1
43589145600 2
14529715200 3
3632428800 4
726485760 5
121080960 6
17297280 7
2162160 8
240240 9
24024 10
2184 11
182 12
14 13
13
87178291200 1
43589145600 2
14529715200 3
3632428800 4
726485760 5
121080959 6
17297280 7
2162160 8
240240 9
24024 10
2184 11
182 12
14 13
13
87178291200 1
43589145600 2
14529715200 3
3632428800 4
726485760 5
121080960 6
17297280 7
2162160 8
240240 9
24024 10
2185 11
182 12
14 13
13
87178291200 1
43589145600 2
14529715200 3
3632428800 4
726485760 5
242161920 6
17297280 7
2162160 8
240240 9
24024 10
2184 11
182 12
14 13
2
200 33
5 34
13
87178291200 1
43589145600 2
14529715200 3
1816214400 4
726485760 5
121080960 6
17297280 7
2162160 8
240240 9
24024 10
2184 11
182 12
14 13
13
87178291200 1
43589145600 2
14529715200 3
3632428800 4
726485760 5
121080960 6
17297280 7
2162160 8
240240 9
24024 10
1092 11
182 12
14 13
13
87178291200 1
43589145600 2
14529715200 3
3632428800 4
726485759 5
121080960 6
17297280 7
2162160 8
240240 9
24024 10
2184 11
182 12
14 13
10
939 103
342 155
945 329
90 330
931 424
205 476
642 526
633 578
332 597
437 608
14
1000000000 0
87178291200 1
43589145600 2
14529715200 3
3632428800 4
726485760 5
121080960 6
17297280 7
2162160 8
240240 9
24024 10
2184 11
182 12
14 13
13
87178291200 1
43589145600 2
14529715200 3
3632428800 4
726485760 5
121080960 6
17297280 7
2162160 8
240240 9
24024 10
2184 11
182 12
28 13
13
87178291200 1
43589145600 2
14529715200 3
3632428800 4
726485760 5
121080960 6
17297280 7
2162160 8
480480 9
24024 10
2184 11
182 12
14 13
13
87178291200 1
43589145600 2
14529715200 3
3632428800 4
726485760 5
121080960 6
17297280 7
2162160 8
240239 9
24024 10
2184 11
182 12
14 13
13
87178291200 1
43589145600 2
14529715200 3
3632428800 4
726485760 5
121080960 6
17297279 7
2162160 8
240240 9
24024 10
2184 11
182 12
14 13
14
307 16
283 35
771 202
625 297
224 317
799 477
715 541
544 627
216 666
451 675
115 820
233 967
974 975
11 984
13
87178291200 1
43589145601 2
14529715200 3
3632428800 4
726485760 5
121080960 6
17297280 7
2162160 8
240240 9
24024 10
2184 11
182 12
14 13
13
87178291200 1
43589145600 2
14529715200 3
3632428800 4
726485760 5
121080960 6
17297280 7
2162160 8
240240 9
24024 10
2184 11
183 12
14 13
13
87178291200 1
43589145600 2
14529715200 3
3632428800 4
726485760 5
121080960 6
17297280 7
2162160 8
240240 9
24024 10
2184 11
182 12
7 13
65
390852456579 28
536735369405 36
821928983119 85
877430592393 97
980605884140 144
559756117342 147
529971449163 158
986941794209 163
204948995608 172
750680407004 213
406344189827 227
936651751092 250
70986057499 260
750918449998 326
825977609158 334
363836674895 358
423029555603 381
974633489428 384
406717643121 392
936453413207 393
710974249754 401
726265323865 402
194624115659 404
732097849469 406
717084919478 412
66675676993 430
151726318961 431
545578542499 469
732944514370 475
660153210893 485
377710920729 489
47548123609 509
615325569874 521
455802463240 569
736918411418 573
850600463986 602
445003827546 611
252907961058 619
490349976727 620
975757994430 622
258853335602 664
295650614316 668
74739575644 673
840650279610 678
456740647678 692
894133532465 701
130147236011 719
505878937428 727
885460221999 767
170231649370 785
86593712204 837
176799017136 855
981063251431 864
845275486468 866
442453948495 881
303877470091 885
425374723016 886
699235200080 926
662372092207 927
661171599276 933
661132562316 940
199377575397 978
86501656327 981
371710058085 989
910006769554 997
13
87178291200 1
43589145600 2
14529715200 3
3632428800 4
726485760 5
121080960 6
17297280 7
2162160 8
240240 9
24024 10
2183 11
182 12
14 13
13
87178291200 1
43589145600 2
14529715200 3
3632428801 4
726485760 5
121080960 6
17297280 7
2162160 8
240240 9
24024 10
2184 11
182 12
14 13
82
489 4
581 16
476 18
545 35
387 42
93 46
342 67
208 80
67 86
410 87
563 91
509 92
447 102
736 113
151 126
211 129
968 143
572 157
506 168
595 192
479 206
582 231
882 236
354 243
747 249
821 250
580 253
653 283
180 284
584 292
831 313
513 322
108 329
605 342
344 349
292 352
655 354
245 355
85 363
647 430
834 438
749 448
692 473
585 484
822 498
452 508
744 537
219 545
500 562
670 569
493 585
750 595
128 604
364 623
112 664
932 677
912 683
693 687
477 736
418 746
277 752
332 779
163 829
681 831
642 866
596 902
612 903
28 908
527 926
856 940
625 942
491 947
837 948
637 950
511 955
874 965
264 969
297 972
663 985
235 987
927 992
926 997
13
87178291200 1
43589145600 2
14529715200 3
3632428800 4
726485760 5
121080961 6
17297280 7
2162160 8
240240 9
24024 10
2184 11
182 12
14 13
13
87178291200 1
43589145600 2
14529715200 3
3632428800 4
726485760 5
121080960 6
17297280 7
2162160 8
240240 9
48048 10
2184 11
182 12
14 13
13
87178291200 1
43589145600 2
14529715200 3
3632428800 4
726485760 5
60540480 6
17297280 7
2162160 8
240240 9
24024 10
2184 11
182 12
14 13
14
961 31
959 104
221 197
838 313
413 328
456 330
568 434
783 482
653 559
666 650
863 814
400 880
377 884
321 896
13
87178291200 1
21794572800 2
14529715200 3
3632428800 4
726485760 5
121080960 6
17297280 7
2162160 8
240240 9
24024 10
2184 11
182 12
14 13
37
139 7
618 31
214 46
808 100
927 103
524 139
833 200
170 221
634 222
157 225
369 233
414 255
29 264
66 313
934 364
333 378
151 393
523 446
758 474
945 498
178 500
615 530
638 582
311 584
330 593
736 626
240 693
14 698
675 714
294 762
917 775
122 806
804 824
491 839
478 850
259 928
943 989
1
1 0
13
87178291200 1
43589145600 2
14529715200 3
7264857600 4
726485760 5
121080960 6
17297280 7
2162160 8
240240 9
24024 10
2184 11
182 12
14 13
14
100 0
87178291200 1
43589145600 2
14529715200 3
3632428800 4
726485760 5
121080960 6
17297280 7
2162160 8
240240 9
24024 10
2184 11
182 12
14 13
13
87178291200 1
43589145600 2
14529715200 3
3632428800 4
726485760 5
121080960 6
17297280 7
2162160 8
240241 9
24024 10
2184 11
182 12
14 13
2
201 33
5 34
13
87178291200 1
43589145600 2
29059430400 3
3632428800 4
726485760 5
121080960 6
17297280 7
2162160 8
240240 9
24024 10
2184 11
182 12
14 13
13
87178291200 1
43589145600 2
14529715199 3
3632428800 4
726485760 5
121080960 6
17297280 7
2162160 8
240240 9
24024 10
2184 11
182 12
14 13
13
87178291200 1
43589145600 2
14529715200 3
3632428800 4
726485760 5
121080960 6
34594560 7
2162160 8
240240 9
24024 10
2184 11
182 12
14 13
13
174356582400 1
43589145600 2
14529715200 3
3632428800 4
726485760 5
121080960 6
17297280 7
2162160 8
240240 9
24024 10
2184 11
182 12
14 13
13
87178291200 1
43589145600 2
14529715200 3
3632428800 4
726485760 5
121080960 6
17297280 7
2162160 8
240240 9
12012 10
2184 11
182 12
14 13
13
87178291200 1
43589145600 2
14529715200 3
3632428800 4
726485760 5
121080960 6
17297280 7
2162160 8
240240 9
24023 10
2184 11
182 12
14 13
22
868 55
52 81
911 97
324 184
182 222
770 256
804 387
90 392
328 403
569 461
179 521
969 538
543 718
526 762
91 801
108 856
331 868
246 881
98 892
605 924
720 970
965 981
7
901 0
901 1
450 2
150 3
37 4
7 5
1 6
13
87178291199 1
43589145600 2
14529715200 3
3632428800 4
726485760 5
121080960 6
17297280 7
2162160 8
240240 9
24024 10
2184 11
182 12
14 13
67
472736587869 6
760432931620 7
614216444453 20
306534577302 30
982975446443 33
40525554283 36
177932707168 38
201444429111 53
9324174728 79
466888105401 98
753133818877 113
230193978535 124
167557510108 146
152406701010 164
656380290962 177
377691631326 187
656090335242 201
866833222964 252
57201642202 263
584602827529 278
209647245303 283
807175772168 294
92086549990 304
857850964147 342
781183188327 343
947619357160 367
569144282092 370
859972600748 372
830788165941 407
938983830989 417
525548038145 423
407214596594 426
244224431471 431
4999875244 432
735559208800 435
36801762149 436
955933939204 448
691184684744 457
726364953355 458
771235581492 483
819808168327 486
501632681922 488
13647079729 491
163809086262 518
774906344469 547
226078089026 585
429698163001 591
790671926309 643
184302501514 645
685372089293 663
890023904636 674
381275395080 717
229572881043 725
473971481515 730
893994412952 745
364914719544 781
215878859161 784
569606562443 819
245515059202 820
270499903843 826
639001186199 832
706030227852 836
386893278093 865
152132898262 918
745506544794 934
449742666876 956
805873262287 991
13
87178291200 1
43589145600 2
14529715200 3
3632428800 4
1452971520 5
121080960 6
17297280 7
2162160 8
240240 9
24024 10
2184 11
182 12
14 13
13
87178291200 1
43589145600 2
14529715200 3
3632428800 4
726485760 5
121080960 6
17297281 7
2162160 8
240240 9
24024 10
2184 11
182 12
14 13
13
43589145600 1
43589145600 2
14529715200 3
3632428800 4
726485760 5
121080960 6
17297280 7
2162160 8
240240 9
24024 10
2184 11
182 12
14 13
13
87178291200 1
43589145600 2
14529715200 3
3632428800 4
726485760 5
121080960 6
17297280 7
2162160 8
240240 9
24024 10
2184 11
182 12
14 13
70
692380528680 5
398901330488 6
908562540282 8
342138683227 39
36278040473 52
923841850560 60
630486871242 105
715283552898 125
32977510718 129
405903991513 155
873649207341 156
941908482262 186
786357866527 191
824285488240 206
98409891492 212
499960422060 250
822222000614 254
132381417680 286
123176986806 303
111468380669 311
558299287704 348
867015509577 352
41594306368 385
58410297435 391
937059815696 430
792885543908 435
931336856425 441
335162321389 454
437414061857 458
63451135287 461
548344964369 465
147261276171 477
726529038151 524
935918267525 538
622901250961 553
963079869752 557
888963961257 563
657455295759 569
728550648698 615
196999929879 625
544931797873 637
940574128075 639
932864394713 641
401347772296 668
621727378989 669
442498710065 685
223362693429 693
24178183472 697
295426974421 699
956112783230 700
812669691784 722
662385377666 731
890146311708 747
702926005705 782
968239932029 789
860534846111 801
677854445784 822
300201420149 840
402064770384 845
886968621741 847
943151198983 869
201546326651 882
441726803456 885
80145599790 917
503078492484 938
843605513834 943
56014803923 953
474905022352 962
158348737280 992
840569790862 999
101
323 1
450 10
508 22
261 27
652 36
808 37
264 46
32 49
639 74
686 80
37 96
624 114
828 136
526 152
442 158
282 168
314 184
17 186
480 191
786 204
889 219
877 232
265 238
839 240
295 251
207 271
530 273
527 274
954 304
232 311
76 319
11 324
878 334
681 368
414 369
665 382
855 391
365 395
563 401
340 403
719 412
128 414
994 418
194 447
355 450
651 452
210 478
561 479
507 494
815 503
136 511
499 512
673 529
524 556
997 571
100 592
737 595
606 609
333 612
383 616
985 624
201 634
579 636
545 639
149 643
181 644
826 700
519 701
510 713
498 717
484 730
931 736
718 737
243 744
225 764
423 775
2 779
208 798
382 809
285 821
458 822
65 823
928 836
361 847
992 853
269 855
244 863
687 876
515 890
470 894
895 897
809 911
819 920
693 936
479 945
630 949
186 966
369 971
509 975
151 980
813 991
13
87178291200 1
43589145600 2
14529715200 3
3632428800 4
363242880 5
121080960 6
17297280 7
2162160 8
240240 9
24024 10
2184 11
182 12
14 13
13
87178291200 1
43589145600 2
14529715200 3
3632428800 4
726485761 5
121080960 6
17297280 7
2162160 8
240240 9
24024 10
2184 11
182 12
14 13
13
87178291200 1
43589145600 2
14529715200 3
3632428800 4
726485760 5
121080960 6
17297280 7
4324320 8
240240 9
24024 10
2184 11
182 12
14 13
13
87178291200 1
43589145600 2
14529715201 3
3632428800 4
726485760 5
121080960 6
17297280 7
2162160 8
240240 9
24024 10
2184 11
182 12
14 13
13
87178291200 1
43589145600 2
14529715200 3
3632428800 4
726485760 5
121080960 6
17297280 7
2162160 8
240240 9
24025 10
2184 11
182 12
14 13
1
1000000000000 1000
13
87178291200 1
43589145600 2
14529715200 3
3632428800 4
726485760 5
121080960 6
17297280 7
2162159 8
240240 9
24024 10
2184 11
182 12
14 13
14
100000 0
87178291200 1
43589145600 2
14529715200 3
3632428800 4
726485760 5
121080960 6
17297280 7
2162160 8
240240 9
24024 10
2184 11
182 12
14 13
13
87178291200 1
43589145600 2
7264857600 3
3632428800 4
726485760 5
121080960 6
17297280 7
2162160 8
240240 9
24024 10
2184 11
182 12
14 13
13
87178291200 1
43589145600 2
14529715200 3
3632428800 4
726485760 5
121080960 6
17297280 7
2162160 8
240240 9
24024 10
2184 11
182 12
15 13
14
1000 0
87178291200 1
43589145600 2
14529715200 3
3632428800 4
726485760 5
121080960 6
17297280 7
2162160 8
240240 9
24024 10
2184 11
182 12
14 13
96
181 10
299 35
640 57
492 70
243 75
218 84
463 121
951 125
820 154
114 167
864 169
997 172
936 173
454 174
592 182
441 186
550 204
391 208
215 221
927 224
188 245
267 278
821 280
61 288
516 293
75 295
911 298
543 299
505 302
203 315
103 323
563 341
923 351
384 360
538 368
356 391
913 392
646 395
26 396
710 407
940 439
797 440
796 442
585 447
305 462
50 483
704 484
104 501
289 507
339 538
617 574
20 580
736 581
612 584
348 598
706 603
489 611
29 623
994 632
481 645
763 646
379 654
735 659
574 666
97 667
262 669
491 702
964 706
583 709
225 713
447 715
747 721
977 725
874 729
358 734
933 738
792 743
857 744
352 751
972 767
666 774
700 783
234 800
59 835
971 856
62 890
613 892
456 901
25 907
788 924
195 929
107 956
995 972
426 973
324 977
597 982
13
87178291200 1
87178291200 2
14529715200 3
3632428800 4
726485760 5
121080960 6
17297280 7
2162160 8
240240 9
24024 10
2184 11
182 12
14 13
62
898 13
119 18
372 33
199 63
745 100
333 141
685 192
96 210
51 224
483 256
570 261
888 280
115 315
791 321
288 329
857 344
987 348
58 365
645 367
535 370
44 373
169 397
971 401
120 406
637 413
9 415
701 426
644 435
729 477
144 478
105 479
510 503
687 513
263 517
627 549
847 593
593 616
469 623
276 652
523 700
56 753
264 758
952 771
851 786
285 792
584 799
254 803
717 822
3 856
666 859
417 873
317 878
183 901
192 904
976 916
206 929
871 937
795 940
560 941
958 962
620 983
438 997
13
23 60
437 105
911 106
42 112
593 136
238 489
282 571
541 628
613 731
930 783
828 809
255 921
185 960
14
1000000 0
87178291200 1
43589145600 2
14529715200 3
3632428800 4
726485760 5
121080960 6
17297280 7
2162160 8
240240 9
24024 10
2184 11
182 12
14 13
14
10000 0
87178291200 1
43589145600 2
14529715200 3
3632428800 4
726485760 5
121080960 6
17297280 7
2162160 8
240240 9
24024 10
2184 11
182 12
14 13
97
993 2
61 18
612 19
374 21
499 25
952 34
726 48
419 53
79 55
705 64
170 79
545 88
550 100
178 112
110 114
686 116
238 121
854 134
721 145
872 147
538 163
354 184
291 192
184 208
482 213
667 245
159 261
324 262
168 265
575 268
415 280
628 282
275 284
961 299
443 305
167 330
258 331
988 332
341 355
641 363
199 388
47 403
348 405
916 418
454 434
223 438
940 439
226 440
11 445
906 446
196 458
160 459
623 469
68 498
650 502
921 507
707 508
84 515
31 523
656 538
37 542
222 563
146 578
481 580
802 591
264 594
885 597
835 598
919 612
828 616
901 617
405 620
542 630
463 634
953 657
431 658
776 682
554 684
578 707
790 740
886 745
581 751
611 759
762 803
588 826
169 837
150 850
49 852
1 856
863 875
239 899
112 935
747 943
356 948
365 977
394 984
351 1000
13
87178291200 1
43589145600 2
14529715200 3
3632428800 4
726485760 5
121080960 6
17297280 7
1081080 8
240240 9
24024 10
2184 11
182 12
14 13
13
87178291200 1
43589145600 2
14529715200 3
3632428800 4
726485760 5
121080960 6
17297280 7
2162160 8
240240 9
24024 10
2184 11
181 12
14 13
46
802 2
95 32
13 33
473 76
808 128
101 155
372 208
258 248
975 302
630 309
418 320
940 416
198 425
445 426
25 432
170 447
578 482
809 488
685 560
183 579
960 583
456 586
180 598
700 601
144 604
812 612
742 617
571 618
988 629
34 641
550 667
167 670
947 683
838 693
37 699
698 750
793 770
269 777
607 787
460 788
583 820
182 886
781 905
909 920
359 944
79 976
14
1 0
87178291200 1
43589145600 2
14529715200 3
3632428800 4
726485760 5
121080960 6
17297280 7
2162160 8
240240 9
24024 10
2184 11
182 12
14 13
13
87178291200 1
43589145599 2
14529715200 3
3632428800 4
726485760 5
121080960 6
17297280 7
2162160 8
240240 9
24024 10
2184 11
182 12
14 13
61
710 4
17 29
754 72
208 79
633 80
112 87
406 120
876 132
382 133
790 145
749 152
118 188
60 198
137 211
99 226
320 232
653 239
900 242
865 252
513 270
151 291
242 298
624 318
719 338
558 347
607 366
129 379
117 433
938 444
402 450
791 507
313 543
258 563
379 576
222 615
367 631
98 639
845 640
100 648
71 654
722 659
630 662
107 666
200 669
96 679
786 711
889 729
901 734
498 736
440 750
451 757
519 778
688 779
32 806
996 833
656 834
478 864
299 882
499 925
755 954
462 969
