100
3
2 0
2 2
1 3
1
5 0
2
4 0
2 1
10
1 0
1 1
1 2
1 4
1 5
1 6
1 7
1 8
1 9
1 10
2
6 1
1 2
8
1 0
1 1
1 2
3 3
1 4
1 5
1 6
1 10
2
6 0
1 1
3
1 5
2 7
7 10
9
1 0
1 2
2 3
1 4
1 5
1 6
1 7
1 9
1 10
2
4 0
1 1
2
2 0
1 1
2
7 1
3 3
10
1 0
1 1
1 2
1 3
1 4
1 6
1 7
1 8
1 9
1 10
8
1 1
1 3
1 4
1 5
1 6
1 7
1 8
3 10
1
10 10
3
2 0
1 1
1 2
1
4 0
8
1 0
1 1
2 2
1 3
1 4
1 6
2 7
1 9
4
1 1
6 6
2 7
1 9
3
4 0
2 1
1 2
7
3 0
1 1
1 3
1 5
1 6
1 8
2 10
2
4 0
3 1
3
4 0
4 1
2 2
2
6 1
4 2
9
1 0
1 1
2 3
1 4
1 5
1 7
1 8
1 9
1 10
2
2 0
2 1
3
1 3
1 9
8 10
3
4 0
3 1
1 2
3
6 0
2 1
1 2
4
1 1
1 2
1 4
7 9
2
9 0
1 8
1
2 1
1
10 0
1
2 0
7
3 1
1 2
1 5
1 6
1 7
1 9
2 10
2
2 1
1 2
2
6 0
3 9
4
4 1
3 2
2 3
1 4
3
6 0
3 1
1 2
9
1 0
1 1
1 3
1 4
1 5
1 6
1 8
1 9
2 10
2
4 0
1 2
2
6 0
1 2
2
5 1
2 2
2
2 8
8 10
2
4 1
2 2
2
9 0
1 7
3
1 0
6 1
3 2
3
3 0
4 1
2 2
2
6 1
3 2
3
6 0
1 1
1 2
2
9 0
1 1
2
6 0
3 1
10
1 0
1 1
1 2
1 3
1 4
1 5
1 6
1 7
1 8
1 9
1
1 2
4
4 0
1 2
1 8
4 9
6
5 3
1 4
1 5
1 7
1 9
1 10
7
1 0
2 1
3 3
1 7
1 8
1 9
1 10
2
2 0
1 2
6
1 0
1 2
1 4
4 6
1 8
2 10
2
5 1
3 2
1
3 1
2
3 1
1 2
2
1 1
1 2
3
1 1
2 2
7 5
2
9 7
1 8
2
6 1
2 2
2
2 3
8 5
1
1 0
2
9 0
1 9
4
1 1
4 2
3 3
2 8
10
1 0
1 1
1 2
1 3
1 4
1 5
1 6
1 8
1 9
1 10
1
6 0
6
1 3
1 4
1 5
1 7
5 8
1 9
6
4 1
1 3
1 4
1 8
2 9
1 10
3
1 5
2 6
5 7
10
1 1
1 2
1 3
1 4
1 5
1 6
1 7
1 8
1 9
1 10
6
2 0
2 2
2 4
2 6
1 9
1 10
3
5 1
4 3
1 8
2
2 0
3 1
2
2 1
8 4
2
6 0
2 1
3
5 0
3 1
1 2
7
1 1
1 2
1 3
1 4
3 5
1 6
2 10
3
4 0
1 1
1 2
4
2 3
1 5
6 8
1 10
3
1 0
3 3
6 7
4
1 0
1 2
1 3
7 5
8
1 0
1 2
3 3
1 4
1 5
1 6
1 7
1 10
6
1 1
1 4
2 6
1 7
4 8
1 10
3
2 0
3 1
1 2
3
2 0
2 1
1 2
2
7 1
3 2
2
6 0
4 10
8
1 0
1 1
1 5
1 6
3 7
1 8
1 9
1 10
1
1 1
2
3 1
3 2
4
1 1
2 2
3 3
4 4
4
4 1
1 2
4 4
1 5
7
1 0
1 2
1 5
4 6
1 8
1 9
1 10
5
4 3
3 7
1 8
1 9
1 10
