100
3
2 0
2 2
1 3
1
5 0
9
1 2
1 3
1 4
2 5
1 6
1 7
1 8
1 9
1 10
2
6 1
2 2
1
4 0
2
1 1
1 2
2
5 1
2 2
3
6 2
3 7
1 8
6
1 0
1 1
1 3
1 5
1 7
5 9
1
1 1
1
6 1
4
3 0
5 2
1 7
1 8
2
7 1
3 2
2
6 0
1 2
3
3 0
4 1
2 2
2
2 0
1 2
2
9 0
1 7
3
6 0
3 1
1 2
5
1 0
1 3
1 6
1 7
6 8
2
9 0
1 1
5
1 1
1 3
1 4
1 6
6 9
2
2 1
1 2
2
6 0
3 1
10
1 0
1 2
1 3
1 4
1 5
1 6
1 7
1 8
1 9
1 10
4
1 1
2 2
3 3
4 4
2
4 0
3 1
2
6 0
2 1
1
3 4
2
4 0
1 2
4
1 1
5 6
1 9
3 10
10
1 0
1 1
1 2
1 3
1 4
1 5
1 6
1 7
1 8
1 9
5
1 0
1 3
6 4
1 5
1 7
3
4 0
4 1
2 2
2
6 1
4 2
5
1 0
5 4
2 6
1 7
1 9
3
2 0
3 1
1 2
1
6 0
3
1 0
6 1
3 2
3
6 0
1 1
1 2
2
3 1
3 2
10
1 0
1 1
1 2
1 4
1 5
1 6
1 7
1 8
1 9
1 10
2
4 0
2 1
2
7 9
3 10
1
10 0
5
3 5
1 6
4 7
1 9
1 10
4
6 1
1 3
2 5
1 8
4
1 1
2 2
5 7
2 8
2
9 0
1 8
3
2 0
2 1
1 2
3
4 0
3 1
1 2
2
4 0
1 1
7
1 0
1 4
1 5
1 6
2 7
1 8
3 10
10
1 1
1 2
1 3
1 4
1 5
1 6
1 7
1 8
1 9
1 10
10
1 0
1 1
1 2
1 3
1 4
1 5
1 6
1 7
1 9
1 10
4
2 1
6 2
1 3
1 5
9
2 1
1 2
1 3
1 4
1 5
1 6
1 7
1 8
1 9
1
1 2
1
3 1
9
1 0
1 1
1 2
1 4
1 5
1 7
1 8
1 9
2 10
3
6 0
2 1
1 2
2
5 1
3 2
2
9 7
1 8
2
2 0
3 1
2
6 1
3 2
2
4 1
2 2
10
1 0
1 1
1 2
1 3
1 4
1 5
1 6
1 8
1 9
1 10
10
1 0
1 1
1 2
1 3
1 4
1 5
1 7
1 8
1 9
1 10
3
5 1
2 2
3 8
2
3 1
1 2
6
3 0
1 2
1 5
3 6
1 7
1 9
9
1 0
1 1
1 2
1 3
1 4
1 6
1 8
1 9
2 10
2
4 5
6 6
7
1 0
4 3
1 5
1 6
1 8
1 9
1 10
3
4 0
2 1
1 2
1
2 0
7
1 0
1 1
1 5
1 6
1 7
1 8
4 10
2
9 0
1 9
1
10 10
3
2 0
1 1
1 2
1
2 9
3
5 0
3 1
1 2
8
3 0
1 2
1 3
1 5
1 6
1 8
1 9
1 10
10
1 0
1 1
1 2
1 3
1 4
1 6
1 7
1 8
1 9
1 10
6
1 0
1 1
2 5
1 6
4 7
1 9
2
6 0
1 1
3
3 1
5 7
1 10
8
1 0
1 1
1 3
1 4
1 5
1 6
3 7
1 8
1
1 0
1
2 1
2
2 0
1 1
2
2 0
2 1
4
4 1
3 2
2 3
1 4
1
7 2
6
2 0
2 2
2 4
2 6
1 9
1 10
7
1 0
1 1
1 4
1 5
4 6
1 7
1 10
3
4 0
1 1
1 2
8
3 0
1 1
1 2
1 4
1 5
1 6
1 7
1 8
8
1 0
1 2
1 3
1 4
1 6
3 7
1 9
1 10
2
6 1
1 2
7
1 0
1 1
1 3
1 4
4 8
1 9
1 10
