1000 5000
1 2 8341
1 6 9833
1 8 6174
1 33 6032
1 76 6182
1 146 831
1 151 6811
1 975 3082
1 148 8604
1 73 5033
1 107 1866
1 340 2394
1 426 6545
2 3 1805
2 5 7296
2 7 7417
2 11 452
2 63 5174
2 143 4396
2 302 1310
2 831 3331
2 258 4169
2 276 1587
2 98 8437
2 662 3649
3 4 3358
3 28 2349
3 152 2947
3 310 884
3 430 6030
3 488 6990
3 544 2216
3 570 8854
4 30 2260
4 43 5353
4 433 4262
4 936 986
4 685 9984
4 716 3723
4 193 7006
4 980 9792
5 197 9280
5 516 5955
5 525 1000
5 195 7620
5 396 9962
6 13 4901
6 24 7899
6 121 445
6 502 2337
6 385 2175
6 895 3783
6 660 7994
6 886 6137
6 103 5314
6 424 2575
6 190 1295
7 14 3481
7 21 5114
7 72 9184
7 106 1111
7 115 8628
7 275 9209
7 397 2708
7 620 4695
7 1000 3684
7 304 9158
8 9 3442
8 36 8140
8 417 5334
8 119 3870
8 21 8387
8 197 6645
8 818 4068
9 10 1703
9 23 9669
9 26 4060
9 49 9421
9 56 7556
9 504 2216
9 348 1097
9 233 2565
9 987 4148
10 12 9790
10 100 3461
10 185 8345
10 247 4680
10 330 3336
10 347 3000
10 803 6528
11 15 2568
11 17 4858
11 29 5960
11 31 2691
11 34 2255
11 137 4502
11 318 1489
11 489 182
11 169 1550
11 462 9218
11 661 5409
11 301 2390
11 357 8132
11 527 7198
11 531 9531
11 991 4115
11 581 9236
12 16 1588
12 89 9981
12 405 845
12 387 9008
13 40 2489
13 690 7191
13 848 9639
13 413 8040
14 19 5946
14 22 2019
14 92 8122
14 140 6725
14 144 5481
14 635 4754
14 728 919
14 658 4824
15 27 5526
15 45 1469
15 936 9117
15 125 780
15 687 6322
16 18 2287
16 41 5407
16 342 5496
16 484 3314
16 563 9900
16 753 1096
16 503 7689
16 692 9492
16 986 5756
16 633 6162
16 554 920
17 496 4166
17 498 1460
17 507 3839
17 324 4886
17 954 7573
18 73 4447
18 97 9968
18 163 2815
18 269 9504
18 303 3441
18 369 5194
18 193 4376
18 409 2017
18 943 2130
18 81 8193
18 618 6654
18 176 6099
18 896 8309
19 20 6959
19 25 3802
19 593 8942
19 837 7583
19 339 582
20 39 7521
20 46 6691
20 348 8778
20 427 6365
20 41 3632
20 256 9067
20 362 3564
20 766 3020
21 173 825
21 600 9159
21 126 277
21 874 6142
22 52 4221
22 200 7039
22 304 3514
22 323 9233
22 413 6524
22 545 3127
22 186 9366
22 401 9280
22 646 9907
22 977 5322
22 246 2394
22 263 7769
23 178 5540
23 195 8018
23 675 2407
23 217 2364
23 596 8828
23 440 7456
23 585 1183
23 785 5428
23 135 7862
24 583 8920
24 665 4594
24 779 5562
24 99 2146
25 83 3527
25 226 5680
25 623 929
25 452 2878
25 427 1851
25 277 5674
26 37 4850
26 81 6556
26 113 1932
26 179 9835
26 385 1670
26 621 3949
26 554 680
26 109 9143
26 206 5998
27 32 1074
27 274 4158
27 308 5794
27 458 6618
27 618 5060
27 989 7479
27 69 8263
27 484 5644
27 487 7890
27 504 5140
27 432 8456
27 733 9493
28 206 9264
28 280 9480
28 446 3710
28 452 3114
28 527 5565
28 537 2094
28 603 1070
28 284 958
28 845 2221
28 965 6845
29 53 5135
29 188 3052
29 272 6676
29 577 5691
29 863 6111
29 820 741
29 722 9277
30 88 9445
30 202 187
30 378 2833
30 652 8068
30 97 6663
30 998 4161
31 69 3069
31 298 5489
31 384 4401
31 544 8170
31 720 3844
31 804 1909
31 805 7952
31 227 8572
31 101 3668
31 573 5880
31 55 3280
32 77 5212
32 123 8991
32 234 8031
32 434 7076
32 595 9313
32 883 722
32 31 3668
32 833 3412
32 843 7433
32 16 799
32 389 4508
33 47 3376
33 66 9257
33 95 234
33 276 5675
33 370 5082
33 512 4172
34 35 5311
34 54 1964
34 84 8763
34 271 2107
34 324 9074
34 406 7982
34 432 9728
34 322 5398
34 248 1944
34 289 7181
34 500 3397
34 820 5251
35 317 9290
35 88 7012
35 896 8444
35 19 4377
35 590 6658
36 38 1285
36 42 6505
36 62 7004
36 78 27
36 117 1581
36 709 7800
36 727 621
36 538 5394
36 952 5970
36 396 4441
36 141 8536
37 209 9587
37 425 4438
37 615 9502
37 677 9097
38 65 3774
38 285 5513
38 333 460
38 401 4713
38 329 2317
38 445 2373
39 148 5560
39 240 4170
39 598 6951
39 133 5190
40 268 1947
40 371 2862
40 628 8017
40 249 9678
40 163 3262
41 44 5535
41 50 3121
41 301 1779
41 635 6761
41 823 9783
41 186 5769
41 298 8581
41 707 2045
42 283 5661
42 588 4857
42 309 2750
42 343 237
42 733 2632
42 490 3968
42 728 2065
43 55 4064
43 59 5841
43 727 1609
43 754 6024
43 495 2743
43 306 683
44 48 773
44 85 3976
44 172 3151
44 395 9669
44 614 1509
44 55 5328
44 210 9959
45 58 5133
45 426 6411
45 802 8266
46 57 5015
46 421 9208
46 974 3627
46 272 1214
46 683 1338
46 957 2848
46 333 1984
46 474 1782
47 124 5289
47 647 9954
47 292 3429
47 854 4822
48 51 2821
48 67 8575
48 264 3081
48 403 6632
48 444 2504
48 122 6605
48 340 5124
48 895 4960
49 99 8272
49 471 4138
49 333 5290
49 944 8862
49 81 1202
49 964 968
49 856 1545
50 56 5889
50 61 4810
50 64 7876
50 94 1158
50 225 9921
50 263 3924
50 448 1502
50 271 8105
51 86 6721
51 116 2665
51 462 850
51 581 2841
51 877 4634
51 396 4539
51 333 360
52 75 875
52 132 8699
52 191 2354
52 989 7899
52 221 601
52 159 2115
52 642 5670
52 334 3819
52 502 6237
53 93 8759
53 541 1823
53 71 2196
53 719 8372
53 361 8058
54 174 7329
54 725 8671
54 692 9520
54 357 8824
54 568 3624
55 456 9321
55 654 6296
55 723 3193
55 880 6505
55 68 1179
55 877 4010
56 60 8719
56 71 1075
56 91 2664
56 936 8764
56 1 795
56 286 6733
56 471 1870
57 166 6673
57 237 5363
57 480 4493
57 137 7395
57 922 4184
57 36 8101
57 839 5848
57 10 2667
57 402 9562
57 862 100
58 68 2975
58 182 7869
58 832 6429
58 419 793
59 169 6714
59 317 934
59 701 6475
59 544 8522
59 733 1004
59 483 4875
59 639 7093
59 312 4175
59 930 4272
60 190 3033
60 820 2063
60 616 365
61 82 1226
61 139 8240
61 155 5776
61 321 3195
62 110 4402
62 154 3814
62 403 5206
62 954 4268
62 461 6434
63 129 728
63 232 3849
63 504 7119
63 566 7052
63 86 1916
63 532 3101
64 79 4911
64 262 5589
64 664 5143
64 390 4708
64 860 2098
64 228 5867
64 703 5601
64 687 8567
64 820 3313
64 274 8854
65 74 4460
65 215 6850
65 349 2745
65 750 3853
65 864 3875
65 781 7137
66 70 6231
66 135 6312
66 177 7979
66 705 8917
66 728 1500
66 751 3585
66 838 4587
67 90 9371
67 118 9400
67 84 8780
67 575 7374
67 141 1416
67 578 3801
67 353 7365
68 80 4919
68 947 9934
68 237 3951
69 126 6454
69 258 4269
69 243 1694
69 158 957
69 616 5396
69 225 3382
69 469 1599
70 606 1031
70 805 3568
70 406 5842
70 575 7734
70 84 2135
70 303 1367
71 138 7436
71 717 3228
71 766 9869
71 385 4303
71 9 2150
71 979 470
72 219 335
72 231 3613
72 259 7778
72 307 8671
72 990 2513
72 322 8075
72 686 8538
72 897 9160
72 635 4543
72 988 9208
72 849 8917
72 863 9974
72 893 796
72 71 4803
73 111 9486
73 504 9242
73 517 1418
74 101 4695
74 141 1275
74 278 1329
74 781 4625
74 751 4399
74 536 1125
74 812 8471
75 407 5887
75 3 207
75 973 7729
75 892 5860
76 640 7192
76 692 706
76 841 9973
76 169 8090
76 655 6749
77 104 9292
77 223 3634
77 695 1351
77 28 4903
77 614 379
77 1000 9944
78 87 7736
78 189 9505
78 205 6277
78 698 6732
78 93 5814
78 125 1713
78 366 8496
78 49 9548
79 112 4724
79 186 3240
79 673 1096
79 706 7730
79 253 6137
80 371 4119
81 222 4864
81 429 1919
81 34 2635
81 816 6632
81 769 3645
81 481 6257
82 168 4928
82 533 6017
82 624 7265
82 693 5744
82 864 415
82 413 711
82 48 8051
82 906 765
82 323 6046
82 438 8411
82 227 4735
82 758 7089
82 363 5802
82 187 554
83 335 5742
83 347 1914
83 749 4454
83 594 8425
83 713 4775
83 859 4581
83 78 5881
84 147 4162
84 315 7108
84 446 9302
84 947 65
84 936 4382
84 421 5450
84 766 2381
85 103 7565
85 128 323
85 203 6038
85 459 8045
85 97 1308
85 91 3253
85 863 7096
85 275 4357
86 108 7180
86 799 9924
86 853 9097
86 357 6560
86 103 9433
86 329 8757
87 471 1844
87 15 5540
87 519 7900
88 170 1075
88 908 661
88 951 3713
88 867 2007
89 404 5439
89 820 3729
89 646 607
89 590 4769
89 880 8220
89 615 9952
89 804 6823
90 207 9697
90 568 5984
90 308 5478
90 45 8601
90 702 7832
91 96 2216
91 130 3191
91 167 2177
91 251 5275
91 695 6791
91 771 6121
91 822 2955
91 617 5554
91 778 6952
91 208 7161
91 737 4851
91 439 6073
92 98 4372
92 153 9913
92 557 9101
92 740 6351
92 43 5186
92 794 3227
92 240 5303
93 131 3050
93 364 5000
93 388 6579
93 437 6828
93 383 8777
94 111 6765
94 374 4523
94 495 8861
94 873 8034
94 382 4801
94 361 1763
95 120 6975
95 296 1160
95 454 2071
95 522 5874
95 191 8949
95 919 3622
95 555 1475
96 105 5134
96 229 3950
96 254 4163
96 282 919
96 559 6229
96 951 5328
96 697 1569
96 556 4010
96 726 4218
96 424 9305
96 305 4723
96 59 6346
97 102 4895
97 208 8539
97 236 1373
97 440 7023
97 290 5819
97 567 230
97 947 8813
97 995 5732
97 849 1343
97 298 4794
98 136 653
98 193 6268
98 367 6047
98 670 7580
98 881 9535
98 246 5727
98 540 9678
98 885 5675
98 808 4388
98 359 1298
99 122 9889
99 127 8222
99 636 9293
99 249 340
100 710 4884
100 973 5686
100 953 1144
100 202 4164
100 967 8188
100 677 2670
100 30 3385
100 991 1824
101 142 3731
101 176 9839
101 474 3381
102 109 8850
102 465 6315
102 781 5729
102 784 8699
102 213 5929
102 69 5581
102 522 5341
103 107 8483
103 133 6587
103 500 3254
103 234 8017
103 374 8625
103 172 5220
104 161 4458
104 398 9629
104 475 2759
104 663 7705
104 331 1264
104 87 6090
105 211 9612
105 325 286
105 338 6899
106 125 796
106 325 4810
106 464 5373
106 231 5881
106 470 5381
106 948 2777
106 896 9000
106 573 7780
106 96 3622
107 119 5891
107 767 9992
107 695 5497
107 682 743
107 764 3726
107 412 2422
107 393 5090
107 3 7442
107 543 6294
107 83 7356
108 204 4337
108 246 2738
108 332 1098
108 942 4509
108 142 1455
108 47 5872
109 314 8352
109 198 1783
109 252 6713
110 156 504
110 680 9371
110 631 6964
110 981 5587
110 732 9348
111 114 7314
111 134 1627
111 279 9302
111 295 1518
111 849 315
111 894 5807
111 194 8264
111 186 9554
111 257 4569
111 880 4875
111 125 1787
111 773 6159
111 366 6428
111 889 4668
111 282 3505
111 338 6228
111 797 8577
111 514 114
112 196 8305
112 227 4339
112 355 5322
112 979 6959
112 89 22
112 28 4696
113 154 3419
113 157 500
113 451 2519
113 731 5777
113 361 9933
113 751 3115
113 688 6568
114 175 3876
114 509 2417
114 710 9123
114 960 62
114 975 9713
114 850 1351
114 481 5029
114 69 9675
115 477 6955
115 567 1324
115 254 6819
115 342 7273
115 869 353
115 877 360
116 499 2685
116 599 6181
116 763 5673
116 960 245
116 315 2774
116 855 6437
116 444 6765
117 238 9876
117 396 6430
117 387 1278
117 146 2411
117 551 1067
117 421 8202
117 456 287
118 171 9893
118 288 2314
118 644 7665
118 687 2070
118 714 2525
118 748 9860
118 812 5310
118 622 7290
118 336 632
119 201 5858
119 293 2104
119 574 4574
119 192 6771
119 141 2936
119 690 6661
119 936 3155
120 149 8684
120 244 4778
120 909 5786
120 518 4836
121 199 182
121 313 6473
121 320 8508
121 375 8216
121 435 7730
121 521 1607
121 738 6227
121 956 7670
122 907 4134
122 133 6185
122 156 7186
122 748 3080
122 516 7629
123 737 236
123 832 516
123 890 5279
123 813 8874
123 953 8848
124 370 3978
124 482 1387
124 572 5331
124 736 543
124 416 3838
124 708 8953
124 90 984
124 808 2720
125 897 2426
125 640 8018
125 606 7196
125 827 4500
125 162 4373
126 607 3301
126 694 9819
126 708 7377
126 907 8391
127 532 8486
127 211 238
127 378 2395
127 992 8037
128 245 3439
128 416 3835
128 611 6883
128 341 4641
128 664 5370
128 841 6065
129 892 6959
129 156 8557
129 397 1317
129 159 4409
129 104 1134
129 974 6482
130 159 9715
130 294 1320
130 359 117
130 861 1185
130 328 47
130 800 1826
130 246 8878
131 395 2816
131 717 4418
131 767 335
131 959 8359
132 270 8693
132 710 7987
132 105 1839
132 250 9807
132 522 6668
132 189 9454
132 872 8914
132 245 3333
133 165 3224
133 183 6788
133 187 5000
133 363 7937
133 394 5660
133 815 6749
133 827 3191
133 955 5527
133 773 5765
133 865 1763
133 857 6840
134 898 4189
134 849 384
134 977 7319
134 559 6312
134 565 5584
134 306 592
134 385 5176
135 217 3919
135 353 281
135 664 5832
135 702 5545
135 563 8594
135 184 3500
135 716 6754
135 597 8075
135 39 8042
136 885 9464
137 162 788
137 181 3564
137 788 5694
137 389 2840
137 339 3713
137 859 1581
137 982 5926
138 423 255
138 79 3232
138 117 2037
138 376 2453
138 623 3313
138 563 2022
138 447 1560
138 985 4380
139 230 8444
139 899 619
139 108 7599
139 585 1297
139 486 3033
139 906 5399
139 330 320
139 158 5283
140 145 494
140 198 6808
140 850 2847
140 829 3329
140 880 7707
140 236 2471
140 905 1604
141 150 3979
141 703 2630
141 939 6669
141 965 979
141 841 5422
141 304 8021
141 733 4103
142 218 2259
142 233 1306
142 267 9963
142 699 1556
142 595 5533
142 680 1118
143 160 8441
143 381 6658
143 390 4891
143 347 882
143 785 3893
143 21 5366
143 405 6745
144 158 179
144 210 1670
144 933 841
144 673 1693
144 787 2679
144 310 8779
144 459 5163
144 301 4935
144 897 4467
145 253 4873
145 643 6962
145 940 1489
145 144 4785
145 159 693
145 360 5944
145 620 601
145 418 5667
146 383 2219
146 327 2161
146 447 8830
146 377 8765
146 207 3488
147 240 9704
147 248 2167
147 277 4126
147 539 6928
147 162 2401
147 396 6570
147 351 2343
147 321 5655
147 662 7306
148 570 5103
148 641 7979
148 862 515
148 779 8588
148 369 312
148 707 4149
148 567 7383
148 491 4897
149 631 6496
149 456 7985
149 795 3614
149 847 5508
150 421 6525
150 589 8478
150 955 5534
150 171 6676
151 281 6171
151 701 678
151 570 9066
151 166 2313
152 184 9654
152 510 8598
152 828 2723
152 865 6313
152 8 6869
153 164 2236
153 228 7463
153 399 5172
153 538 4697
153 787 3881
153 497 8950
153 62 347
153 306 2801
154 597 1058
154 749 5781
154 352 2970
154 504 6442
154 472 3936
154 265 7898
154 439 5437
155 448 542
155 998 3788
155 334 1682
155 227 1615
155 299 5001
155 77 6730
155 950 6491
156 700 1136
156 862 570
156 174 4573
157 327 8386
157 698 2216
157 838 2321
157 372 9214
157 194 2889
157 387 3097
158 192 1610
158 284 3713
158 460 7146
158 309 4868
158 100 2387
158 107 4262
159 194 4912
159 428 7162
159 743 7380
159 411 1972
159 398 378
159 112 1229
159 275 5239
160 389 3351
160 774 4384
160 788 3135
160 825 8724
160 849 2265
160 756 3732
161 418 3860
161 857 7119
161 127 4057
161 187 6540
161 946 1080
161 943 7744
161 569 3718
162 299 7714
162 755 6861
163 805 4862
163 191 4085
163 848 3178
163 828 6407
164 409 2695
164 491 9381
164 407 7339
164 817 2
164 41 7157
164 656 988
165 82 5446
166 554 8502
166 895 4196
166 276 3973
166 633 5343
167 261 4422
167 287 6833
167 344 679
167 999 9667
167 753 8558
167 134 3599
168 779 8514
168 470 8500
168 162 7214
168 226 1577
169 180 8753
169 343 7862
169 449 3801
169 389 1287
170 382 5201
170 810 7621
170 238 3294
170 647 4825
170 723 6922
170 676 1688
170 303 7161
170 206 7157
171 256 7024
172 221 5674
172 522 3971
172 124 4502
172 611 3294
172 88 9945
172 454 136
172 109 4784
172 756 7545
172 626 5803
172 176 2077
173 249 7335
173 617 4618
173 681 6949
173 699 4648
173 317 1464
173 652 2521
174 626 8838
174 768 5850
174 531 4087
175 420 8880
175 441 6319
175 468 2437
175 95 557
176 639 4097
177 206 2427
178 239 3339
178 652 9525
178 858 6101
178 643 6975
178 372 2721
178 672 9678
178 480 480
178 163 8300
179 362 1372
179 850 3499
179 1 9301
180 906 6950
180 766 7931
180 301 3141
180 3 1848
180 382 398
180 514 9189
181 639 1006
181 931 331
181 880 9634
181 257 9833
182 678 723
182 126 502
182 734 6323
182 9 8913
183 316 8167
183 485 2747
183 751 5714
183 177 3652
183 477 6811
184 276 2539
184 427 9670
184 304 9647
184 430 8282
184 261 9724
184 41 5579
184 414 248
185 457 382
185 840 7467
185 624 4970
185 598 4091
185 403 2143
185 200 581
186 414 8838
186 550 5244
186 569 5643
186 954 9030
186 488 8313
186 750 233
186 64 9900
186 437 1455
186 714 3573
186 679 5142
186 562 6408
187 726 9716
187 846 9303
188 365 2516
188 930 3592
188 688 3055
188 883 6146
189 577 8146
189 290 7227
189 765 1647
189 310 4973
189 525 7845
189 358 6134
189 956 8555
189 688 3920
190 213 6389
190 216 837
190 959 9315
190 101 9153
190 498 7727
190 948 892
190 404 4436
190 387 7845
190 824 5577
190 145 1980
191 556 3052
191 777 1654
191 764 8924
191 89 7589
191 334 7321
192 985 6523
192 310 7980
192 605 9387
192 872 2700
193 526 8625
193 856 7651
193 202 8700
193 211 7811
193 769 6947
193 830 6943
194 870 929
194 684 4489
195 220 1627
195 257 5628
195 338 9556
195 473 8181
195 670 7228
195 988 2066
195 856 2912
195 650 8524
196 255 1261
196 278 5181
196 329 4462
197 286 7099
197 340 6223
197 696 1125
197 882 1776
197 966 3182
197 214 6026
197 392 5411
198 357 7163
198 570 9419
198 450 8593
198 8 4374
199 212 393
199 372 4665
199 775 1538
199 983 7969
199 773 1114
199 451 6849
199 951 2181
199 146 2793
199 689 9485
200 312 8619
200 391 3479
200 971 1672
200 779 5817
200 50 1184
200 210 2288
200 653 8513
200 996 3045
201 265 2340
201 175 1904
201 335 8639
201 384 7027
202 431 8801
202 888 607
202 447 7013
203 377 1605
203 965 669
203 34 8339
203 427 2407
204 214 6474
204 250 3400
204 273 6299
204 476 1146
204 614 9586
204 263 7136
204 173 1547
204 593 3172
204 445 9514
204 388 8746
204 148 3867
205 571 2927
205 415 5058
205 594 6753
206 820 5350
206 898 2060
207 64 3986
207 593 3538
207 670 1655
207 918 5214
207 15 1815
207 846 324
207 980 9154
208 396 4358
208 362 4769
209 266 5875
209 745 2254
209 914 9046
209 214 314
210 243 3218
210 476 654
210 535 3461
210 97 4902
210 524 1687
210 75 3283
210 19 3404
210 266 5505
211 224 3903
211 290 1040
211 135 4331
212 960 5537
212 319 3552
212 485 9807
212 456 1301
212 404 964
212 696 1942
212 522 1284
213 411 9585
213 568 7343
213 877 1395
213 910 7914
213 2 1375
213 96 6431
214 252 3829
214 379 2306
214 78 7607
214 194 2912
214 982 75
214 515 2916
214 942 4626
214 430 4535
214 523 7649
215 899 4112
215 597 5597
215 539 3729
215 855 1156
215 419 3823
215 2 7082
216 492 3426
216 752 2414
216 717 7629
216 425 3838
216 972 1154
217 368 2373
217 493 4910
217 503 5252
217 684 1092
217 848 3399
217 798 1786
217 47 7573
217 298 6323
217 577 5910
218 514 8685
218 912 1447
218 432 2287
218 317 5869
218 191 6440
218 655 7113
218 476 9226
218 31 9098
218 198 5233
218 308 7044
218 26 3426
218 123 6738
219 865 1812
219 120 4566
219 303 7139
219 704 5455
220 235 4021
220 352 9563
220 584 5694
220 973 6382
220 774 370
220 858 2013
220 137 7400
220 513 7122
220 113 2714
220 416 7811
221 855 2448
221 937 8694
221 757 5641
221 192 6666
221 166 7765
222 437 4274
223 819 7918
223 997 3803
223 896 6793
223 965 3509
223 580 6503
223 681 7331
224 311 9934
224 941 1930
224 693 914
225 540 6660
225 784 5932
225 373 3434
225 808 1165
225 469 1591
225 984 7808
225 556 4508
226 289 7016
226 393 7352
226 598 3362
226 949 1499
226 934 2219
227 337 1574
227 587 9942
227 666 4271
227 282 1912
227 4 3364
227 346 235
228 263 6477
228 419 6641
228 673 8270
228 528 2193
228 259 3914
228 588 3066
229 241 2769
229 410 8637
229 696 4077
229 874 6413
229 718 577
229 521 3156
229 403 8027
229 664 4121
230 546 6943
230 915 6249
230 976 9437
230 823 2813
230 914 8079
231 242 6660
231 345 8356
231 350 3483
231 711 555
231 599 3055
231 195 1367
231 240 5209
231 176 4508
231 946 1698
232 845 8796
232 257 3884
232 831 8994
232 397 5059
232 19 7070
232 822 2313
232 42 4766
233 445 6820
233 891 4245
233 410 7588
233 734 1377
233 834 3717
233 736 3958
233 201 7200
233 451 3426
233 263 7806
233 814 954
233 307 3271
234 916 204
234 446 4710
234 241 6699
234 390 5563
234 428 7857
234 9 2220
235 305 1376
235 985 5138
235 201 8389
235 773 775
236 424 3450
236 967 1870
236 274 6525
236 734 4792
236 799 5858
237 789 437
237 517 7116
238 327 879
238 441 3130
238 845 7815
238 161 4368
238 555 5730
238 394 9891
238 3 4466
238 285 5582
239 768 2132
239 994 9856
239 170 8803
240 290 6510
240 984 9096
241 778 783
241 799 7432
242 528 4982
242 478 5747
242 844 2849
242 71 7256
243 787 393
243 803 4050
243 617 4423
243 9 3307
243 765 2904
244 469 3844
244 701 2075
244 379 5235
244 48 7132
244 723 4521
245 589 6732
245 616 7592
245 98 2273
245 290 3806
245 101 5717
245 330 3144
246 586 922
246 495 9516
246 83 3951
246 296 1923
247 305 9795
247 517 427
247 444 9606
247 912 4228
247 940 7663
248 669 8817
248 851 3891
248 751 6203
248 413 576
248 74 7324
248 618 4820
248 639 1465
248 241 4291
249 967 420
249 440 5484
249 590 2305
250 293 5513
250 748 7750
250 585 4549
251 835 7223
251 11 7847
251 417 7234
251 812 757
251 500 2192
252 366 7721
252 627 1703
252 920 3950
252 980 8894
252 240 3625
252 153 6363
252 413 4729
252 38 3519
253 741 9926
253 769 8375
253 78 9621
253 219 1055
253 939 3362
253 957 5486
253 911 3732
253 880 7963
253 85 4520
253 579 4478
253 115 3523
254 260 1096
254 782 3120
254 639 2433
254 456 9865
254 758 7933
254 285 9942
255 573 7441
255 958 6174
255 604 4461
256 726 1157
256 670 4298
256 232 3958
257 251 2713
257 265 686
257 206 4749
257 993 2353
258 524 4996
258 872 4403
258 999 6345
258 396 8521
259 319 4992
259 558 812
259 867 5755
259 112 7433
259 403 697
259 293 8554
259 336 4146
259 201 359
259 554 5688
259 249 2109
260 291 8832
260 854 2348
260 874 266
260 984 9700
260 994 8645
260 241 861
260 181 1494
260 774 5249
260 930 2459
261 506 7887
261 543 7986
261 738 7695
262 360 3913
262 435 9975
262 859 2129
262 416 5635
262 956 4512
262 468 4608
262 905 1978
263 300 156
263 638 8766
263 551 6387
263 733 4248
263 692 999
263 881 6977
264 455 6491
264 713 4234
264 798 6088
264 738 8658
265 385 4832
265 831 3752
265 809 6415
265 773 7605
265 375 1858
265 608 9463
265 983 1256
266 358 4391
266 380 9725
266 115 572
266 999 4503
266 517 2359
266 598 3312
266 510 4639
266 742 9200
266 95 7357
266 719 7391
266 286 2466
267 934 8057
267 643 4514
267 546 8226
267 254 8440
268 515 4659
268 970 2513
268 997 8494
268 640 5597
268 641 256
268 606 647
268 365 7665
268 659 4058
268 729 812
268 465 7369
269 502 6942
269 396 7292
269 555 1263
269 493 9715
269 410 3575
269 427 5089
270 297 7248
270 725 4029
270 757 314
270 34 4798
270 771 2829
271 309 5985
271 154 7327
271 160 5238
271 614 3589
272 807 8849
273 329 2620
273 604 9903
273 501 6119
273 860 2823
274 292 3525
274 753 1944
274 466 2223
274 586 1470
275 480 1367
275 175 7400
275 176 242
275 600 9731
276 360 1932
276 150 6407
276 688 7329
276 895 2286
277 225 6432
277 864 1632
277 253 4743
277 310 8871
277 424 1702
277 354 8656
277 593 3200
277 658 8645
278 322 4801
278 330 5058
278 529 4707
278 783 326
278 651 2626
278 65 535
278 478 3012
278 932 5480
278 568 2378
278 664 5777
278 883 2135
279 448 7810
279 433 9372
280 339 4142
280 851 9110
280 999 1237
280 153 8564
280 434 9839
280 655 5340
281 419 7269
281 555 4894
281 560 7751
281 322 6595
281 521 8972
281 950 7094
281 457 9754
281 429 1963
282 341 6954
282 136 684
282 149 4327
282 725 6060
282 322 7925
283 247 6681
283 474 8420
284 331 485
284 442 8156
284 909 860
284 65 1746
284 132 5722
284 2 6948
285 961 8359
285 999 2017
285 784 6854
285 65 7575
286 950 3123
286 766 9731
287 467 7458
287 687 1172
287 819 4532
288 306 381
288 743 5065
289 108 8491
289 88 1500
289 758 7609
290 436 5715
290 646 1895
290 554 1174
290 473 194
290 927 9089
290 616 872
290 73 5488
291 660 9272
291 488 4163
291 448 1861
291 895 6747
292 328 6419
292 354 4277
292 671 5755
293 400 2634
293 491 9490
293 349 6851
293 629 6769
293 650 9335
293 885 3115
294 450 5258
294 770 9618
294 120 9922
294 76 9063
294 889 9468
294 241 3994
295 321 8479
295 585 4620
295 301 697
295 558 6134
296 478 8018
296 795 8154
296 396 7030
296 635 4412
296 739 7449
296 591 3736
296 198 284
296 748 9351
296 572 6488
296 314 8662
297 387 4324
297 438 1365
297 272 2754
297 998 7353
297 936 7128
297 87 9381
297 66 9909
297 113 1924
298 466 4332
298 693 5583
298 530 6645
298 731 9761
299 995 4128
299 415 7284
299 806 931
299 872 2329
300 361 3057
300 525 3958
300 189 2901
300 991 1666
301 433 4788
301 23 8056
301 623 6363
301 715 9072
301 641 7380
302 356 3029
302 628 7213
302 130 1006
302 854 1657
302 278 3370
302 602 4617
303 834 3349
303 598 8895
303 831 4716
303 334 5287
303 443 5282
303 533 4642
303 568 263
304 351 1219
304 825 3098
304 733 1206
304 990 2058
304 257 2699
304 772 1273
304 753 4062
305 580 3307
305 625 1510
305 275 2367
305 102 1550
305 151 4213
305 619 5113
305 602 5388
305 147 6735
306 326 9190
306 408 3826
306 424 209
306 534 9864
306 732 5584
306 679 1926
306 120 7893
306 107 9128
306 807 3283
306 514 5145
307 489 829
307 457 4987
307 105 5353
307 992 3472
307 325 7897
307 89 8273
308 448 5797
308 335 1069
308 640 8745
308 922 4281
308 784 7898
308 720 2657
308 474 5972
308 148 806
309 402 9970
309 25 252
309 864 946
309 29 1705
309 423 6768
309 48 4564
309 807 2016
310 274 7534
310 550 178
311 833 1859
311 983 890
312 336 6108
312 346 2652
312 492 8005
312 680 7584
312 479 1761
312 633 3999
312 309 7215
312 72 6430
312 232 4522
313 905 9883
313 137 8699
313 749 2010
313 120 1029
313 701 1114
314 535 1726
314 310 6110
314 490 9608
314 629 520
314 349 7951
314 152 6798
314 381 8443
315 589 8830
315 584 8703
315 257 8801
316 817 9842
316 933 8638
316 143 6624
316 904 9786
317 447 8515
317 704 6457
317 254 7637
317 809 9281
317 612 5786
318 376 7897
318 392 2094
319 463 9272
319 890 5297
319 977 844
319 739 7457
320 632 5178
320 809 7378
320 184 7168
320 862 7803
320 514 6665
320 876 1685
321 364 1764
321 29 9301
321 214 6623
321 41 7346
321 306 9667
322 679 5336
322 570 2000
322 339 8319
322 94 3602
323 334 1438
323 561 7154
323 98 1377
323 765 125
324 780 6751
324 200 4533
324 179 2908
324 944 7365
324 933 6926
324 690 8018
325 766 1680
325 446 1246
326 255 9536
326 551 9981
326 565 4406
326 231 4376
327 373 7077
327 307 7997
327 632 7103
327 950 5411
328 116 1928
328 501 4029
328 619 2467
329 622 2900
329 915 6231
329 441 5524
329 503 2249
330 633 2914
330 844 7752
330 510 7789
330 132 4551
331 439 2665
331 578 953
331 977 9169
331 490 7682
331 855 4565
332 685 5003
332 793 886
332 829 590
332 890 257
332 768 7318
332 623 9176
332 383 1749
332 7 3837
333 991 8997
333 970 4373
333 851 5969
333 603 5111
333 171 1432
334 613 2592
334 659 4414
334 609 2377
334 183 970
334 679 6983
334 912 7304
334 663 2845
335 982 3179
335 660 958
335 747 8127
335 461 6141
335 375 971
336 891 3843
336 493 2200
336 405 854
336 359 1140
336 389 5699
337 511 5571
337 780 9272
337 972 8715
337 979 8877
338 952 9753
338 745 1821
338 85 5337
339 889 8750
339 928 4514
339 968 9391
340 549 7660
340 963 9482
340 916 5308
340 794 8152
341 687 1418
341 932 4197
341 167 2534
341 950 3829
342 747 4050
342 816 273
342 787 8353
342 466 2316
342 85 9925
342 497 9257
342 200 6890
342 440 7156
342 56 4585
342 181 6181
343 396 5359
343 664 1462
344 374 2037
344 865 9006
344 713 6539
344 559 4371
345 865 3924
346 443 5666
346 61 5501
346 433 478
346 821 3612
346 779 148
347 453 558
347 495 9968
347 549 6173
347 128 4815
347 684 5922
347 291 7412
347 536 6226
348 592 3542
348 656 6765
348 255 4619
348 851 9565
348 567 220
348 347 7555
349 661 5516
349 497 8929
349 542 8294
349 627 6042
349 461 1555
350 881 289
350 322 6100
350 188 2517
351 913 8390
351 964 4972
351 362 2055
351 373 3473
351 858 5876
352 629 5016
352 776 6836
352 471 3729
353 373 9637
353 547 888
353 685 1617
353 657 9124
354 981 5313
354 231 8545
354 253 6319
354 226 614
354 70 2777
355 552 1864
355 801 7294
355 935 7754
356 948 797
356 238 2782
356 133 4640
356 221 7390
356 322 9280
356 556 3297
356 206 7387
357 422 8485
357 738 9301
358 995 5469
358 524 9769
358 393 1855
358 171 4856
358 529 2920
359 608 8319
359 972 6987
359 582 7790
359 728 8282
360 780 6862
360 70 2753
361 764 161
361 834 9169
362 537 3859
362 258 5296
362 734 1507
362 128 8499
362 825 4815
362 328 4645
363 621 8684
363 942 6461
363 511 2907
363 845 6279
363 639 5942
363 951 9650
363 407 7710
363 530 23
364 412 3075
364 17 8849
364 565 1681
364 904 4584
365 68 4773
365 928 1634
365 99 4720
365 231 3294
365 879 7515
365 112 3095
365 216 4851
366 648 7869
366 714 1639
366 956 1712
366 2 9330
366 423 3153
366 916 4250
367 927 8512
367 838 1144
367 573 8463
367 134 4734
367 205 257
367 655 1476
367 474 1571
368 592 5175
368 278 2191
368 927 1372
368 587 9465
368 128 9325
369 626 8693
369 915 2133
369 4 2636
369 25 8293
369 977 4744
369 122 4596
370 734 4576
370 406 2694
371 475 5820
371 347 5023
371 424 1403
371 75 5354
371 782 2184
372 55 1020
372 589 8888
372 149 2432
373 496 6170
373 396 2203
373 147 5369
373 950 8633
373 262 9139
374 906 58
374 615 8777
374 823 4237
374 356 37
374 586 3390
375 823 1516
376 415 3046
376 712 5021
376 532 5783
377 89 5465
377 623 8184
377 88 7471
378 712 55
378 653 761
379 91 1131
379 406 8123
379 311 7238
380 833 1078
380 244 2163
380 754 3828
380 957 1188
380 542 278
380 216 1016
381 886 5739
381 881 3224
381 66 2697
381 426 2981
381 412 609
381 55 6222
381 619 6315
381 506 302
382 688 3314
382 695 9921
382 153 4513
383 785 1794
383 956 9580
383 322 3618
384 386 3322
384 689 5551
384 435 9288
384 316 281
384 478 6311
384 715 5362
385 839 6113
386 363 4295
386 419 1456
386 361 7592
386 56 7000
387 760 6684
387 748 3158
387 894 1929
387 506 2606
388 287 10
388 880 7658
388 509 6488
388 715 3291
388 82 6869
388 233 4608
389 792 8049
389 656 1677
390 744 9815
390 620 2413
390 97 3826
390 974 6642
390 103 2360
390 813 634
390 824 9308
390 58 279
391 551 5123
392 673 1209
392 980 3937
392 945 9010
393 396 7896
393 536 7684
393 501 8828
393 970 5362
393 616 9788
393 170 5959
393 450 9337
393 950 3400
393 921 2798
393 858 7829
394 469 8972
394 234 2458
394 339 7116
395 502 3420
395 344 9258
395 809 4541
395 714 3879
396 436 5220
396 917 3005
396 10 6468
396 72 4719
396 265 4885
396 95 6454
397 391 1002
397 520 2136
398 10 6126
398 224 6227
398 218 7198
398 625 8784
398 242 6
399 842 2467
399 556 3717
399 375 2082
399 910 3045
399 116 9540
399 761 2249
399 715 4850
399 919 6347
400 934 6666
400 226 1434
400 872 7417
400 919 9211
401 937 8216
401 171 7786
401 531 8174
401 223 7027
401 973 3757
401 636 6663
401 883 5387
402 539 6033
402 761 4317
402 943 8715
402 737 3251
403 505 6576
403 286 2162
403 668 6108
403 816 7499
403 616 6596
403 325 5484
404 888 5903
404 129 9676
404 695 6696
404 586 8032
404 978 3374
404 722 1701
404 297 128
405 786 3309
405 447 9588
405 158 9053
406 630 6050
406 434 4334
406 78 4168
407 469 7884
407 52 5294
407 240 6129
407 544 7349
407 484 4738
407 814 1735
407 268 7772
407 10 5935
408 523 7515
408 27 9925
408 962 2217
408 749 5120
408 18 2222
408 307 7908
409 713 4020
409 467 5824
409 28 3939
410 467 6441
410 929 2208
410 66 5201
410 662 5478
410 784 9873
410 948 4394
410 5 3515
411 986 8565
411 332 3896
411 621 218
411 396 3244
411 123 7941
411 342 1837
412 899 5287
413 903 9924
413 972 8888
413 938 5015
413 343 1599
413 362 3948
413 80 8317
414 642 8814
414 265 5733
414 377 2124
414 427 3057
414 264 9083
415 494 7980
415 677 9398
415 61 5043
415 916 7376
415 718 8865
415 359 1538
415 911 7888
416 579 1585
416 357 8108
416 515 6520
416 307 9799
417 268 7154
417 958 6718
417 528 3983
417 713 1138
417 399 2877
417 960 9113
417 313 4240
418 383 4547
418 494 2425
418 597 3795
418 398 8778
418 78 5726
419 742 323
419 497 195
419 255 9406
419 26 205
419 217 7593
419 857 4535
419 222 704
420 951 6857
420 157 6407
420 48 635
420 149 8296
420 66 4254
420 340 3288
421 470 3547
421 497 3205
421 565 5378
421 158 8896
421 322 2022
421 718 8847
421 794 8710
421 973 1396
422 770 8059
422 693 2074
422 24 888
422 291 2700
423 718 1467
423 898 2567
423 295 2468
423 241 9418
423 289 3638
423 605 6844
423 506 4325
424 759 736
424 410 768
424 882 1622
425 600 8607
425 97 4956
425 402 4092
425 189 9056
425 768 5450
426 520 2826
426 994 300
426 246 7714
426 36 6164
426 468 9081
426 127 9368
427 472 2633
427 512 9353
427 548 5765
427 630 6846
427 730 363
427 539 7898
427 579 3272
427 917 8129
427 855 8013
427 928 7078
428 885 3692
428 350 2941
428 357 6838
428 722 5054
428 292 7353
428 16 6313
428 618 1946
428 366 4724
429 558 3123
429 709 7666
429 142 1549
430 838 8190
430 557 5549
430 52 3115
430 769 179
430 190 7764
431 487 3132
431 682 8407
431 835 4440
432 442 9917
432 501 3693
432 624 92
432 53 6870
432 911 14
432 179 789
432 54 5019
433 837 5755
433 199 3973
433 352 1116
433 121 9341
434 461 8585
434 623 2500
434 336 8645
434 128 8420
434 147 7462
434 234 1192
434 219 1595
434 50 8985
434 450 3985
435 481 7387
435 590 9768
435 706 8233
435 843 8601
435 998 4312
435 730 6912
435 561 5659
435 126 9671
436 490 1963
436 953 6878
436 859 1676
436 679 5696
437 667 4767
437 267 6241
437 737 4833
437 478 4643
437 227 5986
437 145 5446
437 864 1879
438 601 2067
438 587 97
438 785 1458
439 486 1504
439 175 4648
439 760 4098
439 507 3119
439 647 7407
439 590 2680
440 13 1510
440 857 4398
440 990 7726
441 268 726
441 431 2164
441 877 3789
441 325 3642
442 268 2662
442 368 1364
442 45 1048
442 599 2820
442 826 1861
442 585 401
443 530 82
443 876 2927
443 365 3720
443 445 3773
444 902 6546
444 953 8004
444 552 2640
444 398 6270
444 767 4273
445 993 3643
445 297 4037
445 222 6636
445 911 561
445 746 9768
445 96 7301
446 483 3752
446 712 877
446 868 9829
446 396 7175
446 861 5304
447 518 5125
447 863 9333
447 174 6849
447 311 1382
447 670 2988
447 367 774
448 743 8925
448 922 518
448 634 669
448 609 4655
448 871 8919
449 753 8932
449 21 8086
450 576 6960
450 386 7099
450 325 6378
450 644 7408
450 569 8548
450 929 1790
450 308 854
451 513 209
451 871 3173
451 560 7915
451 957 1503
451 712 1523
451 241 9624
451 582 6508
452 497 5592
452 118 5437
452 298 403
452 758 8771
452 45 674
453 564 9404
453 605 7838
453 612 5772
453 444 4406
453 189 9517
454 786 6077
454 814 4057
455 935 4025
455 839 9005
455 665 1429
455 417 8395
455 902 2825
455 835 4204
456 917 8923
456 925 2821
456 983 1511
456 434 6828
456 342 3679
456 674 2931
457 734 5771
457 106 3874
457 797 6032
458 892 8228
458 252 854
458 434 9395
458 793 8377
459 758 7916
459 2 2981
459 889 8256
459 557 3494
459 530 5505
460 704 2504
460 883 6919
460 763 4253
460 467 127
460 735 4757
461 897 9540
461 39 1355
461 175 7376
461 514 1131
461 942 2297
461 40 3112
461 831 6862
462 979 3569
462 977 5486
462 494 6611
463 631 3435
463 926 5592
463 706 5790
463 209 3494
463 871 4138
463 888 163
464 692 4491
464 521 250
464 773 9145
465 698 250
465 445 7555
465 75 4075
465 928 3189
465 157 1756
465 985 8987
466 555 5563
466 278 3446
467 939 7122
467 405 1376
467 520 3599
467 933 388
467 456 2329
467 754 9856
467 796 507
468 508 6159
468 869 7758
468 126 2522
468 592 1310
468 632 3920
468 293 5904
468 143 785
469 582 9159
469 756 3682
469 893 5794
469 482 377
469 129 6551
469 946 71
469 192 8727
470 719 6495
471 566 3930
471 820 2413
471 169 9333
471 392 4353
471 67 3021
472 634 4395
472 652 9875
472 201 8863
472 547 4770
472 654 772
473 676 7405
473 726 4715
473 434 6189
473 502 4831
473 709 5074
474 479 4999
474 531 7411
474 599 4420
474 192 1284
474 872 2686
474 114 4635
474 223 7107
475 697 5457
475 577 2698
475 599 609
476 59 8998
476 725 9229
476 828 7356
477 755 902
477 381 4319
477 572 6977
477 38 3791
477 962 9130
478 544 9713
478 209 4422
478 831 6716
478 316 5044
479 783 2306
479 780 3191
479 270 5642
480 122 9254
481 400 1800
481 814 9574
481 901 9235
482 957 954
482 408 6377
482 40 4098
482 986 6843
483 662 2078
483 885 1395
483 850 408
484 576 9491
484 507 7925
484 290 3722
485 61 4981
485 530 5093
485 970 4888
486 536 4194
486 564 7030
486 56 8859
486 189 5226
486 380 1093
486 455 5258
487 637 3035
487 366 2345
487 729 2341
487 208 173
487 118 6127
488 542 1481
488 610 3289
488 754 3469
488 194 6444
488 469 5916
488 149 346
489 594 8660
489 464 5738
489 597 1990
490 683 5077
490 568 7902
490 893 3548
490 652 8294
490 649 1883
491 650 4092
491 665 4144
491 968 3364
491 812 5975
491 772 3768
491 906 898
492 436 3646
492 26 3303
492 329 8473
492 394 2567
492 448 8737
492 301 5655
492 517 9297
492 938 304
493 866 7742
493 318 3549
493 643 3296
493 497 2586
493 861 8885
494 431 713
494 921 5242
494 849 2745
494 241 419
495 443 7301
495 243 9420
495 361 8422
495 697 8815
495 117 2150
496 602 5861
496 790 7057
496 674 9139
496 528 2068
496 812 5973
496 455 3200
496 383 79
496 935 1653
496 345 5225
497 866 8266
497 837 4849
497 540 3010
498 49 1162
498 24 7663
498 296 7115
498 282 8262
499 383 3968
499 630 2712
499 419 9293
499 858 3469
500 562 7047
500 865 2781
500 124 1041
500 237 344
500 353 3037
500 180 1816
500 825 2772
501 841 5192
501 759 1929
501 398 1119
501 436 7651
501 828 3863
501 22 9731
501 522 4044
501 395 3896
501 886 2170
501 368 5856
501 487 3836
502 775 9093
502 435 6263
502 836 9568
502 377 4983
502 340 4812
502 823 2366
503 172 9553
503 334 1955
503 441 6975
503 735 9462
503 559 1848
504 655 9297
504 728 6239
504 421 7815
504 412 4561
505 508 4261
505 890 2738
506 699 73
506 825 1018
506 860 6718
506 144 7133
506 679 2393
506 382 3180
507 814 7666
507 470 8188
507 67 1621
507 492 7805
507 153 4294
507 369 8633
508 786 9249
508 78 4039
508 783 3456
508 932 8340
508 675 8852
508 258 4956
509 318 5989
509 292 6873
510 653 2724
510 778 3281
510 110 2876
510 240 1329
510 166 6650
510 901 9240
510 822 3287
510 551 9371
511 768 1698
511 551 2893
511 466 1455
511 858 389
511 415 3823
511 383 3538
512 723 2815
512 813 6623
512 909 6590
513 789 3847
513 284 6206
513 734 306
513 739 568
514 847 8704
514 412 4291
514 231 2936
514 724 8447
514 74 4614
514 726 2468
515 519 9180
515 817 2950
515 713 9316
515 558 5702
516 715 9763
516 194 6353
516 853 819
516 808 5013
516 585 6128
517 553 9882
517 556 1633
517 926 6996
517 676 6289
517 905 9416
517 304 4077
518 651 4601
518 624 3573
518 886 4660
518 208 2936
518 901 610
518 18 4338
518 61 599
519 940 1741
519 456 2186
519 317 1078
520 729 2101
520 460 8107
520 266 1070
520 124 8744
520 61 7429
521 532 7594
521 965 8648
521 741 8967
521 450 6388
521 711 7894
522 691 7646
522 432 2247
522 401 6962
522 796 1162
522 845 1395
522 912 4001
522 427 800
523 845 1438
523 918 672
523 600 3902
524 575 4942
524 830 3814
524 862 6982
524 478 2766
524 12 6077
524 469 634
524 764 4470
524 693 7568
524 26 5486
524 304 5155
524 350 4876
525 686 1991
525 920 656
525 417 9495
525 471 4144
526 748 9032
527 612 4473
527 368 7716
527 972 1124
527 425 4309
527 785 7105
528 700 7842
529 651 256
529 341 7610
529 631 7346
530 760 7223
530 360 7342
530 383 3629
530 792 2747
530 942 55
530 306 7017
530 242 960
530 39 2466
530 776 6025
531 638 4361
531 121 7577
531 604 2430
532 931 4657
532 787 9084
532 428 3139
533 778 6875
533 767 3747
533 398 5149
533 879 331
533 817 4683
533 674 4627
534 249 9089
534 825 466
534 400 1174
534 745 4340
534 679 4661
535 170 9040
535 17 197
535 557 9850
535 487 2617
536 609 6629
536 702 6130
536 130 7884
536 995 4237
536 446 9605
537 852 7809
537 167 147
537 293 4931
537 55 239
537 958 3749
537 834 7308
538 242 3299
538 187 4661
538 791 7620
538 584 8270
538 520 1435
538 260 9514
538 767 5527
538 493 1716
539 143 6115
539 927 1092
539 201 9759
539 43 9336
539 736 2608
539 499 6336
539 730 1258
539 70 6696
539 64 3237
539 454 1880
540 576 9653
540 915 5787
540 107 77
541 827 9100
541 543 6253
541 193 7526
541 710 8264
542 284 8431
542 104 6940
542 419 2033
542 680 9345
542 48 6251
543 64 6373
543 255 631
543 124 7697
543 649 9009
543 396 9231
544 716 3819
544 363 1962
544 695 5140
544 637 982
544 561 1674
544 685 9648
544 233 3730
545 506 1613
545 911 4514
546 666 4154
546 896 8002
546 561 2196
547 402 6774
547 376 8992
547 831 8958
547 899 9222
548 830 4222
549 616 5286
549 900 1612
549 606 4608
549 767 6163
549 287 7793
550 628 1917
550 40 339
550 554 2804
550 495 7270
550 338 3706
550 312 219
551 668 3838
551 672 2733
551 54 3328
551 69 4021
551 731 5135
552 735 4240
552 645 5751
552 75 4555
552 506 5923
552 402 5699
552 39 5883
553 591 8546
553 59 766
553 422 6281
553 848 8796
554 488 5516
554 388 5623
555 646 7067
555 917 5770
555 677 2643
555 247 759
555 289 1036
555 633 7642
556 12 1854
557 674 9327
557 784 305
558 619 9411
558 878 8400
558 547 3115
558 378 9413
558 801 9492
559 797 6879
559 439 1625
559 779 6307
560 938 1655
560 210 4689
560 933 2513
560 525 677
560 333 9640
561 134 8283
561 789 4098
561 792 4668
563 846 9540
563 511 2694
563 778 6668
563 710 7661
563 105 1695
564 79 5351
564 693 3617
564 336 8942
565 811 4320
565 311 7832
565 43 7114
565 604 1954
565 316 3350
565 769 9741
566 843 369
566 458 8967
566 314 3239
566 661 8626
566 705 4375
566 44 8385
567 52 972
567 750 657
567 672 4568
567 459 7744
567 818 1842
567 673 5136
568 675 3788
568 509 9094
568 451 2678
568 114 3445
568 13 6079
569 422 4601
569 399 3140
569 802 5257
569 439 7374
569 618 7316
569 547 5200
569 427 5471
570 37 4495
570 179 9476
570 273 8075
570 857 6263
570 289 5612
570 215 2695
570 602 7402
571 859 1071
571 878 8080
571 57 3088
571 921 3438
571 553 9739
572 733 2512
572 532 5934
572 589 1017
572 401 7157
572 48 6445
572 850 464
572 395 9746
572 766 1386
573 261 7744
573 948 4553
573 982 3886
573 278 2667
574 822 4353
574 185 6070
574 23 319
575 658 3248
575 992 378
575 716 9580
575 893 7641
576 182 7355
576 551 5145
576 479 4843
576 168 7577
577 625 4100
577 484 1789
577 387 5609
577 272 9220
577 535 1072
577 497 4119
577 160 4385
578 178 1806
578 620 1795
578 762 3847
578 510 8741
578 370 4420
578 637 2269
579 869 5482
579 924 5700
580 869 4343
580 152 8557
580 447 5386
580 448 4324
580 442 2114
580 401 3553
580 236 2441
581 637 9895
581 22 1028
581 237 7773
582 596 7220
582 711 3395
582 980 426
582 944 7500
583 649 3017
583 946 7120
583 833 6409
583 753 6148
583 853 9426
583 664 8066
583 208 4851
583 221 3197
584 225 3289
584 262 7726
584 435 2868
585 78 1218
585 268 2119
585 447 578
586 224 7956
586 909 6441
586 68 1866
586 636 6675
587 226 75
587 545 3683
587 372 4973
588 645 2403
588 431 2970
588 446 61
588 583 474
589 590 2067
589 82 7826
590 212 8528
590 97 7765
591 683 6117
591 730 7501
591 569 5173
591 705 643
591 185 6720
591 54 3004
591 35 5131
592 590 5195
592 950 7233
592 62 7253
592 609 5793
593 519 1373
593 714 6608
593 975 5471
594 657 447
594 392 8005
594 301 2744
594 875 7054
594 877 836
594 297 6308
594 59 4488
595 806 1542
595 943 5768
595 134 9605
596 950 2545
596 567 8088
596 537 7501
597 573 7214
597 706 7979
597 497 5916
597 725 4891
597 840 276
598 859 5435
598 577 690
598 82 8380
599 671 3735
599 901 9275
599 970 1152
600 505 3995
601 925 4041
601 803 5486
601 103 4809
601 499 9831
602 537 8983
602 774 3529
602 296 6124
603 657 993
603 812 5948
603 412 3804
603 780 1884
603 917 8081
603 934 3593
604 190 7723
604 398 7614
605 706 2075
605 143 6652
605 214 6513
605 761 7476
605 452 5116
606 710 2524
606 402 5995
606 353 7695
606 207 1652
607 102 1976
607 211 7435
608 890 7890
608 82 1641
608 677 1367
608 197 3322
608 59 7966
608 94 9533
609 762 9395
609 672 1266
609 798 9179
609 541 8439
609 795 9193
609 115 7170
609 103 7932
609 747 3529
609 183 1188
610 792 1588
610 869 9104
611 765 9196
611 811 554
611 368 6388
611 236 3829
611 443 2895
611 925 5649
612 714 6177
612 259 6915
612 288 7545
612 17 8742
612 84 9999
612 595 4353
613 341 1482
613 242 5164
613 172 2397
613 578 6849
614 236 425
614 284 9891
614 974 1494
615 840 775
615 419 9194
615 429 2507
615 650 2408
616 236 8851
616 657 2522
616 285 8340
616 435 9021
617 812 2312
617 845 1318
617 411 3562
617 827 2891
617 431 9138
617 168 5188
617 272 2552
618 178 4340
618 924 8471
618 528 6721
618 440 5103
618 702 5910
618 762 7131
619 931 2545
619 554 8667
619 120 7750
619 763 6187
619 976 6581
620 920 3548
620 364 2726
620 346 7032
620 672 9704
621 935 6175
621 54 4871
621 181 3953
621 693 3734
621 50 3638
622 689 4809
622 67 5658
622 84 2704
622 578 716
623 46 7336
623 402 8643
623 239 9040
623 250 6695
623 186 9952
623 582 9586
624 909 2021
624 327 944
624 238 431
624 840 3217
624 61 9449
624 529 8735
625 337 1979
626 779 7857
626 257 1149
626 811 767
626 725 2277
626 665 1582
627 927 8495
627 797 126
627 556 7100
627 322 8141
628 663 3251
628 979 8183
629 383 7480
629 647 1312
629 222 9372
629 341 5735
629 473 4394
630 312 5294
630 692 227
631 755 1250
631 106 4902
632 744 8730
632 813 3676
632 111 2416
632 141 6594
632 259 977
632 62 6421
633 862 9554
633 22 5207
633 313 3053
633 279 7120
633 373 956
633 201 5526
633 546 2970
634 110 9478
635 488 8386
635 809 6844
635 889 9534
635 919 7544
636 752 7547
636 58 8744
636 1 8082
636 445 2518
636 38 1059
637 767 3993
637 754 4566
637 552 7535
637 237 9466
637 96 1388
638 809 7450
638 414 4037
638 461 1492
638 128 1928
638 325 7804
639 747 8232
639 744 9409
639 245 5100
639 808 3480
639 647 8728
639 573 6985
640 976 841
640 644 13
640 313 9026
640 568 2031
640 176 9710
640 667 6235
640 155 7615
641 737 3940
641 579 9446
641 826 3354
641 529 1853
642 45 5
642 104 8666
643 757 1264
643 711 7674
643 952 3226
643 259 3361
643 671 3555
643 892 1032
643 505 8495
644 310 5055
644 366 3525
644 133 6898
644 442 9162
644 831 8164
644 544 3694
645 410 4839
645 130 570
645 905 7859
645 831 738
646 267 4636
646 639 4229
646 982 8349
646 572 5621
646 856 9092
646 339 5414
646 702 159
646 293 1586
647 991 2285
648 707 8249
648 772 3675
648 620 5393
648 275 32
649 691 5579
649 661 3764
649 580 515
649 169 5975
649 919 6096
650 940 7551
650 602 9439
650 13 7914
650 550 2344
650 582 111
650 452 7178
650 192 1847
650 684 1232
651 156 3418
651 827 4501
651 846 4305
651 325 3547
651 368 8251
651 689 6168
652 962 330
652 898 2833
652 389 5016
652 955 3021
652 425 5063
652 259 6366
653 724 1260
653 84 6256
654 514 8551
654 315 6153
654 452 1631
654 967 9523
654 591 2185
654 58 4094
654 883 1902
654 872 6650
655 874 8579
655 563 853
655 680 9935
655 507 3542
655 247 7617
655 622 8041
656 929 5827
656 472 1607
656 608 2246
656 747 3843
656 758 6571
657 511 3811
657 673 5266
658 12 5628
659 542 4260
659 413 3469
659 642 4791
659 936 9909
659 458 7407
659 738 1771
660 745 4942
660 832 6153
661 338 2293
661 648 5692
661 52 2864
661 968 7443
661 802 5992
661 670 5061
662 635 2832
662 479 3284
662 980 7371
663 65 6450
663 358 3934
664 684 4256
664 361 5875
665 785 7071
665 425 2500
665 647 8991
666 936 5857
666 972 5846
666 289 4233
666 113 1718
666 355 1040
666 918 6596
666 391 595
667 739 634
667 758 134
667 987 4625
667 757 1997
667 687 214
667 811 4989
667 207 3427
667 632 268
667 74 3186
667 872 8380
668 898 6802
668 532 9370
668 79 3045
668 271 1526
668 477 3997
669 346 4867
669 586 6976
669 286 7403
670 967 9826
670 339 2417
670 464 5810
670 964 7231
670 220 4872
670 10 7034
671 839 1690
671 926 88
671 64 3479
671 468 8258
671 207 9010
672 878 7258
672 758 9090
672 142 3815
672 775 704
672 779 8020
672 657 1631
672 347 9054
673 530 6458
673 527 2006
673 829 4850
673 46 5680
674 263 5082
674 25 439
674 254 7925
674 411 5177
674 283 2994
674 813 3977
675 873 2331
675 566 9789
676 861 8699
676 919 275
676 136 7522
677 960 5479
677 964 6237
677 713 8822
677 425 3449
677 729 5313
678 719 5445
678 791 3023
678 889 7220
679 622 7896
679 1 8019
679 378 61
679 353 4182
679 908 6342
680 773 3375
680 824 3620
680 268 1933
680 456 5983
681 903 5858
681 901 600
681 79 5585
681 403 8174
681 210 9764
682 724 6330
682 253 5543
682 936 468
682 801 8141
683 418 5752
683 600 3205
683 12 8378
683 117 7607
683 574 5204
684 303 7649
684 927 5969
684 993 8894
684 103 6407
684 608 9209
685 769 3417
685 555 6451
685 949 4207
685 645 2551
687 924 8446
687 935 7951
687 257 3907
687 155 317
687 871 8650
688 820 530
688 671 4878
688 551 3820
689 722 8543
689 794 451
689 923 9713
689 139 8347
689 956 983
689 441 6679
690 901 70
690 806 1410
690 707 3639
690 612 8144
691 142 5263
691 140 7717
691 94 8809
691 595 9127
691 27 4018
691 79 603
692 532 8858
692 138 7393
692 179 2523
693 348 3480
693 868 5757
693 410 8566
694 179 2028
694 190 5942
694 125 8785
695 497 4110
695 214 5890
696 542 8995
696 152 5771
697 232 8721
697 87 865
697 664 3953
697 356 8582
697 942 1025
698 989 8864
698 666 7265
698 452 3716
698 32 3813
698 103 8325
699 803 673
699 220 9806
699 729 1554
699 358 7787
700 985 448
700 500 705
700 524 23
700 20 6204
700 576 9551
700 580 25
701 486 5705
701 811 7289
701 682 3936
701 329 8939
702 899 1369
702 731 9717
702 218 2000
702 117 2925
703 93 1329
703 640 8638
703 233 9734
703 796 739
704 788 1058
704 53 137
705 575 4265
705 733 878
705 347 636
705 417 3100
705 884 1609
706 794 8447
706 264 3841
706 114 2320
706 717 2542
706 155 5023
707 932 5080
707 626 7299
707 640 3372
708 563 8829
708 309 3695
709 721 7461
709 776 8781
709 302 3909
710 731 3942
710 523 4642
710 508 7241
710 947 723
711 185 8226
712 765 6298
712 363 5649
712 41 4650
712 229 4773
712 968 4701
712 523 9576
713 938 2590
713 476 1449
713 687 9087
713 267 2642
713 406 2389
713 986 4533
713 932 2971
713 880 6497
714 746 6164
714 835 8883
714 514 6632
714 170 2497
714 361 3849
714 303 3826
714 989 658
714 773 1192
714 940 4482
715 190 382
715 23 5032
715 303 3601
715 69 3609
716 800 8471
716 844 9829
716 332 7584
716 994 2006
717 679 2793
717 737 3641
718 306 9420
718 152 8911
718 641 7713
719 969 1571
719 257 3740
719 757 9552
719 153 339
720 74 8853
720 483 3241
720 686 9235
720 851 2336
720 728 9833
720 766 1447
721 752 9354
721 406 5594
721 792 5501
721 6 1736
721 628 7793
721 248 525
721 478 663
722 283 8895
722 372 1078
722 696 9382
722 437 5588
723 129 9064
723 685 5242
723 932 7490
724 830 8060
724 304 5181
725 23 5311
725 786 5923
726 836 3596
726 213 1742
726 237 2795
726 889 1378
726 615 2596
726 79 905
726 480 1405
726 255 9559
726 800 8031
726 129 6790
727 826 4000
727 653 1840
728 240 175
728 148 8385
729 427 1420
729 239 407
729 770 7639
730 370 2242
730 940 4042
730 704 5473
730 286 361
730 706 2024
730 308 3597
730 419 1262
730 596 4649
730 406 7084
731 406 8257
731 585 9713
731 616 8081
731 703 8026
731 134 730
731 306 701
732 153 5933
732 564 5893
732 370 8697
733 619 1253
733 830 9934
733 80 9540
733 83 5485
734 333 2396
734 962 1105
734 156 9788
734 678 1346
735 984 8622
735 140 4353
736 855 8484
736 907 7921
736 32 1480
736 550 1629
736 92 5268
736 603 1037
736 724 9043
737 947 2186
737 151 4557
738 74 5060
738 1 8291
738 197 7040
738 387 9395
739 298 7725
739 716 966
739 121 4713
740 990 8779
740 409 7035
740 143 9849
740 396 9691
740 240 9929
740 648 3988
741 911 3573
741 326 7495
742 85 3247
742 630 8084
742 892 4275
742 303 8923
742 539 8985
742 602 3406
743 742 5413
743 188 4300
743 263 5804
743 405 5125
743 610 480
744 11 4162
744 751 8558
745 386 3300
745 631 3165
746 48 4033
746 221 4097
746 428 2065
746 558 7721
746 522 864
747 460 9003
747 649 535
747 787 687
747 753 9910
748 820 7282
748 783 7961
748 129 7765
748 960 4158
748 990 3217
749 906 8345
749 976 8628
750 944 3390
750 28 5334
750 442 2477
750 733 2449
750 150 8423
751 962 9915
751 321 7354
751 974 6127
751 789 3298
751 956 4618
751 296 9347
751 636 2990
752 750 2552
752 431 7833
752 453 5299
752 353 7205
752 655 5179
753 4 3975
753 970 8026
753 48 5526
753 106 3294
753 523 8833
754 957 1966
755 251 3899
755 849 1587
755 562 3379
755 990 852
756 529 1486
756 293 8850
756 532 9249
756 123 9655
757 743 5859
757 821 1318
757 158 3988
757 928 9460
757 930 7786
758 808 6615
758 738 198
758 500 2786
758 550 9343
758 547 3092
759 781 5919
759 359 5845
759 717 3112
759 760 1673
759 555 4081
759 381 1982
759 753 775
759 805 3359
759 147 8022
760 59 3195
760 830 5473
760 645 9075
760 981 9601
760 245 6786
761 133 2824
761 646 7919
761 699 9915
761 617 4232
762 225 4753
762 345 2704
762 866 7388
762 394 3285
763 365 8620
763 623 3985
763 585 7050
763 255 9992
763 599 6472
763 829 2473
764 548 4409
764 873 3659
764 515 1140
764 460 9362
765 846 9379
765 584 1010
765 115 8434
765 530 7102
766 209 2592
766 200 7730
767 818 9011
767 528 2772
767 885 9289
767 364 5975
767 798 4454
767 470 2574
768 663 4857
768 729 2036
768 677 6147
768 468 9534
769 580 3399
769 315 6073
769 598 7999
769 126 9692
769 195 8843
769 373 330
770 332 5127
770 955 5329
771 999 4841
771 300 2148
772 879 4323
772 330 2894
772 691 5764
772 415 4982
772 654 1237
772 554 6568
773 366 6703
773 816 5335
774 158 5267
774 524 6151
775 971 1048
775 32 337
776 287 8463
776 331 5283
777 875 7400
777 44 2943
777 282 5976
777 955 554
778 997 1838
778 25 8133
778 536 7723
778 104 4313
778 813 5743
778 611 8480
779 525 4140
779 699 2940
779 199 7866
780 385 2893
780 237 7411
780 68 6651
780 999 8003
780 616 5444
780 88 7276
780 472 3301
780 888 8615
781 752 348
781 746 320
781 823 8099
781 607 9512
782 873 3188
782 904 9720
782 668 1455
782 381 4625
783 318 4244
783 353 416
783 953 5961
783 269 7332
783 899 3010
784 949 679
784 436 3996
784 918 2755
784 313 6548
784 640 6637
784 765 1396
784 12 5473
784 934 6109
784 850 8373
784 539 3341
785 198 1737
785 506 9147
785 494 6068
785 75 141
785 174 735
786 506 1803
786 814 4409
786 578 5220
786 212 1130
787 827 9131
787 424 1977
788 112 4874
788 681 1089
788 114 4096
788 936 892
789 747 4957
789 849 7671
789 361 7042
789 791 2035
790 321 263
790 667 967
790 66 5608
790 820 3523
790 44 552
791 988 6885
791 895 8321
791 665 3397
792 384 4703
792 715 4372
792 807 5251
792 620 9434
792 934 4800
793 423 9680
793 878 3372
793 355 1655
793 738 5810
793 154 460
794 796 4650
794 345 5452
794 176 4982
794 326 902
794 216 1206
794 221 4542
795 253 4369
795 110 7948
795 483 3560
795 140 6505
795 830 2731
795 680 2433
796 748 1681
796 214 698
796 170 9114
796 939 5503
796 119 7880
796 218 3174
796 156 4914
796 635 8134
797 996 4119
797 918 6178
797 329 6094
797 697 5862
797 883 2683
798 821 8451
798 633 4529
798 970 1131
799 919 231
799 465 7755
799 341 1268
799 726 7911
799 659 4023
799 648 2134
799 708 2183
800 731 6646
800 935 8087
801 963 1573
801 559 5227
801 178 3153
802 832 5832
802 617 1291
803 997 1126
803 967 3003
803 94 8534
803 109 3771
803 295 1418
803 811 8461
803 351 2445
804 230 5665
804 416 8703
804 828 2273
805 736 2814
805 473 405
805 261 2116
805 150 3421
806 212 7215
806 735 4442
806 394 5414
806 265 6698
807 920 563
807 185 31
807 441 5673
807 34 2852
808 470 4473
808 323 3415
809 716 3297
809 686 8548
809 40 9591
809 742 2629
809 39 9788
809 257 2801
809 587 4605
809 220 7573
809 334 5331
809 893 2002
809 466 9706
810 913 4701
810 97 6453
810 728 9710
811 772 1824
811 399 8707
811 135 3944
812 341 3674
813 72 8971
813 477 3421
813 316 9993
813 470 7185
814 833 2872
814 979 1010
814 124 8966
814 816 1785
814 248 1904
814 83 7702
814 571 3823
814 24 924
815 474 6700
815 581 2110
815 557 9311
815 285 657
816 545 4273
816 99 4016
817 737 2165
817 37 5532
817 24 6272
817 365 2665
817 799 2113
818 635 7692
818 761 1691
818 965 6579
819 524 9853
819 572 9885
819 200 3298
819 14 373
819 151 2774
819 507 7907
819 523 781
819 979 2324
820 523 3015
820 23 4048
821 96 1540
821 319 2710
822 766 4087
822 557 6854
822 690 4859
822 528 4966
822 25 652
823 887 1901
823 247 7806
823 859 5029
823 915 5103
823 413 7620
824 650 554
824 786 5062
824 943 6688
824 332 7528
824 953 5101
826 827 4989
826 161 2641
826 852 121
826 723 2917
826 117 6815
826 776 1071
827 928 2204
827 997 2375
827 514 2476
827 207 1245
827 806 6989
827 1000 4106
827 590 5087
827 712 1518
828 387 9836
828 694 5601
829 478 2860
829 482 2322
829 925 8511
829 433 9430
829 275 5076
830 390 3382
830 579 4835
830 794 7221
831 880 8722
831 891 5423
831 399 6097
831 509 1354
831 261 8148
832 248 6983
832 948 52
832 942 1281
832 850 3221
833 731 5217
833 281 973
833 220 9705
833 203 5899
834 754 3836
834 597 9587
834 279 9078
834 354 3173
835 340 4000
835 972 8557
835 763 7657
835 697 4986
835 97 2136
835 214 120
836 920 6506
836 566 5829
836 23 5878
837 27 7300
837 614 8246
838 793 541
838 851 8514
838 455 657
838 59 472
838 384 3909
838 814 113
838 623 9475
839 681 627
839 374 9330
839 131 6469
839 289 4674
840 710 4083
840 199 4017
840 878 8952
840 644 7243
841 978 9256
841 589 8753
841 815 1226
841 878 4711
842 457 1326
842 606 6233
842 369 850
842 462 3709
842 854 7468
842 609 4647
843 310 9261
843 385 9386
843 518 4440
843 441 155
844 479 1667
844 994 3846
844 123 3486
844 975 1826
844 42 980
844 719 9275
844 875 3430
845 141 3875
845 14 3487
845 230 1025
845 289 9879
845 595 9912
845 780 4154
845 345 7429
846 999 1721
846 701 2626
847 780 200
847 946 1280
847 620 2960
848 124 227
848 130 5370
848 776 6883
848 968 4807
849 175 5195
849 227 9362
849 309 9605
850 611 8755
850 768 8135
850 697 9326
850 456 865
850 858 6402
851 589 797
851 133 659
851 769 2923
851 854 7934
852 896 1448
852 49 8463
853 725 2970
853 962 6821
853 778 6149
854 930 3048
854 410 3151
854 137 6194
854 246 4438
855 71 2779
855 663 58
855 59 838
856 884 44
856 821 4962
856 248 9568
856 375 5228
856 925 7715
856 279 8664
856 340 7861
857 364 7341
857 832 1174
857 535 6767
857 222 7942
858 825 7173
858 851 7251
858 463 4345
859 56 422
859 686 9002
860 734 8924
860 853 8237
860 212 2521
860 844 1616
860 489 7751
860 330 9411
860 870 1797
860 979 8470
861 73 4497
861 212 1280
861 644 9229
861 66 980
862 882 7478
862 722 4498
862 728 4988
863 250 6280
863 803 1908
864 648 6232
864 619 2390
864 421 1789
865 914 1058
865 934 107
865 331 8333
865 194 3879
865 439 7180
866 280 7025
866 969 3191
866 205 2770
866 737 4219
866 620 9849
866 880 263
866 630 828
867 804 8652
867 719 9225
867 570 5687
867 698 5037
867 782 5066
868 998 1108
868 379 7700
868 147 6381
869 25 9080
869 194 160
869 328 1680
870 867 7853
870 627 2678
870 332 1974
870 784 7993
871 94 2014
871 105 666
871 772 948
871 726 7398
872 414 9237
873 547 6101
873 317 5284
873 649 8806
873 279 1065
873 990 8616
873 218 3864
873 690 3759
873 720 7894
873 838 1621
874 968 6697
874 95 2207
874 472 9911
875 846 7806
875 466 9616
875 822 8567
875 461 833
876 732 4291
876 851 5092
877 1000 1972
877 98 6761
877 977 1712
878 101 7859
878 801 607
878 659 589
878 375 5988
878 595 195
878 969 9448
879 286 4368
879 539 6491
879 10 8575
880 790 373
880 361 8304
880 762 2537
880 668 7820
880 972 5397
880 11 9792
881 921 2322
881 820 7495
881 939 9679
882 918 2913
882 115 7482
882 537 7126
882 784 9490
882 971 6118
882 762 2634
883 983 5790
883 993 9518
884 357 3663
884 446 4991
884 254 7636
884 968 2105
885 588 596
885 619 9152
885 493 8801
885 908 6639
885 986 5165
885 233 1013
886 121 9637
886 649 4255
887 158 9377
887 551 9703
887 475 4387
887 471 8265
887 809 7272
887 859 7820
888 738 3973
888 709 4916
888 521 6697
888 301 5082
889 809 1783
889 429 1468
890 989 1775
890 773 9037
890 968 8842
890 893 1030
890 812 1450
891 452 4300
891 546 505
891 285 5901
892 338 8693
892 565 7009
892 589 8659
892 635 7422
893 881 2300
893 525 861
893 621 6125
893 684 5229
893 751 5511
894 849 8551
894 133 2036
894 569 1353
894 214 6050
894 541 7669
894 42 2521
895 667 9903
895 944 6590
895 511 7086
895 747 5504
895 549 6212
896 533 6118
896 268 3723
896 941 8469
897 91 2747
897 45 9879
897 994 1568
897 787 6398
898 18 9780
898 391 198
898 341 986
898 472 6878
898 823 5143
898 689 2309
899 919 4900
899 456 8147
900 852 1026
900 445 7566
900 528 433
900 365 6439
900 794 6087
900 142 3140
901 778 9962
901 877 8579
901 607 1294
901 675 9284
901 193 5010
902 632 1993
902 894 8511
902 211 6348
902 244 5081
903 892 1898
903 687 2692
903 449 4396
904 375 1934
904 353 1647
904 520 7399
904 623 5260
904 493 1691
904 736 9247
905 48 7820
905 483 4398
905 292 7534
905 607 8015
905 637 5019
906 122 8652
906 121 4758
906 936 2471
907 954 7475
907 806 8246
907 722 413
907 408 5075
907 714 4098
908 842 6614
908 576 5140
908 86 6013
908 743 9351
908 71 6202
908 558 532
908 17 3264
909 638 1757
909 338 599
909 96 595
909 521 6704
909 411 2781
910 283 8091
910 605 891
910 352 1702
910 439 775
910 242 9988
911 759 3438
911 346 3230
911 729 1140
912 945 9318
912 387 5175
912 190 2330
912 205 1527
912 549 3525
912 755 8270
913 980 2242
913 134 1540
913 283 510
913 679 5183
914 71 6194
914 6 2347
914 887 5398
914 346 9938
914 801 5515
914 389 8456
914 72 6953
915 169 7770
915 60 9248
915 740 768
915 842 7263
915 219 538
915 567 3175
916 49 4335
916 907 941
916 399 5151
917 398 2869
917 18 4235
917 116 1960
917 857 5497
917 775 6749
918 372 8681
918 253 6157
918 815 8868
918 659 6617
918 877 3586
919 300 7441
919 112 8684
919 482 6346
921 330 2362
921 50 8892
921 459 5871
921 133 840
921 700 8163
922 807 2808
922 162 7794
922 976 4976
922 104 1652
922 369 9649
923 352 8234
923 229 1639
923 687 755
923 125 1120
924 996 6678
924 980 5753
925 821 8991
925 820 81
925 27 7044
925 574 4606
925 533 4160
926 330 2551
926 878 843
927 732 8705
928 833 5682
928 952 62
929 729 9849
929 871 7744
929 735 8872
929 936 6809
930 351 1753
930 338 8592
930 262 4080
931 810 304
931 290 3932
931 673 4958
931 706 8712
931 855 8342
931 14 1870
932 935 8383
932 368 6626
932 80 2786
932 332 4422
932 3 2604
932 751 3975
932 120 8941
932 487 4714
932 940 9693
933 430 3540
934 443 1978
934 59 8839
934 791 4865
935 235 5453
935 253 8888
935 357 2134
936 537 6926
936 488 7093
936 558 5072
937 849 8121
937 71 341
937 70 2325
938 74 5863
938 404 6721
938 759 6373
939 590 9161
939 187 5750
940 534 6199
940 582 1243
941 415 6864
941 960 8403
941 825 6928
941 470 6051
941 386 6450
941 723 4572
942 98 777
942 769 565
942 81 1965
942 375 5689
942 986 8307
943 555 4618
943 15 4518
943 511 6808
944 884 8592
944 616 8611
945 919 2487
945 338 4976
945 195 9488
945 854 5629
945 65 6376
946 926 9159
946 166 4322
946 699 3059
946 386 6877
947 305 32
947 388 6841
947 309 5173
947 594 835
948 149 1275
949 963 8145
949 107 1567
949 731 5496
949 585 4464
949 84 4895
949 200 9555
950 475 1825
950 92 1814
950 250 399
950 212 4006
950 485 2992
950 168 8425
951 152 6188
951 247 3135
951 830 820
951 629 8688
951 690 7280
951 295 1524
951 553 847
952 420 4927
952 417 9166
952 634 434
952 743 2439
953 644 5134
953 555 8268
953 872 227
953 8 8582
954 614 7932
954 815 5156
954 549 8681
955 19 9275
955 576 6563
956 543 8076
956 208 6258
956 726 3446
956 248 2816
956 349 7846
957 321 9690
957 436 4672
957 89 7220
957 868 275
957 766 551
957 396 1509
958 995 274
958 951 2275
958 666 7048
958 523 7746
959 51 3215
959 939 343
959 893 7110
959 305 902
959 149 6712
960 120 5531
960 762 4574
960 780 1479
960 839 5333
960 73 2555
960 901 235
960 145 9518
960 98 5872
961 796 1631
961 875 5971
961 550 2099
961 800 4708
961 394 2504
961 125 753
961 639 4788
962 250 9696
962 137 8112
962 738 8734
962 379 2464
963 970 3602
963 38 5271
963 587 9134
964 386 9787
964 924 7804
964 907 5461
964 573 5110
964 252 9726
965 271 1504
965 668 4757
966 800 1098
966 179 9822
966 387 7108
967 12 2885
968 258 8324
968 184 322
969 768 6557
969 85 7694
969 758 7564
970 292 7003
970 388 26
970 91 5773
971 743 6905
971 522 6887
971 306 8635
972 140 7533
972 209 6645
972 681 9295
972 532 8727
972 357 9289
972 908 8277
974 791 7805
974 509 7996
974 335 1265
974 214 6031
974 202 2629
974 697 9205
974 452 380
974 759 9457
974 785 2173
975 746 2187
975 592 2846
975 375 5119
975 423 1689
976 804 8548
976 488 8027
976 460 1202
976 241 3420
976 675 4948
977 676 1691
977 993 9135
977 617 6801
977 773 5635
977 801 5917
978 937 8543
978 260 2868
978 592 2851
978 158 9669
978 54 9109
978 34 2901
978 138 6141
979 23 3009
979 382 119
980 897 4952
980 239 4956
981 27 364
981 743 2679
981 838 4237
981 975 21
982 187 9480
982 816 8001
982 923 418
982 670 1821
982 394 7672
982 742 5066
983 110 8828
983 310 9066
983 565 92
983 100 1969
984 501 9682
984 450 8126
985 395 3089
985 156 4390
985 992 6825
986 736 911
986 850 6500
986 562 9568
986 92 1281
986 23 2840
987 174 5180
987 949 6532
987 5 2845
987 270 9368
987 996 8099
987 586 505
987 245 4456
987 17 942
987 928 3904
988 167 1041
988 184 5156
988 368 4352
988 471 8928
988 924 139
988 377 1639
988 752 8167
988 60 267
989 653 166
989 234 2492
989 824 2965
990 247 5696
991 972 9453
991 223 5706
992 101 3415
992 239 5272
992 916 2529
992 150 2667
993 962 8825
993 798 9921
993 176 7560
993 43 4237
993 473 6993
994 586 9189
994 231 258
994 471 7003
994 274 7934
995 596 6201
995 875 8679
995 29 3111
996 302 5998
996 820 5595
996 896 1039
996 363 6211
996 593 2083
997 941 5255
997 442 9619
997 378 7997
997 192 3168
997 481 8541
997 342 5070
997 371 7619
997 582 8600
998 69 8488
998 85 1530
998 464 6269
998 788 1849
999 967 3388
999 332 4779
999 135 1083
999 30 7410
999 130 5389
1000 796 4788
1000 708 7959
