1000 1993
1 2 229
1 4 4673
2 3 2563
2 5 4036
3 4 6204
3 6 4264
4 5 1055
4 7 6539
5 6 4322
5 8 5022
6 7 2802
6 9 484
7 8 9603
7 10 1307
8 9 132
8 11 9206
9 10 8478
9 12 6932
10 11 3110
10 13 8309
11 12 2590
11 14 7575
12 13 9400
12 15 877
13 14 7770
13 16 7546
14 15 9331
14 17 1849
15 16 217
15 18 895
16 17 6033
16 19 6554
17 18 6264
17 20 6470
18 19 6163
18 21 8827
19 20 9756
19 22 4640
20 21 1145
20 23 3729
21 22 3366
21 24 9295
22 23 4204
22 25 5282
23 24 6914
23 26 9560
24 25 3501
24 27 776
25 26 8984
25 28 5932
26 27 2171
26 29 9006
27 28 7855
27 30 7147
28 29 2382
28 31 6269
29 30 4059
29 32 9564
30 31 4610
30 33 8628
31 32 3366
31 34 3040
32 33 132
32 35 7997
33 34 213
33 36 4579
34 35 5983
34 37 7109
35 36 789
35 38 6797
36 37 3294
36 39 6272
37 38 6495
37 40 302
38 39 4596
38 41 6512
39 40 3402
39 42 3563
40 41 7923
40 43 9664
41 42 6428
41 44 1024
42 43 5228
42 45 2923
43 44 528
43 46 3366
44 45 9046
44 47 5837
45 46 1336
45 48 8773
46 47 2496
46 49 9812
47 48 2024
47 50 1052
48 49 2628
48 51 1279
49 50 531
49 52 8488
50 51 6616
50 53 2827
51 52 1423
51 54 100
52 53 4975
52 55 4531
53 54 2297
53 56 1828
54 55 7741
54 57 9817
55 56 364
55 58 3369
56 57 3595
56 59 6431
57 58 3202
57 60 5569
58 59 2531
58 61 5080
59 60 3094
59 62 5971
60 61 7868
60 63 6850
61 62 4737
61 64 1250
62 63 892
62 65 7819
63 64 7151
63 66 646
64 65 235
64 67 9739
65 66 631
65 68 4269
66 67 3444
66 69 4091
67 68 7506
67 70 8929
68 69 7139
68 71 1473
69 70 1465
69 72 3218
70 71 1951
70 73 8741
71 72 5387
71 74 1649
72 73 1205
72 75 7008
73 74 9040
73 76 5457
74 75 5337
74 77 6029
75 76 5608
75 78 850
76 77 2153
76 79 367
77 78 2551
77 80 1188
78 79 2421
78 81 2608
79 80 4264
79 82 3073
80 81 8508
80 83 4284
81 82 3011
81 84 4844
82 83 6120
82 85 5819
83 84 9842
83 86 3043
84 85 6127
84 87 69
85 86 5048
85 88 6326
86 87 477
86 89 1045
87 88 2693
87 90 161
88 89 3381
88 91 5649
89 90 7328
89 92 5123
90 91 8997
90 93 3563
91 92 6783
91 94 8602
92 93 9874
92 95 4916
93 94 70
93 96 4949
94 95 7812
94 97 2502
95 96 7784
95 98 6978
96 97 770
96 99 1236
97 98 3538
97 100 5281
98 99 2989
98 101 7779
99 100 1666
99 102 5478
100 101 5935
100 103 1433
101 102 487
101 104 6995
102 103 955
102 105 5879
103 104 4308
103 106 7852
104 105 4910
104 107 1910
105 106 1101
105 108 6755
106 107 9790
106 109 8134
107 108 7767
107 110 3743
108 109 9785
108 111 8235
109 110 7614
109 112 8362
110 111 5885
110 113 718
111 112 6025
111 114 5136
112 113 2715
112 115 615
113 114 5184
113 116 5708
114 115 8131
114 117 9507
115 116 729
115 118 9109
116 117 3138
116 119 7202
117 118 1235
117 120 5800
118 119 4006
118 121 9209
119 120 6647
119 122 8894
120 121 3036
120 123 5622
121 122 6517
121 124 8803
122 123 1308
122 125 6154
123 124 5333
123 126 9146
124 125 7827
124 127 3316
125 126 7503
125 128 8993
126 127 810
126 129 5154
127 128 1026
127 130 5322
128 129 1043
128 131 4726
129 130 3282
129 132 1238
130 131 3367
130 133 9955
131 132 2786
131 134 5564
132 133 1983
132 135 7589
133 134 4759
133 136 3370
134 135 6127
134 137 3678
135 136 6836
135 138 4592
136 137 9726
136 139 3752
137 138 6261
137 140 2804
138 139 8593
138 141 4394
139 140 3153
139 142 2211
140 141 1610
140 143 2623
141 142 5001
141 144 8608
142 143 5854
142 145 4928
143 144 102
143 146 4436
144 145 7656
144 147 1749
145 146 6750
145 148 493
146 147 4384
146 149 2845
147 148 262
147 150 4085
148 149 2589
148 151 9174
149 150 6536
149 152 9147
150 151 8236
150 153 6109
151 152 6883
151 154 8061
152 153 6448
152 155 1738
153 154 4649
153 156 9969
154 155 8855
154 157 8577
155 156 8040
155 158 4954
156 157 3097
156 159 8170
157 158 4994
157 160 7754
158 159 6272
158 161 2277
159 160 4521
159 162 2005
160 161 3258
160 163 7838
161 162 6241
161 164 709
162 163 2312
162 165 1993
163 164 2385
163 166 31
164 165 6730
164 167 6928
165 166 6118
165 168 8670
166 167 7930
166 169 8066
167 168 2325
167 170 2322
168 169 3190
168 171 2440
169 170 3053
169 172 4688
170 171 5489
170 173 3353
171 172 5163
171 174 5692
172 173 282
172 175 6382
173 174 5835
173 176 4595
174 175 4080
174 177 4189
175 176 1630
175 178 78
176 177 8120
176 179 6503
177 178 1672
177 180 689
178 179 627
178 181 8458
179 180 8559
179 182 2737
180 181 4177
180 183 2762
181 182 842
181 184 1093
182 183 5198
182 185 5002
183 184 5021
183 186 6241
184 185 4211
184 187 2565
185 186 2683
185 188 5513
186 187 6466
186 189 8172
187 188 4626
187 190 1546
188 189 4762
188 191 1217
189 190 8933
189 192 4166
190 191 2255
190 193 8846
191 192 3427
191 194 2344
192 193 952
192 195 6193
193 194 9686
193 196 1937
194 195 2119
194 197 2841
195 196 1923
195 198 625
196 197 2940
196 199 7913
197 198 5228
197 200 7596
198 199 2450
198 201 3118
199 200 7292
199 202 2465
200 201 5720
200 203 9169
201 202 9766
201 204 3879
202 203 8278
202 205 3365
203 204 836
203 206 578
204 205 2313
204 207 7576
205 206 5336
205 208 7409
206 207 9818
206 209 5087
207 208 9633
207 210 8031
208 209 6271
208 211 749
209 210 9104
209 212 3132
210 211 5751
210 213 9875
211 212 8088
211 214 4750
212 213 8113
212 215 693
213 214 6738
213 216 103
214 215 8091
214 217 6518
215 216 4514
215 218 4408
216 217 5762
216 219 6500
217 218 1126
217 220 4354
218 219 3064
218 221 4333
219 220 6160
219 222 1708
220 221 8022
220 223 2521
221 222 9
221 224 3570
222 223 3959
222 225 6545
223 224 1475
223 226 1123
224 225 5380
224 227 5996
225 226 5645
225 228 535
226 227 250
226 229 2661
227 228 9768
227 230 6542
228 229 8370
228 231 4241
229 230 5614
229 232 7386
230 231 516
230 233 1393
231 232 5398
231 234 1825
232 233 5048
232 235 9201
233 234 7047
233 236 2652
234 235 2133
234 237 5097
235 236 7626
235 238 1140
236 237 4374
236 239 3215
237 238 8411
237 240 819
238 239 3331
238 241 8869
239 240 9431
239 242 2676
240 241 4440
240 243 7353
241 242 9488
241 244 5895
242 243 9979
242 245 7927
243 244 972
243 246 4769
244 245 3298
244 247 3641
245 246 7747
245 248 1918
246 247 7030
246 249 1016
247 248 2483
247 250 6732
248 249 222
248 251 2338
249 250 7863
249 252 318
250 251 1998
250 253 3025
251 252 6597
251 254 7323
252 253 5305
252 255 7267
253 254 5069
253 256 1375
254 255 6725
254 257 8056
255 256 6410
255 258 5725
256 257 2356
256 259 40
257 258 6128
257 260 6273
258 259 8417
258 261 1301
259 260 5508
259 262 5483
260 261 8631
260 263 8851
261 262 4082
261 264 255
262 263 6974
262 265 305
263 264 2717
263 266 3155
264 265 3125
264 267 4178
265 266 869
265 268 6463
266 267 8189
266 269 2511
267 268 8804
267 270 3350
268 269 5388
268 271 9183
269 270 7001
269 272 8076
270 271 2207
270 273 4828
271 272 186
271 274 4382
272 273 9194
272 275 7127
273 274 6226
273 276 3030
274 275 8861
274 277 672
275 276 7330
275 278 8359
276 277 9671
276 279 8168
277 278 6173
277 280 2741
278 279 6270
278 281 1233
279 280 8962
279 282 8738
280 281 8125
280 283 6868
281 282 5997
281 284 2725
282 283 1540
282 285 5576
283 284 941
283 286 2319
284 285 9324
284 287 3252
285 286 1665
285 288 4095
286 287 7891
286 289 5402
287 288 4555
287 290 696
288 289 1537
288 291 3573
289 290 6615
289 292 7028
290 291 4497
290 293 2354
291 292 3812
291 294 1633
292 293 9113
292 295 378
293 294 9941
293 296 7285
294 295 3743
294 297 2299
295 296 877
295 298 4683
296 297 474
296 299 7649
297 298 4058
297 300 8372
298 299 6087
298 301 5084
299 300 7046
299 302 180
300 301 5838
300 303 4621
301 302 5428
301 304 2716
302 303 2682
302 305 2485
303 304 8152
303 306 6592
304 305 9563
304 307 5348
305 306 4761
305 308 5419
306 307 7637
306 309 3617
307 308 1030
307 310 3408
308 309 8590
308 311 3230
309 310 3196
309 312 7880
310 311 3855
310 313 7746
311 312 8627
311 314 1724
312 313 7717
312 315 3427
313 314 5166
313 316 6354
314 315 9667
314 317 628
315 316 5339
315 318 5115
316 317 8111
316 319 8793
317 318 389
317 320 2170
318 319 9818
318 321 7714
319 320 9675
319 322 5183
320 321 231
320 323 7098
321 322 8158
321 324 5919
322 323 2842
322 325 6357
323 324 5890
323 326 6166
324 325 3906
324 327 2783
325 326 7442
325 328 1037
326 327 6270
326 329 7421
327 328 8665
327 330 4286
328 329 9350
328 331 2182
329 330 6722
329 332 513
330 331 2748
330 333 4086
331 332 3773
331 334 8556
332 333 9983
332 335 6169
333 334 5049
333 336 6246
334 335 409
334 337 8676
335 336 2950
335 338 9801
336 337 4744
336 339 3051
337 338 9500
337 340 9973
338 339 5307
338 341 2371
339 340 9818
339 342 6159
340 341 2731
340 343 8633
341 342 2673
341 344 8072
342 343 5159
342 345 5145
343 344 5750
343 346 8110
344 345 6960
344 347 8296
345 346 59
345 348 8552
346 347 3977
346 349 2652
347 348 770
347 350 3799
348 349 807
348 351 2338
349 350 2984
349 352 1247
350 351 2961
350 353 6666
351 352 1319
351 354 7130
352 353 5899
352 355 1228
353 354 5703
353 356 7565
354 355 9674
354 357 4245
355 356 4731
355 358 6178
356 357 2059
356 359 5983
357 358 5711
357 360 5868
358 359 3173
358 361 3828
359 360 3604
359 362 2710
360 361 91
360 363 6777
361 362 9247
361 364 28
362 363 2494
362 365 4131
363 364 7357
363 366 159
364 365 7530
364 367 5249
365 366 7080
365 368 6291
366 367 8801
366 369 2657
367 368 1749
367 370 9485
368 369 6627
368 371 1672
369 370 6560
369 372 2381
370 371 8041
370 373 3328
371 372 253
371 374 6978
372 373 5093
372 375 7227
373 374 9276
373 376 6675
374 375 42
374 377 8649
375 376 7053
375 378 794
376 377 3973
376 379 9684
377 378 9133
377 380 6741
378 379 9062
378 381 6584
379 380 8476
379 382 6474
380 381 805
380 383 5363
381 382 2399
381 384 408
382 383 5403
382 385 939
383 384 5733
383 386 1375
384 385 6065
384 387 5506
385 386 734
385 388 2507
386 387 4958
386 389 1461
387 388 5273
387 390 3195
388 389 6518
388 391 4455
389 390 6628
389 392 706
390 391 5501
390 393 3887
391 392 1544
391 394 4806
392 393 4926
392 395 8782
393 394 5815
393 396 4135
394 395 7328
394 397 4296
395 396 7688
395 398 2196
396 397 2903
396 399 9286
397 398 2266
397 400 5931
398 399 3624
398 401 5299
399 400 3809
399 402 7762
400 401 1533
400 403 513
401 402 8695
401 404 2977
402 403 6572
402 405 6775
403 404 7475
403 406 2550
404 405 7181
404 407 912
405 406 7222
405 408 4273
406 407 3248
406 409 9015
407 408 5248
407 410 8088
408 409 6285
408 411 8646
409 410 5110
409 412 2260
410 411 9290
410 413 4017
411 412 1668
411 414 9199
412 413 8468
412 415 9535
413 414 2043
413 416 8815
414 415 7728
414 417 8216
415 416 1727
415 418 4205
416 417 8364
416 419 4229
417 418 1456
417 420 7001
418 419 5553
418 421 6705
419 420 4946
419 422 8307
420 421 2126
420 423 8777
421 422 4566
421 424 8887
422 423 3658
422 425 3121
423 424 8471
423 426 8041
424 425 7993
424 427 4751
425 426 7958
425 428 8052
426 427 565
426 429 3306
427 428 1396
427 430 9042
428 429 2933
428 431 1372
429 430 5266
429 432 9283
430 431 389
430 433 6282
431 432 9648
431 434 498
432 433 180
432 435 63
433 434 249
433 436 8679
434 435 8149
434 437 4952
435 436 8812
435 438 8985
436 437 1973
436 439 8132
437 438 6908
437 440 1594
438 439 2615
438 441 3124
439 440 8045
439 442 1998
440 441 6265
440 443 2367
441 442 5764
441 444 711
442 443 6122
442 445 7781
443 444 7024
443 446 9872
444 445 9317
444 447 5537
445 446 353
445 448 8702
446 447 7040
446 449 2392
447 448 7042
447 450 902
448 449 6154
448 451 75
449 450 5441
449 452 4331
450 451 2955
450 453 625
451 452 4857
451 454 5270
452 453 9820
452 455 9204
453 454 9323
453 456 2417
454 455 7083
454 457 980
455 456 2348
455 458 4069
456 457 927
456 459 6951
457 458 6630
457 460 7806
458 459 3168
458 461 2582
459 460 2938
459 462 5291
460 461 5169
460 463 516
461 462 3424
461 464 9217
462 463 4649
462 465 1029
463 464 9230
463 466 3065
464 465 5624
464 467 5591
465 466 8182
465 468 8424
466 467 7539
466 469 7015
467 468 1942
467 470 3603
468 469 2737
468 471 2941
469 470 9972
469 472 1854
470 471 6355
470 473 6591
471 472 700
471 474 6696
472 473 6052
472 475 7549
473 474 9677
473 476 2978
474 475 7510
474 477 9693
475 476 8552
475 478 1382
476 477 1144
476 479 7357
477 478 4881
477 480 3258
478 479 1690
478 481 4966
479 480 9620
479 482 5851
480 481 2637
480 483 9275
481 482 7343
481 484 4147
482 483 5018
482 485 4386
483 484 7399
483 486 2265
484 485 3141
484 487 4778
485 486 8854
485 488 5279
486 487 9706
486 489 1227
487 488 3811
487 490 6178
488 489 2086
488 491 2449
489 490 3745
489 492 3275
490 491 7140
490 493 6367
491 492 8124
491 494 5400
492 493 4323
492 495 1815
493 494 9319
493 496 3693
494 495 558
494 497 2691
495 496 4441
495 498 4306
496 497 184
496 499 293
497 498 6360
497 500 6966
498 499 3786
498 501 8092
499 500 6021
499 502 6320
500 501 497
500 503 6621
501 502 7222
501 504 6549
502 503 9579
502 505 3334
503 504 6756
503 506 5809
504 505 1253
504 507 2583
505 506 1606
505 508 3595
506 507 552
506 509 7713
507 508 4386
507 510 2121
508 509 3529
508 511 4475
509 510 6511
509 512 3704
510 511 9612
510 513 876
511 512 2276
511 514 8581
512 513 6494
512 515 4285
513 514 6257
513 516 6453
514 515 1408
514 517 1136
515 516 3873
515 518 2635
516 517 6346
516 519 2991
517 518 953
517 520 3889
518 519 4284
518 521 9584
519 520 4856
519 522 594
520 521 6576
520 523 7136
521 522 4652
521 524 1092
522 523 9319
522 525 6882
523 524 2303
523 526 6741
524 525 761
524 527 5222
525 526 4576
525 528 3965
526 527 2126
526 529 7286
527 528 5035
527 530 187
528 529 6136
528 531 4695
529 530 442
529 532 1143
530 531 204
530 533 4553
531 532 6015
531 534 7258
532 533 8227
532 535 3709
533 534 8312
533 536 939
534 535 3082
534 537 8928
535 536 5069
535 538 2998
536 537 2592
536 539 6607
537 538 7245
537 540 3908
538 539 2855
538 541 5999
539 540 4893
539 542 3109
540 541 2256
540 543 1878
541 542 6147
541 544 5316
542 543 6156
542 545 1549
543 544 2919
543 546 4021
544 545 8402
544 547 7992
545 546 5680
545 548 3481
546 547 9254
546 549 1473
547 548 3975
547 550 6068
548 549 4224
548 551 2558
549 550 2196
549 552 8609
550 551 6768
550 553 7348
551 552 7389
551 554 3176
552 553 9448
552 555 1512
553 554 787
553 556 1136
554 555 3917
554 557 7963
555 556 5195
555 558 240
556 557 4834
556 559 5699
557 558 1036
557 560 3998
558 559 5652
558 561 4039
559 560 5002
559 562 4216
560 561 7747
560 563 739
561 562 5954
561 564 4605
562 563 8298
562 565 1230
563 564 7548
563 566 7783
564 565 383
564 567 8677
565 566 2148
565 568 9606
566 567 1515
566 569 7117
567 568 8089
567 570 8937
568 569 5614
568 571 4790
569 570 89
569 572 1145
570 571 1774
570 573 6812
571 572 1499
571 574 6499
572 573 8395
572 575 2453
573 574 4159
573 576 532
574 575 3157
574 577 8932
575 576 4727
575 578 9194
576 577 4861
576 579 4013
577 578 5199
577 580 5262
578 579 2071
578 581 4592
579 580 4518
579 582 5223
580 581 3762
580 583 3196
581 582 1392
581 584 3104
582 583 1301
582 585 7242
583 584 7543
583 586 5087
584 585 4879
584 587 2711
585 586 8507
585 588 6064
586 587 1779
586 589 803
587 588 2779
587 590 352
588 589 6721
588 591 8397
589 590 5815
589 592 798
590 591 1771
590 593 1430
591 592 930
591 594 7823
592 593 6879
592 595 2691
593 594 4359
593 596 7440
594 595 8344
594 597 7615
595 596 2771
595 598 1383
596 597 1360
596 599 9387
597 598 8329
597 600 3135
598 599 9963
598 601 5447
599 600 2294
599 602 1111
600 601 6130
600 603 7548
601 602 2324
601 604 2366
602 603 8327
602 605 9146
603 604 5414
603 606 5613
604 605 5520
604 607 4098
605 606 5745
605 608 96
606 607 9229
606 609 6514
607 608 7451
607 610 3990
608 609 7093
608 611 8901
609 610 3248
609 612 1212
610 611 7051
610 613 7238
611 612 536
611 614 2540
612 613 8811
612 615 8130
613 614 571
613 616 1360
614 615 8033
614 617 4580
615 616 5977
615 618 3332
616 617 7477
616 619 7338
617 618 1996
617 620 6507
618 619 2753
618 621 2191
619 620 2666
619 622 3952
620 621 6432
620 623 4218
621 622 7826
621 624 3043
622 623 2580
622 625 826
623 624 4504
623 626 4161
624 625 4267
624 627 4265
625 626 1659
625 628 1054
626 627 1700
626 629 4568
627 628 6487
627 630 3253
628 629 2873
628 631 9262
629 630 3830
629 632 9354
630 631 3695
630 633 4552
631 632 1829
631 634 9362
632 633 875
632 635 1115
633 634 9183
633 636 5551
634 635 7219
634 637 5583
635 636 581
635 638 7862
636 637 4600
636 639 1064
637 638 8047
637 640 2151
638 639 7365
638 641 193
639 640 9779
639 642 6691
640 641 1214
640 643 1201
641 642 5016
641 644 1285
642 643 2735
642 645 2311
643 644 3340
643 646 6482
644 645 2304
644 647 8347
645 646 7650
645 648 5673
646 647 4814
646 649 2132
647 648 6083
647 650 8137
648 649 9961
648 651 5172
649 650 4939
649 652 1598
650 651 2941
650 653 8374
651 652 5477
651 654 3429
652 653 1778
652 655 2462
653 654 6906
653 656 1717
654 655 4668
654 657 7116
655 656 6089
655 658 3817
656 657 9989
656 659 4749
657 658 8348
657 660 3730
658 659 450
658 661 1728
659 660 4744
659 662 9605
660 661 2512
660 663 8907
661 662 8096
661 664 7621
662 663 9314
662 665 4483
663 664 4862
663 666 5480
664 665 3361
664 667 1780
665 666 6413
665 668 3085
666 667 9192
666 669 4719
667 668 3220
667 670 3330
668 669 1069
668 671 8257
669 670 5759
669 672 7643
670 671 5023
670 673 2749
671 672 6160
671 674 9553
672 673 6924
672 675 8445
673 674 6415
673 676 8961
674 675 8582
674 677 5317
675 676 8274
675 678 3318
676 677 2968
676 679 2401
677 678 9769
677 680 8850
678 679 7880
678 681 3467
679 680 4580
679 682 9835
680 681 863
680 683 4575
681 682 9007
681 684 817
682 683 4076
682 685 6616
683 684 8567
683 686 5015
684 685 5228
684 687 1751
685 686 6925
685 688 6457
686 687 9254
686 689 5495
687 688 9927
687 690 3433
688 689 8159
688 691 933
689 690 8521
689 692 346
690 691 7569
690 693 4662
691 692 3304
691 694 153
692 693 5619
692 695 1804
693 694 8129
693 696 2968
694 695 8841
694 697 8415
695 696 3959
695 698 599
696 697 1528
696 699 3168
697 698 1953
697 700 2116
698 699 7046
698 701 974
699 700 6078
699 702 6641
700 701 8732
700 703 3866
701 702 8284
701 704 8038
702 703 8204
702 705 7062
703 704 6599
703 706 4210
704 705 1747
704 707 4732
705 706 3057
705 708 4721
706 707 6501
706 709 9126
707 708 323
707 710 5893
708 709 8964
708 711 8438
709 710 99
709 712 8665
710 711 2948
710 713 7112
711 712 5002
711 714 3416
712 713 6366
712 715 2717
713 714 2114
713 716 7053
714 715 2934
714 717 2928
715 716 5398
715 718 4094
716 717 9250
716 719 639
717 718 9975
717 720 789
718 719 84
718 721 9771
719 720 1690
719 722 4281
720 721 8998
720 723 6128
721 722 4931
721 724 1200
722 723 575
722 725 5155
723 724 1310
723 726 8497
724 725 6559
724 727 4132
725 726 5853
725 728 5545
726 727 3968
726 729 277
727 728 692
727 730 2224
728 729 30
728 731 3835
729 730 8426
729 732 2863
730 731 6494
730 733 896
731 732 7633
731 734 6128
732 733 2787
732 735 3749
733 734 1338
733 736 1820
734 735 1118
734 737 8776
735 736 711
735 738 636
736 737 57
736 739 1320
737 738 3657
737 740 5569
738 739 6749
738 741 2787
739 740 3504
739 742 804
740 741 117
740 743 7272
741 742 4756
741 744 6380
742 743 8280
742 745 8871
743 744 551
743 746 6398
744 745 5526
744 747 1655
745 746 2199
745 748 285
746 747 2465
746 749 4428
747 748 2823
747 750 1605
748 749 9143
748 751 432
749 750 7442
749 752 4655
750 751 4203
750 753 5551
751 752 7154
751 754 4422
752 753 5278
752 755 7337
753 754 549
753 756 5032
754 755 7068
754 757 513
755 756 5353
755 758 6315
756 757 7418
756 759 9880
757 758 6744
757 760 7849
758 759 3802
758 761 8839
759 760 2946
759 762 4050
760 761 6290
760 763 1973
761 762 8122
761 764 8937
762 763 2761
762 765 6084
763 764 2942
763 766 415
764 765 9407
764 767 9153
765 766 6377
765 768 1320
766 767 520
766 769 5775
767 768 8270
767 770 7966
768 769 2873
768 771 6546
769 770 1450
769 772 8050
770 771 1190
770 773 8007
771 772 8641
771 774 5439
772 773 3714
772 775 503
773 774 3170
773 776 5406
774 775 6221
774 777 7632
775 776 4404
775 778 7687
776 777 7186
776 779 7324
777 778 5063
777 780 5826
778 779 5955
778 781 3993
779 780 2207
779 782 9605
780 781 9028
780 783 9230
781 782 5866
781 784 9624
782 783 202
782 785 9045
783 784 2472
783 786 6474
784 785 8033
784 787 5646
785 786 1600
785 788 194
786 787 8524
786 789 1397
787 788 1518
787 790 5781
788 789 8033
788 791 2012
789 790 847
789 792 2075
790 791 6790
790 793 7055
791 792 3956
791 794 3317
792 793 8498
792 795 7740
793 794 3008
793 796 8765
794 795 3888
794 797 5982
795 796 5116
795 798 7201
796 797 7462
796 799 8629
797 798 6696
797 800 9417
798 799 8487
798 801 9424
799 800 9432
799 802 5477
800 801 1683
800 803 8461
801 802 446
801 804 8579
802 803 8072
802 805 8533
803 804 8667
803 806 1942
804 805 508
804 807 2643
805 806 7397
805 808 2260
806 807 2709
806 809 8124
807 808 9589
807 810 6934
808 809 8366
808 811 9998
809 810 3004
809 812 4136
810 811 607
810 813 8648
811 812 8792
811 814 5578
812 813 1049
812 815 145
813 814 7518
813 816 3391
814 815 6322
814 817 9894
815 816 8339
815 818 8754
816 817 503
816 819 4998
817 818 1522
817 820 9237
818 819 3279
818 821 2852
819 820 1885
819 822 2531
820 821 4791
820 823 3914
821 822 9477
821 824 2687
822 823 6691
822 825 4432
823 824 8628
823 826 5205
824 825 1255
824 827 4884
825 826 5858
825 828 5303
826 827 2770
826 829 4247
827 828 8941
827 830 997
828 829 5103
828 831 5418
829 830 1946
829 832 5942
830 831 4267
830 833 9265
831 832 8970
831 834 6367
832 833 7540
832 835 4712
833 834 1300
833 836 9731
834 835 6750
834 837 2277
835 836 8954
835 838 3376
836 837 7564
836 839 8770
837 838 4305
837 840 509
838 839 5915
838 841 5746
839 840 4631
839 842 67
840 841 9693
840 843 9053
841 842 6647
841 844 8845
842 843 1332
842 845 2389
843 844 2057
843 846 2786
844 845 8490
844 847 2570
845 846 729
845 848 8077
846 847 6464
846 849 5519
847 848 1210
847 850 6888
848 849 7108
848 851 8721
849 850 1096
849 852 5922
850 851 3752
850 853 6622
851 852 2432
851 854 9886
852 853 1495
852 855 5387
853 854 3338
853 856 1357
854 855 2206
854 857 6617
855 856 9999
855 858 2148
856 857 6114
856 859 8376
857 858 2938
857 860 6012
858 859 5445
858 861 625
859 860 1205
859 862 662
860 861 5288
860 863 3564
861 862 9092
861 864 2373
862 863 7889
862 865 2566
863 864 9227
863 866 5509
864 865 3139
864 867 5746
865 866 1549
865 868 8156
866 867 464
866 869 7797
867 868 7594
867 870 1111
868 869 3712
868 871 9642
869 870 2398
869 872 5683
870 871 1581
870 873 6467
871 872 3745
871 874 3444
872 873 8114
872 875 1046
873 874 5249
873 876 3637
874 875 4951
874 877 843
875 876 168
875 878 295
876 877 821
876 879 1457
877 878 2896
877 880 6149
878 879 8710
878 881 3973
879 880 6361
879 882 3393
880 881 4382
880 883 5460
881 882 1327
881 884 7649
882 883 7594
882 885 1471
883 884 8178
883 886 1409
884 885 3082
884 887 6607
885 886 4636
885 888 6306
886 887 114
886 889 2903
887 888 8042
887 890 6935
888 889 2121
888 891 2496
889 890 439
889 892 1166
890 891 2532
890 893 6611
891 892 3162
891 894 5771
892 893 7256
892 895 3517
893 894 6546
893 896 3515
894 895 5812
894 897 5052
895 896 3358
895 898 3994
896 897 95
896 899 6052
897 898 8919
897 900 7939
898 899 9203
898 901 9059
899 900 115
899 902 6022
900 901 8163
900 903 830
901 902 47
901 904 2771
902 903 7196
902 905 9224
903 904 2070
903 906 7077
904 905 1666
904 907 1189
905 906 32
905 908 9244
906 907 7442
906 909 2318
907 908 6723
907 910 1779
908 909 7814
908 911 9084
909 910 1266
909 912 3023
910 911 1721
910 913 6664
911 912 2842
911 914 4056
912 913 1412
912 915 6313
913 914 1741
913 916 3138
914 915 1312
914 917 7258
915 916 8216
915 918 4374
916 917 2343
916 919 8617
917 918 7984
917 920 3570
918 919 3379
918 921 6033
919 920 7720
919 922 9644
920 921 328
920 923 3733
921 922 4268
921 924 9663
922 923 7778
922 925 3162
923 924 915
923 926 7716
924 925 9634
924 927 7819
925 926 904
925 928 6606
926 927 6262
926 929 6130
927 928 8776
927 930 6152
928 929 6965
928 931 17
929 930 3603
929 932 4573
930 931 7374
930 933 4998
931 932 756
931 934 3664
932 933 8201
932 935 5505
933 934 2774
933 936 3919
934 935 1920
934 937 8612
935 936 229
935 938 6492
936 937 5457
936 939 7258
937 938 5703
937 940 6959
938 939 552
938 941 9572
939 940 4508
939 942 3161
940 941 5278
940 943 2946
941 942 750
941 944 4643
942 943 5941
942 945 2301
943 944 7444
943 946 2062
944 945 863
944 947 4081
945 946 1784
945 948 9432
946 947 9877
946 949 7220
947 948 2993
947 950 3750
948 949 2577
948 951 6729
949 950 6450
949 952 4544
950 951 2292
950 953 5865
951 952 497
951 954 8574
952 953 5825
952 955 9641
953 954 3496
953 956 4488
954 955 4359
954 957 1968
955 956 4046
955 958 8180
956 957 2273
956 959 7595
957 958 6687
957 960 8794
958 959 2257
958 961 5691
959 960 6027
959 962 942
960 961 122
960 963 5790
961 962 1221
961 964 5156
962 963 1854
962 965 8780
963 964 1551
963 966 8412
964 965 5245
964 967 6182
965 966 4844
965 968 2787
966 967 8155
966 969 8842
967 968 9910
967 970 4453
968 969 4592
968 971 5318
969 970 9699
969 972 9830
970 971 2218
970 973 926
971 972 1272
971 974 5824
972 973 8053
972 975 6546
973 974 1260
973 976 7151
974 975 4327
974 977 4693
975 976 4383
975 978 6397
976 977 3382
976 979 3440
977 978 2567
977 980 8656
978 979 1786
978 981 6964
979 980 4310
979 982 3893
980 981 272
980 983 7955
981 982 4993
981 984 5913
982 983 2153
982 985 904
983 984 9769
983 986 2916
984 985 5919
984 987 1794
985 986 8621
985 988 9045
986 987 5602
986 989 2098
987 988 8917
987 990 8825
988 989 8268
988 991 8387
989 990 5189
989 992 9232
990 991 5675
990 993 8617
991 992 2609
991 994 1029
992 993 2450
992 995 6595
993 994 5214
993 996 6832
994 995 5226
994 997 1026
995 996 4616
995 998 2501
996 997 2793
997 998 5604
999 1000 1784
