100
152 20
255 18
226 46
96 37
132 38
242 97
97 6
197 6
255 62
91 39
102 29
98 79
74 47
73 42
247 90
203 49
43 43
193 40
246 97
90 51
173 37
93 30
68 12
62 11
124 35
81 31
55 22
137 41
210 24
255 100
195 65
212 26
71 36
77 20
222 25
240 16
243 26
84 28
249 83
187 27
99 86
59 0
121 61
44 9
100 45
213 54
241 68
189 42
178 52
255 4
255 0
223 88
122 67
112 40
115 15
34 12
193 14
200 87
75 50
223 3
147 53
255 33
255 47
77 23
111 22
255 32
234 32
174 94
76 63
63 21
197 48
56 31
146 82
103 79
27 1
78 51
232 46
116 89
74 41
84 4
89 10
126 34
55 18
255 48
196 100
185 70
18 3
165 99
0 0
32 17
225 33
143 80
193 52
188 81
125 71
92 46
182 60
26 19
242 69
233 94
