100 20
1 45 28
45 83 46
83 60 74
1 28 28
45 41 67
1 47 100
60 88 35
1 13 12
88 61 94
61 22 74
47 34 59
88 55 69
41 40 78
88 99 33
83 46 48
61 23 41
28 39 58
34 24 82
22 14 6
13 5 20
46 32 27
13 49 99
32 75 15
41 2 47
88 71 71
45 11 14
13 67 95
71 33 54
60 18 38
23 48 86
13 38 92
45 43 59
22 98 63
60 87 32
18 76 100
99 66 43
61 62 73
22 31 40
43 26 2
39 86 47
49 70 10
45 56 53
28 82 94
45 37 28
71 91 96
23 58 67
31 17 43
1 42 36
2 63 17
24 19 77
63 21 21
49 30 46
98 95 12
33 97 33
17 90 27
31 54 89
14 73 43
33 44 39
60 79 50
62 57 18
26 72 83
90 36 85
97 69 60
79 25 81
56 12 43
24 85 96
32 4 28
2 84 8
40 27 82
32 59 3
86 7 23
85 80 43
37 20 83
31 81 52
88 93 51
86 52 82
85 92 56
27 96 61
92 16 89
43 77 95
84 100 2
45 68 46
23 3 34
37 89 67
27 10 97
30 53 74
1 35 12
35 65 87
68 50 1
26 15 78
25 8 10
31 94 87
94 29 76
86 64 31
2 9 91
28 74 47
20 51 66
93 6 72
53 78 97
74 79 92 3 53 97 95 80 84 13 22 93 62 28 66 89 82 19 18 78
