1000 10
1 783 75
783 505 37
783 499 28
783 893 7
783 319 65
319 12 36
319 374 75
505 752 94
1 445 31
783 612 26
783 454 88
1 430 32
319 659 91
1 552 97
612 219 32
219 839 86
374 481 61
454 532 87
12 909 67
893 903 80
1 972 4
839 881 62
374 414 33
374 932 12
219 360 89
499 773 24
414 40 58
12 510 84
510 844 22
445 928 81
773 329 16
445 206 63
329 72 91
532 719 16
893 421 97
928 737 92
532 562 13
414 17 78
893 880 61
783 229 13
773 568 31
972 804 80
568 305 43
928 283 40
305 555 43
360 845 20
305 610 37
845 599 85
219 295 35
505 313 89
510 506 99
909 390 32
1 840 37
839 772 9
329 356 54
839 825 49
1 692 8
313 561 24
804 201 91
719 503 65
12 736 35
510 540 42
552 285 19
561 549 2
505 67 31
305 817 84
909 625 22
845 487 92
219 9 28
880 577 7
932 234 72
817 199 17
229 371 35
371 158 81
360 660 6
67 418 10
1 827 30
445 64 15
454 388 30
374 920 52
920 787 10
659 86 88
625 700 54
880 567 92
481 273 31
625 452 66
549 771 57
319 41 86
736 698 25
660 824 16
804 535 11
72 600 26
360 896 29
844 84 91
772 529 59
817 866 69
532 528 82
201 154 2
445 353 39
896 459 72
529 288 43
772 836 28
84 635 22
199 354 42
804 604 78
804 57 79
229 190 86
219 30 84
827 933 47
737 570 23
374 182 73
817 518 25
201 799 51
418 965 92
570 722 72
540 169 14
659 814 51
825 401 17
40 193 53
562 289 69
529 812 66
529 838 75
814 114 55
844 918 65
506 960 36
360 841 59
505 2 82
57 171 65
182 106 13
839 781 25
562 13 71
568 269 2
2 416 79
285 850 45
269 76 27
812 776 65
452 87 65
845 217 95
72 267 1
454 968 24
918 976 51
481 937 96
87 213 69
114 707 68
313 163 68
844 53 17
812 870 33
604 794 12
313 999 39
190 224 98
452 589 73
896 249 8
487 233 5
776 780 60
388 15 14
881 579 92
920 334 17
772 595 51
72 502 51
814 188 65
976 299 13
737 215 8
76 259 54
570 478 12
776 512 79
836 328 8
459 79 23
700 947 40
722 320 70
595 868 31
285 935 33
999 516 2
206 509 61
329 61 85
612 142 22
960 103 80
868 591 34
76 952 83
804 33 10
850 701 31
421 805 55
390 78 91
947 336 6
805 628 3
773 559 80
928 161 13
692 727 7
416 66 65
635 912 17
532 25 29
659 648 50
635 431 76
781 626 47
299 92 75
305 18 56
431 225 48
454 38 95
700 207 39
401 214 19
976 139 30
319 875 26
299 995 62
72 437 59
840 981 50
215 242 26
334 147 69
388 730 38
648 666 63
57 766 58
510 463 96
106 594 45
589 310 75
76 761 81
319 587 43
737 854 7
310 221 49
289 322 18
972 725 68
295 575 39
30 350 8
437 50 99
142 887 44
838 607 72
288 608 75
510 785 94
289 268 93
18 467 14
909 332 29
730 691 85
799 618 97
510 634 48
334 831 26
66 640 11
612 264 45
328 282 14
610 643 18
229 667 80
390 227 51
219 663 18
354 807 83
825 85 47
701 744 52
478 144 46
893 876 10
880 36 56
761 404 72
663 526 55
787 426 19
817 51 94
854 248 71
92 290 19
40 385 70
13 302 100
730 949 100
736 365 97
416 779 79
937 263 9
526 330 55
561 361 62
305 950 36
201 539 21
249 770 71
506 393 56
322 489 97
909 668 57
779 633 8
225 358 6
604 819 73
161 194 49
840 479 21
744 156 58
633 19 88
618 975 32
67 440 71
144 151 9
668 432 62
932 458 65
532 81 60
53 383 74
219 387 73
780 291 74
66 314 56
33 389 10
290 480 83
263 994 4
887 185 3
787 52 5
106 978 78
92 280 87
79 216 82
841 181 6
937 898 27
920 7 27
817 447 93
839 571 42
933 49 33
458 121 98
103 135 46
824 376 68
171 693 64
591 905 35
144 178 31
876 247 11
388 521 28
221 220 8
158 934 91
648 943 3
783 726 34
666 774 56
943 955 33
666 849 43
280 815 16
532 26 54
607 886 98
25 143 42
875 262 92
161 112 31
193 153 67
336 189 82
509 651 90
40 820 54
838 900 53
329 757 2
698 684 38
634 159 15
692 899 5
336 544 35
893 507 1
594 714 86
510 605 61
526 357 64
181 990 6
568 673 25
507 530 39
178 706 18
950 20 98
374 686 61
559 996 80
995 533 39
225 375 70
820 966 86
273 405 15
684 558 98
552 895 60
587 96 65
544 755 13
375 212 23
605 963 26
189 196 43
285 236 9
20 723 92
781 110 83
139 859 60
502 331 17
570 910 78
761 888 8
426 99 16
15 395 88
96 853 88
595 352 100
405 809 71
9 717 32
815 614 82
229 316 96
761 897 73
579 137 36
452 883 15
640 398 20
229 813 80
40 413 76
840 275 78
147 10 24
288 869 56
139 8 57
96 826 62
358 798 100
169 603 20
248 422 80
135 724 40
529 685 29
216 494 32
282 578 27
269 743 33
273 958 71
135 681 38
900 546 73
692 453 33
635 629 7
783 712 11
530 386 36
275 136 71
955 705 7
700 345 69
242 585 46
374 662 13
875 572 71
242 786 89
724 276 89
295 485 99
594 622 37
880 713 62
262 325 50
909 842 61
136 997 86
229 566 23
605 102 46
937 237 59
305 164 38
275 118 89
310 415 39
684 44 9
371 37 97
40 573 11
499 465 22
978 111 1
773 238 97
530 256 23
787 488 7
267 916 6
549 381 5
332 173 69
869 694 24
618 508 53
66 557 59
819 141 95
605 609 47
701 97 6
479 88 4
161 987 32
161 616 77
932 769 39
375 342 45
452 946 70
353 243 44
137 279 48
978 545 6
595 556 98
264 759 95
7 914 93
269 337 44
521 513 50
214 402 94
566 155 84
510 735 75
943 258 26
900 468 51
361 739 27
467 326 25
279 823 99
868 105 23
193 228 21
842 22 61
883 906 61
299 312 20
453 554 60
694 708 92
914 245 56
730 391 68
17 100 86
513 435 59
345 816 44
8 140 27
934 858 56
899 333 17
164 882 23
578 146 99
279 73 23
485 852 13
285 324 19
302 157 35
947 69 99
17 531 39
648 29 16
994 915 97
151 929 47
546 867 64
415 901 68
151 311 63
836 715 44
868 423 77
269 28 74
552 90 61
22 166 38
229 632 30
722 584 9
437 984 86
13 764 94
467 34 64
950 443 29
350 627 14
503 347 19
735 927 20
290 450 70
960 48 61
178 611 64
997 412 31
867 741 15
786 486 36
668 543 16
238 672 12
249 3 33
719 410 82
393 250 72
604 689 39
443 470 58
757 907 78
61 70 80
629 623 14
825 621 30
929 462 13
414 211 14
305 590 34
30 682 87
562 208 36
736 251 38
15 349 30
963 601 96
545 638 48
264 205 8
322 863 19
507 115 41
238 732 45
831 372 45
72 697 20
61 16 35
607 128 20
259 377 27
776 538 79
201 113 26
185 740 67
896 961 14
70 865 85
377 792 58
976 652 80
470 974 21
224 323 34
282 696 99
739 197 32
732 872 39
836 341 69
632 265 87
559 808 24
143 168 45
140 720 78
262 210 21
445 551 85
412 93 39
302 729 46
243 340 53
827 223 65
852 711 28
276 469 86
470 877 28
662 733 20
888 179 20
729 620 39
69 670 80
546 359 71
223 335 17
625 254 98
725 192 91
356 457 74
155 246 3
224 806 28
263 756 96
236 793 81
590 287 43
691 448 100
154 802 35
711 647 36
113 894 12
616 923 12
49 47 41
212 428 67
164 749 81
625 183 97
966 397 97
533 62 55
159 198 40
733 931 59
532 369 79
863 940 62
744 942 8
844 654 42
578 165 85
50 284 49
1 306 8
361 107 38
603 368 46
72 522 8
507 294 67
499 921 1
155 5 77
863 734 67
470 497 89
20 343 55
807 23 15
487 885 91
995 492 82
632 676 64
467 956 14
611 777 13
578 255 76
397 833 72
566 429 54
105 425 98
616 241 38
859 58 87
931 679 5
405 408 81
76 6 29
571 586 64
418 420 4
774 455 17
61 822 90
306 919 2
329 162 96
573 498 27
914 203 63
194 857 43
638 665 80
322 926 40
314 409 38
906 991 82
169 191 31
333 913 38
430 394 50
221 460 54
882 449 7
783 592 89
786 617 53
756 669 3
92 490 3
586 553 22
333 884 79
52 399 81
545 187 4
7 300 79
443 446 97
853 742 86
975 791 22
737 687 90
262 751 76
386 43 75
57 327 68
737 200 29
158 563 4
328 120 72
741 119 12
898 796 71
229 716 9
215 172 51
236 763 74
697 138 56
594 472 89
867 598 53
826 795 67
785 54 85
956 655 88
223 45 75
508 131 26
662 4 26
905 94 38
1 564 35
952 303 94
595 396 90
211 541 11
590 444 65
842 658 21
716 637 57
626 515 64
676 645 75
194 574 2
415 266 24
627 101 21
67 656 47
561 856 5
92 373 75
335 519 73
459 344 43
237 664 17
138 641 19
662 846 77
463 688 62
507 406 54
397 904 10
326 775 31
193 649 51
190 501 46
470 606 25
897 917 75
373 718 64
844 602 47
242 957 26
643 59 50
251 439 89
208 451 52
51 226 44
501 297 42
708 427 77
86 800 78
273 338 16
340 748 73
823 222 92
543 636 43
974 889 87
36 878 42
783 542 49
701 860 91
554 911 64
685 843 93
723 902 9
884 861 11
114 973 72
836 253 12
842 362 100
903 762 37
518 520 49
251 174 33
44 240 30
330 548 11
963 862 44
221 177 70
33 576 93
562 379 69
882 983 4
17 988 59
833 442 6
503 32 16
561 80 26
850 366 29
600 104 17
622 308 91
222 384 26
856 536 9
313 864 98
878 400 23
64 993 71
8 644 37
266 476 5
37 944 22
856 474 66
896 434 72
770 511 6
552 134 4
428 281 67
254 789 55
284 989 96
196 746 51
381 790 20
144 834 28
538 232 30
872 230 61
33 948 94
656 68 67
698 277 54
824 370 10
707 339 72
526 286 94
439 496 72
103 355 7
673 709 80
929 514 76
207 832 10
66 195 48
289 89 89
862 304 49
51 42 28
297 747 70
506 624 10
512 346 23
841 588 23
268 482 33
742 925 69
467 593 71
834 982 74
558 1000 82
926 436 42
940 124 80
577 677 87
7 683 31
912 525 57
857 784 93
526 782 44
783 962 57
599 986 97
949 829 67
18 811 15
230 830 18
314 661 29
446 483 75
901 27 17
64 801 59
590 14 64
808 149 61
983 419 68
529 615 26
372 939 26
480 180 59
852 270 84
942 951 73
869 565 47
591 301 3
689 122 42
533 504 96
655 351 60
538 378 75
611 855 29
697 364 38
665 500 22
20 117 94
645 550 94
801 35 16
893 466 41
445 293 40
376 821 90
297 71 55
192 160 3
498 959 100
660 828 77
635 204 17
299 547 68
518 477 64
502 703 76
248 582 88
839 75 51
366 969 38
846 438 4
469 760 15
490 671 79
1000 938 19
246 175 17
505 433 7
918 908 82
221 74 66
224 473 53
256 176 46
62 837 25
430 456 16
716 91 62
450 953 48
458 941 88
7 873 60
359 964 42
799 675 86
112 252 79
593 653 40
338 980 80
774 471 18
6 11 4
229 148 72
66 109 17
904 680 29
643 613 30
387 650 44
359 424 51
887 596 6
681 985 80
498 202 32
172 738 90
862 524 92
379 407 24
188 274 67
223 992 81
302 348 64
573 998 66
632 765 92
501 851 56
280 778 78
850 977 68
977 152 79
308 788 64
593 810 59
61 642 53
914 108 67
176 292 58
110 46 14
649 922 45
53 218 35
782 537 15
364 619 60
47 21 37
58 244 66
757 31 27
86 239 28
72 145 16
575 403 63
90 891 42
682 754 25
858 930 14
478 631 87
14 24 4
247 523 3
409 560 31
831 768 24
240 125 88
638 871 77
177 704 91
884 597 16
238 77 36
972 83 11
998 581 1
263 721 81
528 209 50
689 95 87
578 231 99
957 678 86
48 82 25
777 126 2
876 890 77
458 367 100
275 847 13
428 411 40
75 296 21
834 484 71
739 130 1
906 517 59
352 803 58
431 55 94
595 382 96
151 835 73
504 309 5
928 272 48
439 321 98
609 534 83
282 657 79
346 298 90
890 417 61
298 307 45
223 271 35
393 39 89
197 150 100
597 493 40
705 745 37
190 646 67
648 580 65
283 753 30
62 184 97
217 129 49
504 630 78
455 235 71
68 315 17
420 979 98
20 699 40
373 261 10
345 380 61
336 924 13
554 317 96
563 170 68
805 363 36
666 392 16
180 970 24
410 954 72
604 818 73
483 639 17
881 257 55
134 56 10
349 731 99
538 127 51
271 936 53
542 527 16
455 767 61
158 583 24
383 695 83
248 674 88
276 278 76
831 167 74
789 797 99
868 475 71
402 569 69
603 945 25
145 132 27
782 879 97
380 758 94
758 728 67
411 464 11
464 98 11
584 63 14
143 461 79
666 318 77
734 702 19
475 874 72
247 116 3
482 260 89
365 971 45
290 495 65
505 123 84
415 186 55
40 65 19
394 441 32
211 750 46
493 710 72
609 690 17
225 491 93
768 133 85
510 967 65
469 848 73
25 60 47
480 892 58
975 602 227 522 647 869 973 436 177 302
