1000 20
1 771 14
771 626 3
771 386 5
386 612 54
626 11 12
626 73 44
771 787 60
787 410 87
386 310 90
1 946 35
73 697 94
410 607 49
1 483 74
626 253 71
697 269 99
607 366 23
607 331 90
1 278 12
410 897 97
11 8 74
626 526 74
410 498 66
612 467 8
897 383 80
526 778 57
787 754 92
483 2 50
467 17 42
483 924 82
386 425 16
253 764 96
626 81 95
626 326 15
764 672 31
946 681 75
764 352 71
754 774 72
764 85 81
410 337 91
697 549 79
774 770 77
924 670 1
366 965 13
483 619 100
483 442 9
85 338 77
337 16 57
946 729 90
754 769 29
526 484 34
787 168 76
965 984 3
770 542 43
754 412 30
778 914 46
681 149 84
770 940 30
467 220 99
467 211 81
769 190 88
11 743 16
770 832 94
924 949 39
253 469 96
17 790 6
607 108 73
771 547 89
85 137 32
269 23 9
670 313 68
442 499 72
697 562 79
787 552 91
484 691 47
499 18 26
770 521 61
764 43 1
787 372 66
754 794 40
607 333 57
211 734 45
211 797 30
366 261 56
137 92 16
168 858 77
1 155 22
670 828 38
612 210 53
771 855 29
278 406 100
190 730 36
965 250 100
155 174 17
797 420 27
797 296 29
832 252 4
386 195 16
729 937 58
734 385 97
562 722 88
92 156 7
190 805 73
352 870 61
210 173 73
619 863 75
940 583 96
156 719 35
420 478 97
366 260 11
250 50 10
828 203 10
478 741 15
338 737 98
965 266 48
296 550 96
754 435 71
870 844 48
410 961 99
484 964 19
484 391 97
547 682 46
730 144 54
484 415 38
23 585 34
383 739 25
250 124 90
681 974 59
585 351 10
681 307 28
331 91 54
550 835 44
415 580 30
946 871 18
844 703 51
562 689 50
412 755 32
949 47 43
670 265 26
914 464 86
425 559 80
11 45 57
619 505 95
406 775 77
607 555 23
338 214 14
386 198 32
8 180 3
607 431 52
670 126 88
771 177 59
583 273 52
863 75 83
844 21 26
914 218 74
425 375 22
92 972 73
174 760 77
607 932 92
739 399 23
739 371 62
21 518 45
984 912 97
498 826 5
375 648 70
174 587 53
770 222 32
435 361 21
260 724 98
385 500 25
626 853 61
912 133 79
250 561 75
626 234 51
964 26 60
937 322 84
391 821 61
149 676 65
210 527 27
124 1000 8
974 645 64
821 849 28
144 720 64
550 644 12
729 846 98
144 187 35
769 788 85
269 492 42
253 702 19
47 341 77
410 460 17
729 860 51
156 616 39
383 387 38
265 866 36
331 663 65
697 65 9
518 597 98
739 470 95
937 625 36
860 971 49
177 115 1
681 783 86
155 899 44
846 105 86
218 966 87
769 799 31
702 991 83
156 840 4
549 829 38
341 951 22
2 802 91
774 482 97
260 909 54
966 895 1
313 935 35
526 901 63
385 443 39
156 590 29
352 508 56
187 652 54
73 604 20
991 831 31
385 388 57
500 299 26
897 979 25
645 892 48
764 906 29
729 215 7
307 58 36
478 165 74
261 593 12
860 176 57
331 31 88
552 417 84
769 956 55
333 785 89
702 945 72
831 271 28
385 311 56
383 642 75
737 46 4
46 317 47
484 323 66
971 194 65
670 674 64
518 543 75
561 898 78
866 653 77
587 426 20
211 67 11
391 106 48
946 196 100
194 721 73
412 274 99
261 243 36
619 757 61
774 224 47
555 188 22
492 320 64
443 241 17
722 544 75
425 800 5
252 990 73
521 569 68
194 602 92
846 305 23
133 780 81
260 373 10
180 29 53
310 727 34
956 264 85
770 346 78
863 841 4
406 54 94
387 696 36
307 76 49
243 723 100
730 698 66
783 298 86
585 213 21
47 3 15
26 936 68
912 823 16
252 810 53
794 617 37
467 230 7
932 79 35
547 245 3
17 833 34
296 877 9
417 184 6
299 240 35
835 63 14
924 13 33
757 512 36
252 868 81
737 638 99
787 293 50
956 925 25
21 851 86
719 765 43
274 453 33
67 419 80
590 134 66
269 491 82
3 227 86
250 563 35
512 141 96
218 818 71
508 661 51
720 452 85
372 405 9
452 556 79
518 680 1
54 90 15
271 254 67
491 319 83
580 437 33
682 767 85
195 915 79
526 656 24
616 533 5
173 473 88
899 233 9
871 255 31
604 429 65
310 859 90
653 259 54
155 695 86
778 284 74
841 928 44
550 584 56
561 977 90
681 643 44
137 575 37
156 414 92
240 712 90
898 35 73
695 344 99
3 588 36
543 793 41
696 321 100
722 350 28
141 446 2
936 605 58
607 654 12
18 99 67
590 189 31
966 95 6
467 118 82
721 707 48
580 615 6
214 838 72
273 941 66
254 38 11
299 277 2
770 41 56
661 209 85
794 538 53
945 258 47
211 302 16
737 199 64
895 122 76
737 589 90
859 522 72
561 566 27
755 913 95
826 246 59
352 655 61
26 933 87
137 312 29
298 627 26
218 789 41
63 360 19
420 705 99
500 751 7
284 938 23
261 427 48
799 459 68
785 382 83
269 192 59
453 843 61
371 551 92
654 921 22
43 710 95
122 297 76
720 52 100
173 143 60
870 920 63
723 536 36
75 61 43
338 82 79
199 140 64
437 287 68
361 762 67
765 958 25
619 931 59
703 857 82
721 249 56
899 30 6
892 413 11
222 456 25
800 392 34
350 609 1
176 830 14
176 147 12
853 276 31
209 489 25
255 963 69
928 39 81
391 471 42
250 815 64
810 163 42
1000 129 53
435 942 49
420 814 46
914 379 43
410 825 73
771 629 6
555 686 75
442 664 13
391 355 79
492 798 29
857 64 41
431 678 95
912 852 35
607 223 29
936 121 91
652 72 44
469 970 66
913 622 5
180 205 54
663 509 86
47 988 23
843 150 51
841 953 14
829 356 88
249 212 10
73 494 94
413 42 16
757 161 74
52 520 27
583 272 100
619 432 24
420 873 64
469 411 38
92 545 4
388 166 15
832 717 69
920 32 32
351 207 39
741 22 86
209 503 88
569 153 93
831 745 96
180 753 73
344 219 9
895 291 74
680 354 20
821 496 7
129 238 38
233 999 2
605 592 88
250 735 82
176 369 6
284 477 79
638 100 61
312 439 73
108 393 10
757 540 84
106 715 24
551 699 77
580 395 59
697 340 96
153 262 99
661 706 64
184 185 99
406 998 80
593 98 81
588 251 45
743 546 77
757 358 33
569 142 90
439 384 88
419 37 73
859 309 55
420 208 79
317 732 32
589 282 33
755 447 18
176 376 81
840 632 70
672 160 98
972 14 16
609 926 62
75 400 68
464 175 87
979 943 75
72 330 9
544 109 75
384 822 85
413 229 29
970 441 12
350 837 4
137 49 90
29 408 74
648 657 6
305 389 49
695 86 44
821 997 85
392 983 29
243 624 42
853 539 7
459 603 91
46 651 82
841 854 100
150 704 47
195 221 81
990 77 91
432 856 54
413 434 58
727 145 2
192 70 74
998 996 70
854 919 71
503 257 73
545 294 61
938 628 13
477 613 34
689 981 86
156 634 73
252 650 32
251 481 64
469 658 80
118 353 49
245 123 89
909 146 64
165 576 72
185 4 97
984 232 5
250 776 98
155 733 65
655 978 42
732 905 77
420 517 84
822 666 41
704 809 98
42 816 78
124 486 37
276 370 70
389 394 42
185 462 94
924 357 52
153 709 41
456 850 10
299 336 14
293 756 73
787 606 69
949 201 59
149 398 93
563 182 10
822 186 2
932 378 58
124 954 23
265 883 88
859 169 30
142 117 53
13 374 34
984 792 91
147 930 52
921 889 75
617 167 11
920 304 47
389 660 66
613 564 27
413 158 51
259 568 91
787 172 46
253 993 82
494 623 93
970 611 63
539 714 51
958 488 48
550 131 19
269 19 14
35 128 42
650 68 88
826 236 88
550 708 34
815 135 91
859 987 62
856 896 47
500 335 96
940 878 52
789 842 63
757 959 50
447 524 70
272 48 92
788 578 88
86 9 12
868 688 32
92 947 41
426 962 9
16 69 57
802 510 32
227 839 54
350 875 91
859 985 98
966 181 96
333 62 66
962 766 49
697 668 35
704 671 67
622 193 40
232 465 87
536 786 59
658 718 55
959 244 41
741 93 31
653 995 57
897 448 95
802 506 7
839 380 9
935 12 74
850 444 9
644 567 14
105 869 55
399 573 27
167 973 77
602 381 31
375 216 68
668 403 85
211 929 39
264 178 37
826 537 26
141 286 83
547 422 2
868 894 61
546 812 49
287 71 18
304 806 74
317 881 65
580 731 34
926 684 4
92 436 61
488 599 25
997 758 22
915 84 3
287 673 90
447 608 81
297 917 36
797 487 92
658 343 56
833 44 51
587 639 86
109 548 64
75 596 55
399 968 90
719 226 71
326 579 98
371 565 27
192 752 12
932 507 87
224 939 13
607 120 56
958 595 95
583 948 60
49 594 80
691 502 38
452 228 22
863 761 54
810 636 34
333 74 64
816 749 97
802 103 68
238 440 70
381 225 72
196 884 47
776 152 98
661 795 85
240 692 7
471 231 96
540 640 17
284 449 84
8 458 8
13 759 29
420 179 93
717 157 22
482 318 88
86 113 43
569 237 15
898 363 54
210 558 44
966 377 95
269 911 62
18 27 45
453 528 63
481 170 86
29 162 18
856 862 37
931 349 78
943 669 91
919 801 30
578 364 78
323 630 33
963 263 76
389 675 83
972 480 37
380 94 32
482 782 70
799 239 14
799 980 13
658 880 58
931 36 59
255 279 70
26 893 53
542 557 11
703 423 69
380 342 6
37 97 60
273 51 18
765 348 88
913 716 68
962 7 82
26 407 7
144 683 44
184 614 69
913 247 100
875 530 5
98 191 54
985 994 4
436 367 25
349 952 100
480 171 57
835 744 91
964 275 46
133 908 7
299 819 11
293 700 9
983 476 26
205 20 95
958 347 38
406 560 29
478 903 89
991 300 46
344 511 59
223 807 99
622 270 18
627 345 28
739 514 58
231 438 46
819 80 29
407 132 88
486 685 78
317 428 83
128 288 14
442 742 76
729 647 92
526 781 40
764 183 40
343 513 26
821 768 90
120 677 34
165 139 26
760 791 33
624 451 83
543 151 38
218 582 29
822 475 54
819 515 76
434 472 13
856 202 17
783 646 91
812 811 95
993 474 92
91 687 19
12 726 85
494 633 44
506 581 14
623 900 34
351 740 56
19 114 23
510 738 31
18 746 73
419 577 62
311 416 72
246 600 36
205 493 18
545 879 48
952 316 8
511 433 50
49 368 59
821 525 33
247 25 7
117 283 75
371 779 44
124 554 60
674 553 26
823 848 73
524 618 74
39 747 45
366 950 64
218 975 85
82 164 10
726 421 96
447 836 71
237 803 46
605 292 83
331 601 84
771 902 27
917 763 34
224 874 40
489 910 40
946 5 35
664 529 15
385 306 98
122 116 4
648 83 43
518 396 93
441 572 21
375 40 24
205 523 37
543 457 24
560 15 98
509 944 65
526 33 69
801 728 98
640 923 42
487 96 76
522 570 100
453 694 35
939 430 1
771 693 61
305 327 79
848 888 98
566 206 45
425 808 93
984 339 41
158 280 56
844 847 27
121 891 13
124 772 17
115 466 6
727 397 50
252 541 86
790 967 71
460 796 50
912 289 11
420 365 17
236 200 19
695 268 39
221 56 86
559 53 48
74 989 51
832 621 15
602 665 23
185 10 76
779 28 41
259 659 53
456 256 15
23 620 44
653 130 11
940 303 60
980 904 7
190 404 9
597 328 42
320 773 40
222 534 29
643 813 57
987 409 94
426 586 61
796 485 2
35 824 10
15 6 69
774 107 37
416 992 1
786 242 72
476 867 76
822 119 83
989 402 58
677 308 12
628 138 89
678 314 30
213 969 42
38 777 100
170 24 8
338 519 2
742 918 48
72 501 4
739 690 25
570 112 51
607 885 23
639 876 87
10 34 4
386 490 84
9 87 11
234 332 12
266 148 98
383 711 20
135 845 26
778 535 77
145 922 31
693 955 94
349 571 92
737 248 45
416 301 40
346 598 93
929 927 20
923 59 64
668 235 100
413 57 36
278 110 94
161 468 13
720 784 39
27 976 33
719 204 3
241 834 48
691 455 90
515 78 10
190 450 42
993 102 49
879 864 1
536 986 47
18 907 73
921 882 95
52 679 9
297 104 38
919 635 28
435 463 44
696 329 34
836 55 81
859 610 36
491 66 68
430 325 73
452 461 57
128 574 83
793 127 100
118 957 99
700 887 54
831 637 8
81 662 46
824 872 29
121 418 69
781 217 86
366 136 73
35 748 39
976 865 55
739 713 37
86 111 50
190 631 51
964 516 27
397 445 15
264 886 67
367 334 24
383 60 35
128 817 20
485 88 98
98 982 68
755 390 8
874 101 29
910 736 71
548 295 89
953 916 44
30 667 99
811 750 85
14 324 2
33 362 33
141 725 89
81 890 81
994 504 70
938 960 94
856 479 52
189 197 41
410 591 60
996 861 71
472 827 31
349 267 6
352 820 70
364 495 95
614 125 93
782 281 16
222 532 95
938 531 15
316 290 98
128 497 47
520 159 66
367 804 8
383 315 35
314 424 35
738 934 99
532 701 34
336 649 50
240 285 52
414 154 40
444 454 38
361 401 29
60 89 82
612 641 52
500 359 58
518 405 184 166 264 26 587 55 934 801 411 106 525 149 152 449 806 232 935 942
