1000 100
1 216 26
1 749 46
216 24 40
216 327 53
24 928 86
24 128 10
128 380 35
24 245 39
128 962 73
128 913 22
245 437 87
128 544 19
216 114 65
114 463 42
216 403 2
1 467 56
216 625 63
467 145 46
544 369 34
962 756 43
756 297 77
216 658 66
24 885 44
467 730 52
403 31 43
1 498 80
128 598 44
658 368 100
544 740 98
913 134 96
913 324 57
134 241 77
885 911 55
598 404 73
625 5 75
128 665 58
5 232 71
740 691 14
5 295 32
665 784 81
295 484 94
665 270 59
730 69 63
740 795 96
665 584 98
740 894 62
740 273 98
962 906 25
756 585 63
906 984 92
484 989 16
962 168 39
962 983 77
368 617 51
327 549 21
145 547 85
128 364 43
31 214 2
544 710 1
740 874 68
547 551 93
691 419 56
691 37 18
710 858 94
128 357 81
31 250 20
114 488 87
270 497 33
488 554 63
730 759 22
297 294 65
911 719 1
874 416 53
554 165 64
549 852 51
69 643 56
1 468 12
404 706 37
404 558 43
962 19 65
357 841 67
617 413 22
658 223 95
911 847 67
368 972 40
5 411 95
297 821 50
413 850 15
795 262 49
1 803 7
962 23 14
585 174 98
551 745 25
5 117 58
983 898 15
411 993 45
403 930 59
898 100 38
324 671 23
547 476 65
174 240 96
847 71 69
665 683 54
23 424 99
245 39 14
756 681 4
262 474 71
756 540 55
270 527 86
424 431 17
584 690 39
497 876 86
745 922 78
858 351 5
841 590 31
497 428 65
852 526 27
327 877 75
1 349 20
174 289 37
526 18 82
134 950 63
380 251 93
357 942 98
134 195 34
23 33 35
894 522 26
295 539 24
681 211 94
962 888 6
847 389 48
114 698 3
730 93 58
327 412 58
273 483 54
841 308 62
24 443 86
33 271 86
527 826 46
351 604 13
483 728 100
874 124 6
658 480 18
241 735 79
488 388 60
885 774 39
930 226 57
906 486 84
413 138 22
174 12 91
145 724 87
544 53 9
270 660 33
31 871 6
419 679 80
297 579 60
691 806 16
71 432 55
730 127 97
168 742 48
12 387 20
745 924 14
474 966 79
665 63 41
774 612 90
885 957 26
924 817 88
232 385 3
749 309 31
691 664 49
858 352 30
480 377 92
922 450 24
690 337 82
774 28 30
368 99 27
690 45 67
297 616 76
1 361 88
403 776 48
498 152 99
174 940 56
24 189 10
413 181 57
404 36 71
165 51 53
309 561 16
885 566 45
138 426 41
368 915 62
940 666 59
724 66 70
522 965 31
566 505 21
590 722 12
549 646 99
871 897 92
368 383 100
165 992 17
540 167 92
424 736 65
23 606 86
18 460 91
463 517 23
12 726 61
241 85 4
736 408 76
368 596 96
37 101 21
522 677 77
324 576 88
431 699 95
821 518 33
898 831 84
566 685 54
950 956 87
596 711 23
606 225 51
167 469 7
63 692 96
424 382 61
117 186 37
387 60 24
295 762 43
289 206 100
681 96 80
874 678 97
31 739 17
165 945 72
554 56 82
784 162 79
547 814 95
100 601 93
51 451 65
616 182 22
460 624 17
814 905 63
53 54 18
467 504 37
437 48 33
469 662 34
831 345 26
858 77 38
114 371 64
549 481 94
706 846 86
377 822 13
685 487 24
894 381 29
262 111 55
922 492 52
225 714 83
352 731 76
54 43 51
114 75 16
803 918 51
51 166 47
77 680 32
711 285 69
351 268 97
497 204 39
28 334 37
924 21 66
5 843 60
28 686 52
51 866 47
549 317 37
181 867 68
739 224 85
905 67 27
273 732 52
167 767 54
75 318 4
950 990 87
719 799 31
431 853 38
585 328 17
942 626 76
165 707 86
799 362 79
18 655 2
53 471 43
930 741 9
224 827 54
616 855 79
488 779 98
551 193 9
779 635 81
225 939 35
33 887 36
942 16 1
211 809 37
167 976 100
843 615 2
624 126 100
683 338 26
36 151 8
426 837 90
167 621 30
124 417 62
195 220 75
913 129 38
612 400 9
928 998 98
351 441 36
468 828 11
740 875 11
186 515 5
866 183 63
918 758 50
660 974 38
270 747 14
544 332 95
554 464 14
852 333 50
134 445 83
152 258 85
124 775 10
186 86 42
380 533 39
711 986 45
71 594 18
986 994 51
328 81 68
784 772 32
51 61 79
686 10 44
539 647 67
419 948 52
382 489 65
75 321 58
345 455 29
412 952 71
294 599 38
871 600 97
321 883 46
983 409 80
795 436 47
767 713 88
601 236 47
268 514 31
220 205 41
735 472 74
888 613 63
327 439 42
428 41 25
93 970 25
241 793 44
749 401 43
888 479 60
489 358 60
533 156 84
876 477 19
962 456 72
817 30 96
225 55 77
739 293 48
615 620 51
24 340 79
53 94 97
646 743 91
424 768 70
36 577 78
487 969 62
942 781 45
993 595 10
658 194 29
762 729 46
85 751 75
474 244 5
918 176 40
876 40 47
389 667 54
40 546 59
841 392 9
411 452 52
33 112 27
646 591 17
976 835 86
436 980 75
547 125 3
990 529 86
594 120 81
51 578 30
181 703 100
183 744 76
604 608 19
939 868 77
647 170 18
957 454 3
327 283 93
39 406 28
784 229 27
768 700 27
566 697 75
751 605 93
894 287 90
952 197 60
710 654 61
170 766 77
181 230 75
994 365 3
749 106 26
117 203 16
232 712 18
41 25 73
700 143 24
380 912 81
775 791 96
112 433 65
855 438 61
554 135 51
114 209 39
441 142 23
433 644 99
479 157 15
875 448 3
167 582 18
392 461 95
229 292 22
251 675 4
408 552 74
37 815 46
930 89 33
526 684 13
540 506 67
547 141 58
168 702 26
419 820 78
225 777 99
285 370 99
847 26 54
209 1000 29
452 652 32
803 861 56
209 398 39
930 312 51
724 423 90
114 491 18
986 569 41
189 307 70
411 465 7
60 202 75
522 935 76
539 218 32
751 277 84
362 192 39
63 495 87
352 668 60
729 180 94
962 900 76
167 750 26
874 555 44
795 316 74
719 696 88
39 243 95
544 379 24
292 524 84
871 583 84
433 177 5
905 70 37
245 290 2
775 199 25
358 597 45
385 673 58
544 765 51
585 864 23
283 149 11
408 136 94
590 237 31
551 991 1
767 553 37
448 568 77
552 429 25
127 213 83
308 792 27
61 863 69
655 339 97
361 910 68
555 733 29
170 708 84
594 427 10
994 511 58
722 636 75
12 159 7
646 212 31
60 757 81
974 420 86
479 783 92
370 459 17
416 172 42
41 921 49
885 753 75
533 196 4
21 536 90
370 131 18
241 32 15
124 247 30
54 890 50
203 987 27
597 123 61
665 296 18
827 386 28
498 272 98
93 284 16
202 589 97
989 995 61
40 160 68
416 373 41
750 215 80
10 548 6
809 155 7
757 304 80
924 256 96
679 610 41
170 378 89
424 955 82
389 300 94
135 516 13
724 550 28
75 108 9
511 485 85
945 534 20
176 144 7
232 261 26
373 208 95
635 785 39
566 797 55
644 47 89
666 917 98
713 811 75
863 954 34
328 281 48
730 372 66
138 265 70
241 267 87
768 79 21
182 571 99
112 266 27
287 933 4
389 280 95
584 38 36
93 773 3
675 97 2
215 919 44
536 886 24
111 672 89
730 311 26
861 336 35
124 943 47
577 288 88
806 570 35
835 525 61
698 291 51
250 614 42
571 926 91
610 896 8
202 257 73
19 949 20
700 82 53
349 801 78
39 405 32
666 399 84
31 889 6
381 153 52
123 80 26
181 353 89
400 59 50
427 227 97
12 148 88
21 761 59
712 805 30
921 13 8
372 709 28
452 701 29
143 581 41
956 390 59
722 845 23
940 92 33
817 640 63
75 414 32
417 104 75
756 326 100
776 586 21
45 532 77
785 639 90
40 310 89
913 500 52
876 347 73
500 173 74
403 603 10
13 475 58
681 723 90
291 50 61
145 562 60
773 854 58
165 274 64
134 618 15
532 107 61
412 510 15
399 833 94
922 936 23
469 187 74
416 233 30
655 769 5
837 442 99
864 694 69
167 87 86
145 901 89
864 938 83
261 567 73
569 824 95
79 951 77
510 840 55
54 718 95
854 882 25
742 836 24
351 715 73
194 73 72
736 542 95
413 832 57
336 968 94
213 478 2
41 996 86
428 342 28
911 133 93
54 880 12
459 306 40
67 629 95
697 979 28
32 473 14
480 221 80
224 925 50
993 870 38
450 62 6
37 816 1
401 865 25
726 9 90
43 276 76
128 17 19
373 109 47
962 651 8
540 446 98
652 219 50
948 810 45
709 348 85
486 15 33
87 960 99
722 161 17
861 434 7
349 812 19
722 738 36
863 663 5
463 543 73
733 502 4
353 907 36
463 34 55
591 20 11
809 656 93
358 3 48
160 519 41
497 248 99
643 813 49
816 669 58
373 641 36
624 305 38
70 190 76
87 531 49
436 188 2
446 717 64
15 260 17
432 396 58
569 482 45
426 923 78
824 146 32
928 687 26
400 185 62
107 210 48
526 904 24
792 689 26
594 609 25
487 778 65
840 330 88
167 115 84
784 884 90
709 963 97
809 521 98
484 860 32
515 670 25
516 892 31
522 350 39
747 303 31
389 538 84
211 695 61
183 564 39
551 977 70
183 782 100
863 895 67
741 563 3
668 720 79
380 49 48
133 982 2
177 941 32
452 35 91
149 83 94
615 786 16
327 508 29
677 818 83
204 22 80
935 927 24
477 588 80
750 169 33
544 953 31
887 179 18
939 704 100
747 574 76
416 929 75
913 397 48
925 499 62
905 650 67
250 158 58
711 796 39
183 879 84
168 222 55
922 343 68
75 607 33
751 932 74
596 139 78
741 200 19
192 575 88
629 834 96
992 648 69
782 934 44
193 556 28
294 645 5
736 676 12
309 2 28
726 150 52
439 121 74
919 520 26
365 754 35
378 830 40
517 764 79
636 572 64
824 632 16
732 140 67
938 154 71
777 286 81
31 619 54
34 137 71
814 593 54
896 110 72
476 255 35
81 748 43
170 384 81
487 64 1
671 734 83
112 999 75
549 557 8
436 228 10
923 823 94
982 375 86
306 682 15
138 787 77
600 493 26
846 264 78
590 859 84
228 653 11
120 239 24
63 113 30
111 322 77
986 367 70
666 425 73
424 661 72
655 462 83
787 102 7
176 122 61
378 269 91
274 631 10
96 46 48
272 42 18
546 721 65
427 798 26
595 354 23
717 755 32
211 602 4
608 909 33
308 512 19
332 771 17
991 794 88
940 760 74
777 737 78
169 973 39
304 98 14
909 849 87
428 630 35
432 937 89
595 881 8
77 263 78
948 72 66
372 238 33
540 171 20
831 175 94
238 903 73
307 132 31
71 457 65
934 52 7
712 147 43
438 278 14
896 320 44
896 344 20
336 298 7
21 235 29
612 535 78
431 509 48
982 746 66
485 435 16
264 184 97
701 246 27
720 418 74
950 346 33
170 537 13
973 207 84
290 978 35
618 376 14
412 727 100
271 565 8
481 421 45
373 693 23
753 659 93
271 530 68
771 444 50
570 560 47
558 839 43
719 908 18
59 790 29
287 57 6
585 802 93
563 356 100
694 851 89
146 355 58
713 242 98
408 501 45
951 4 53
142 958 67
582 14 89
418 393 7
42 899 69
62 118 87
690 302 25
403 282 80
665 856 59
718 528 50
795 807 30
586 494 30
771 503 15
401 279 58
294 808 4
871 838 58
932 622 73
687 947 4
235 449 58
330 627 51
839 944 62
278 541 90
480 848 46
463 842 95
904 967 9
499 971 6
955 341 93
693 130 56
215 623 74
419 496 71
778 789 18
522 862 84
615 988 3
86 825 4
996 90 49
823 716 39
413 105 95
396 198 52
577 490 100
536 453 47
483 959 90
909 513 98
536 975 40
306 829 93
99 234 69
171 611 94
190 359 42
506 931 80
799 872 68
766 275 56
868 163 41
509 422 79
38 470 77
622 191 79
295 95 28
741 391 88
445 800 29
792 407 50
318 74 89
337 780 85
980 725 8
166 961 94
341 164 6
776 91 45
806 580 12
563 323 90
189 857 98
845 11 91
825 103 1
227 88 54
93 178 45
113 916 96
947 254 25
72 430 93
375 325 91
476 642 69
225 29 54
582 252 99
849 638 91
53 366 85
828 657 47
895 315 6
609 360 45
169 6 21
444 65 16
666 440 25
113 319 14
283 76 86
401 920 69
284 981 2
513 628 55
675 329 58
697 763 88
246 68 71
629 844 3
650 819 80
497 458 80
32 395 44
60 985 85
26 878 73
977 7 90
467 259 13
599 119 68
127 466 45
580 573 27
553 637 48
814 788 20
570 507 93
339 116 64
298 447 36
590 649 70
408 314 14
155 559 5
837 997 77
104 688 77
650 902 41
929 869 97
882 410 72
260 335 54
573 8 4
824 415 66
852 592 65
738 27 7
358 752 43
796 84 24
406 231 88
839 545 45
435 634 45
139 402 62
286 587 42
28 201 69
330 770 7
550 946 91
202 914 33
976 299 98
618 891 28
290 374 87
232 523 99
661 249 53
61 253 15
989 363 23
290 964 72
305 331 56
468 301 20
82 313 37
131 44 59
842 58 46
327 804 74
898 78 47
29 217 32
3 394 94
862 705 59
146 633 55
836 893 76
381 873 2
632 674 87
190 141 971 816 646 918 685 618 11 302 760 210 675 541 396 61 878 505 150 934 752 397 915 8 680 342 6 400 176 820 670 937 837 772 588 767 266 183 74 540 240 640 822 592 714 805 580 612 740 743 698 154 56 484 85 641 55 160 748 386 916 67 238 48 374 32 939 538 994 170 990 148 416 371 622 720 522 611 551 285 30 962 621 798 831 778 279 569 398 94 83 716 464 884 260 917 587 969 856 413
