1000 400
1 869 92
869 143 23
143 811 80
143 384 67
143 849 69
849 986 23
986 530 21
530 905 87
530 756 26
384 524 2
530 762 71
905 907 2
143 788 60
530 197 56
524 140 77
384 147 34
788 331 38
331 281 30
524 328 43
147 451 12
384 459 32
905 733 10
147 738 18
147 131 71
331 434 41
140 923 7
143 496 97
762 754 45
434 744 71
459 95 13
524 352 5
788 911 18
733 289 54
811 644 63
434 834 96
143 162 6
162 859 61
923 796 82
289 79 63
738 921 20
907 101 76
147 633 19
459 940 38
143 609 79
921 163 67
459 610 59
101 704 89
905 555 16
754 35 28
754 656 89
907 703 53
744 206 53
644 547 61
459 106 42
197 448 90
921 640 30
524 387 39
703 906 88
986 268 15
331 951 89
986 629 9
555 248 55
609 720 27
744 495 91
906 898 100
898 520 28
131 781 25
530 426 68
131 300 18
796 13 12
704 74 70
921 83 75
940 833 93
788 892 40
986 652 79
74 217 39
434 571 79
754 257 89
496 404 14
524 948 63
833 202 62
788 388 69
131 165 74
754 659 75
388 337 97
202 360 1
248 91 31
13 313 78
495 436 88
426 910 81
869 939 49
95 223 57
796 510 15
910 531 35
83 837 80
754 43 45
140 18 39
74 377 31
163 296 2
387 586 54
629 605 47
833 878 16
451 851 80
609 439 3
905 604 13
986 307 36
644 616 53
905 706 39
248 308 41
337 718 47
788 957 22
143 141 65
197 671 56
878 958 23
986 38 56
939 164 7
781 962 33
869 325 83
671 139 18
604 7 82
404 252 68
547 53 95
756 590 62
164 85 91
257 736 10
796 583 26
878 302 80
605 519 95
704 94 88
404 283 96
360 416 49
605 71 50
143 901 27
387 846 49
451 49 17
360 992 77
352 321 100
586 160 61
43 40 8
13 241 66
948 122 40
754 78 52
733 917 84
197 500 57
706 767 20
496 158 19
583 244 57
328 462 1
352 780 99
780 51 78
162 99 32
656 182 56
906 400 29
901 477 95
656 538 66
404 442 5
892 398 55
917 770 27
644 419 58
49 920 61
360 103 39
281 984 97
496 584 98
519 264 30
416 807 50
40 59 16
524 57 14
644 576 63
313 875 86
426 465 30
307 979 21
869 597 60
147 200 45
756 8 12
302 207 73
43 47 31
337 648 55
911 452 11
200 886 28
979 683 1
74 455 51
616 11 10
583 189 38
940 242 10
780 146 33
164 578 77
448 864 76
207 896 79
85 938 26
99 443 74
920 315 66
43 695 65
683 598 35
586 466 25
583 929 19
920 22 91
313 33 92
744 480 37
103 298 23
163 356 55
94 263 36
217 178 59
704 5 23
182 512 30
197 967 31
103 254 49
590 100 12
35 192 20
452 931 44
140 62 60
38 970 72
33 665 35
434 853 49
695 913 95
207 265 68
147 212 78
252 908 36
604 765 65
629 947 77
849 987 57
182 803 1
360 335 6
7 333 74
455 393 10
908 862 25
85 293 31
892 843 22
512 989 11
393 506 87
530 402 92
510 306 58
754 961 8
648 527 9
298 476 2
803 250 70
146 600 95
335 622 67
917 614 86
706 186 81
293 391 9
780 897 67
302 922 2
733 866 4
979 679 9
83 21 73
807 432 48
609 663 73
268 353 75
248 490 31
989 69 21
896 772 38
62 482 22
164 900 18
921 45 96
353 475 53
530 278 56
811 334 43
95 717 10
597 692 72
321 741 41
590 983 21
18 672 27
762 526 95
907 29 77
616 17 81
353 154 77
5 982 63
400 32 74
527 484 56
452 361 31
531 588 73
263 966 30
250 397 94
197 577 17
122 317 8
989 919 61
610 727 49
106 514 25
727 976 92
263 980 72
49 501 50
524 991 42
663 554 98
864 688 97
967 276 36
922 755 65
49 119 64
910 259 79
53 179 37
106 429 25
843 104 4
21 842 77
192 645 28
913 944 98
281 557 54
622 611 43
922 914 18
100 113 20
140 194 3
38 932 72
85 251 46
688 25 50
610 749 35
979 816 69
962 471 23
443 456 19
393 617 82
958 488 81
571 136 48
496 623 80
5 66 47
510 847 8
416 971 10
217 918 83
43 174 94
605 365 2
451 570 94
931 882 99
834 660 79
432 548 3
851 642 12
672 805 30
600 144 20
21 680 54
315 943 88
165 949 71
263 750 59
514 93 50
160 863 57
333 481 32
947 414 89
920 350 41
456 725 84
94 138 14
308 649 58
174 56 67
520 596 89
131 246 66
248 746 6
656 345 26
989 728 56
929 838 79
672 156 26
538 151 82
571 149 15
688 371 33
455 748 98
966 995 37
957 137 16
356 483 47
202 903 18
605 364 94
577 806 62
896 959 65
853 203 82
725 511 64
483 925 90
652 839 51
397 546 25
500 339 97
866 729 49
958 589 41
805 494 6
289 941 79
356 237 32
846 6 46
642 579 90
139 454 59
162 375 2
53 201 22
122 691 17
896 620 72
136 243 78
419 478 20
293 193 58
961 790 92
733 657 49
315 694 56
11 327 13
967 793 27
398 362 63
416 76 97
982 591 15
922 169 7
278 50 29
725 472 51
633 399 12
648 55 50
434 831 96
122 380 94
866 368 90
83 92 63
254 945 68
56 999 44
914 643 4
398 291 80
154 142 93
617 445 70
616 641 82
317 427 76
136 529 55
864 96 7
922 294 48
278 23 58
663 406 30
922 148 47
767 651 87
527 255 8
237 889 80
524 126 38
364 329 72
122 876 1
727 890 45
35 810 76
806 395 49
456 369 41
920 464 76
131 734 68
429 786 7
43 627 69
966 211 79
189 128 58
55 447 29
898 909 70
350 295 68
237 927 42
736 779 77
200 952 56
414 285 15
350 783 99
807 601 33
999 830 65
93 26 90
459 582 35
980 489 60
281 346 36
649 46 22
989 342 2
652 624 10
554 824 61
554 124 31
481 700 17
151 155 96
194 628 79
399 175 6
645 804 25
765 858 68
849 566 49
577 19 73
138 724 5
126 813 42
652 893 74
849 116 84
897 968 17
451 753 51
169 647 23
471 715 31
393 564 91
683 249 66
555 936 41
85 769 98
345 587 12
248 819 6
40 41 26
724 428 99
648 266 15
251 845 73
489 474 2
944 752 67
328 973 54
586 777 47
91 24 49
207 235 18
627 799 55
530 518 60
178 275 57
520 595 64
5 764 78
772 902 31
834 75 51
237 785 37
959 48 68
488 236 57
103 637 22
570 262 91
465 408 92
584 879 54
203 37 66
490 231 31
202 12 5
291 713 19
989 675 2
346 344 80
939 330 2
786 626 35
242 509 39
365 747 69
263 828 36
715 521 79
511 410 100
345 190 83
32 127 58
37 412 82
59 525 58
263 745 47
79 486 5
364 937 26
76 185 50
475 499 38
62 870 67
360 551 55
952 540 46
644 135 14
475 133 100
805 161 90
986 730 14
448 701 41
451 575 12
614 386 46
101 707 86
325 253 35
138 340 60
811 390 49
816 998 17
920 712 59
564 493 9
578 719 39
116 341 41
811 768 87
976 4 45
610 247 43
122 653 53
575 835 80
769 533 57
642 662 37
154 30 20
749 314 89
429 532 84
253 123 87
947 607 26
905 420 35
781 301 63
443 504 91
839 742 77
756 54 94
113 232 58
804 572 82
510 565 71
925 14 77
989 437 90
506 214 25
14 573 89
959 668 88
530 773 1
254 956 23
397 677 24
275 928 11
331 44 34
824 789 88
768 795 31
712 121 35
526 508 69
481 766 1
734 67 29
455 884 17
842 946 94
725 612 32
471 435 6
17 181 53
647 965 97
783 836 84
489 245 36
538 336 5
151 468 96
266 693 31
622 284 25
386 234 65
586 498 80
330 761 83
75 815 93
24 699 83
589 823 44
605 152 20
835 690 84
914 256 8
907 370 52
744 261 100
62 985 37
762 852 8
101 221 100
174 166 9
761 187 2
824 418 68
364 115 41
976 270 45
785 709 1
754 34 24
298 606 92
870 421 97
193 132 67
264 168 8
190 349 47
578 171 57
694 545 15
668 389 67
565 603 1
982 681 90
744 732 4
388 440 86
806 239 59
586 580 29
45 68 61
7 80 59
816 615 47
151 740 80
911 739 59
377 381 83
944 726 45
768 689 91
99 827 54
452 449 26
243 594 36
93 963 59
197 670 76
882 367 34
393 798 78
589 969 49
946 343 18
253 874 91
489 102 62
21 213 81
617 72 56
910 378 28
803 118 5
197 316 63
54 820 79
393 114 63
123 324 7
371 763 56
344 90 16
1 309 72
518 632 3
928 61 32
206 697 27
236 535 40
551 311 43
564 667 11
806 453 86
852 559 1
713 891 60
789 676 99
336 195 55
902 134 55
115 366 33
773 608 99
72 332 50
670 153 42
961 312 42
813 392 77
241 396 98
149 320 60
837 373 40
68 721 41
22 487 12
316 593 19
973 868 56
74 702 64
906 953 82
781 191 27
811 638 79
72 860 14
451 358 47
428 705 33
769 403 79
554 363 8
766 304 76
747 977 67
95 125 42
270 942 44
495 696 100
600 654 80
610 855 82
486 646 21
520 674 13
92 569 29
462 438 72
211 424 71
211 894 49
453 383 58
765 218 63
378 997 7
197 108 36
995 269 57
583 775 32
525 63 34
638 260 13
671 3 89
391 621 59
248 507 9
201 282 9
600 86 14
464 774 31
363 230 2
335 912 39
569 602 9
906 84 27
396 687 43
102 950 40
478 274 43
508 778 3
530 636 57
496 809 92
278 240 62
509 215 58
392 287 73
314 885 59
966 916 50
999 382 74
406 318 71
766 233 13
68 73 16
498 88 98
547 64 5
519 561 14
34 974 11
769 960 27
532 791 31
380 422 63
687 216 73
842 934 14
56 2 38
997 534 83
193 286 64
121 198 89
707 661 71
953 469 68
332 16 92
941 669 48
813 279 53
830 322 95
571 840 29
179 972 81
325 479 44
161 228 3
63 899 68
54 457 60
68 338 91
314 880 96
530 167 1
527 684 43
174 625 37
375 716 61
672 664 75
661 87 27
368 802 73
263 877 42
32 450 47
214 177 11
914 65 69
500 978 5
143 497 32
875 975 45
616 173 10
551 292 27
529 222 23
429 39 37
490 290 79
32 159 90
131 935 8
324 685 83
481 98 42
772 731 32
565 81 98
465 585 77
429 470 59
245 376 54
442 867 48
80 562 64
607 800 37
594 784 71
228 225 11
764 172 74
620 355 55
11 157 97
360 558 83
879 543 94
172 351 3
566 405 63
73 686 71
905 537 70
427 27 71
221 82 72
788 990 72
177 227 27
268 541 29
519 854 22
578 258 7
775 77 84
691 117 10
696 28 23
62 673 60
940 560 20
571 988 92
216 374 18
998 550 73
717 735 44
897 873 61
177 848 13
39 523 53
202 723 43
442 199 40
287 111 25
243 188 63
890 10 59
165 297 40
573 650 67
364 924 48
327 411 17
830 42 68
286 299 6
591 491 20
936 401 34
416 841 19
520 829 63
685 895 90
254 473 56
426 348 24
302 58 27
997 517 40
222 743 9
585 433 18
156 130 82
34 31 13
135 631 61
40 89 31
598 930 71
428 776 18
827 812 81
679 357 3
87 698 58
93 568 3
119 757 72
345 639 45
594 303 64
726 9 88
397 273 15
902 347 99
660 522 26
468 129 45
316 682 43
387 196 3
121 552 28
629 52 18
725 280 7
875 821 54
709 797 63
404 737 82
122 277 85
925 183 36
704 635 62
197 771 72
258 208 32
707 502 75
609 710 33
37 515 43
249 933 97
974 205 89
193 516 69
447 994 31
87 711 29
302 444 43
882 567 43
696 926 76
172 423 50
360 288 27
783 409 86
133 955 90
948 825 67
181 394 74
27 666 34
362 120 27
687 503 64
607 461 5
636 599 76
213 15 59
771 425 22
12 145 94
61 996 25
885 110 42
720 782 84
584 888 88
517 915 17
842 413 38
389 170 92
809 220 87
278 993 30
785 105 58
290 850 31
659 794 77
715 505 48
477 883 61
138 60 36
164 1000 36
693 904 26
125 871 85
807 792 49
278 808 79
820 180 100
788 844 100
627 415 31
509 722 19
414 787 50
713 758 5
777 613 89
611 954 89
1000 634 16
321 379 8
735 542 54
367 359 62
713 619 71
488 655 41
525 310 69
685 407 36
957 109 38
136 229 58
990 872 21
65 563 80
622 574 3
353 678 54
638 544 17
241 430 78
698 272 91
842 20 35
237 618 27
284 553 27
840 372 94
298 219 20
695 556 41
106 460 30
564 536 90
405 760 98
928 107 67
405 209 31
114 528 65
882 887 12
812 112 26
644 630 65
502 463 74
636 204 15
206 184 48
43 881 2
904 446 12
834 323 7
659 818 28
547 238 83
278 210 28
321 826 78
662 458 13
896 708 15
634 751 44
244 981 57
260 592 68
3 226 40
951 70 25
177 964 93
2 319 47
511 856 16
466 441 19
655 801 15
338 817 11
104 658 14
506 513 32
784 539 35
630 431 2
561 865 20
495 385 28
633 485 17
804 305 2
284 822 87
895 36 10
85 814 49
591 176 77
84 581 70
949 861 38
784 832 44
523 759 36
450 267 89
676 150 3
558 857 11
998 467 25
708 354 53
954 714 11
484 97 98
309 326 25
656 417 89
181 271 67
145 549 46
851 492 52
384 224 94
814 60 720 33 121 207 353 62 37 247 304 21 581 436 912 512 404 168 599 161 532 358 261 242 813 51 661 615 926 463 918 470 762 551 448 904 177 92 179 392 820 467 338 268 466 895 396 854 634 474 941 586 10 441 841 244 568 731 769 649 172 658 831 438 566 620 753 167 99 175 265 925 985 444 650 525 906 683 805 809 756 801 183 129 936 79 981 524 842 6 715 76 584 102 71 971 990 898 897 58 459 839 703 257 334 223 107 213 232 953 939 690 965 685 847 771 321 879 592 194 962 111 481 844 409 429 867 507 325 730 145 115 305 475 869 15 154 41 63 834 428 984 220 579 284 726 637 55 702 141 17 210 110 226 82 406 279 942 916 547 790 513 200 796 203 588 425 39 384 640 552 761 945 56 856 951 858 184 198 758 493 109 648 909 328 780 613 628 881 215 928 134 875 633 193 209 413 818 506 90 958 643 221 946 19 335 723 180 418 116 360 469 24 446 891 291 349 517 419 549 542 957 240 65 54 477 788 171 250 402 348 510 174 766 554 32 913 591 533 970 329 263 563 863 352 370 122 188 932 689 622 303 490 238 531 236 270 680 66 148 187 383 156 550 537 974 746 366 699 258 967 576 332 281 845 317 45 861 498 113 827 286 485 949 548 416 883 173 938 423 734 35 492 597 59 950 903 491 362 456 189 237 603 333 374 356 487 118 186 541 233 774 519 160 571 821 933 468 739 443 309 442 773 712 497 266 605 50 963 271 495 248 621 415 81 972 380 540 314 70 642 219 870 355 802 280 705 725 943 917 630 400 229 181 89 872 546 880 559 298 666 644 84 896 505 815 656 431 645 341 556 673 652 64 169 520 876 26 239 623 484 807 72 83 11 430 252 595 728 846 310 843 931 663 697 860 147 817 811 152
