1000 600
1 943 64
943 51 21
51 956 63
943 885 52
956 897 74
943 944 52
1 381 58
944 191 99
51 539 20
381 703 30
703 457 66
897 823 73
381 896 48
896 586 57
1 746 22
885 306 57
381 667 53
51 643 22
897 41 98
823 119 37
746 99 33
956 409 12
306 605 38
539 870 53
191 497 40
41 211 35
306 115 3
51 869 92
897 410 16
191 36 87
896 596 65
409 739 79
667 194 23
667 256 35
739 632 73
36 270 96
885 839 58
119 913 50
36 183 20
99 954 55
896 613 36
954 529 15
703 464 95
643 148 92
51 763 55
605 993 52
586 503 73
897 283 40
596 621 81
605 983 71
763 216 45
897 128 61
983 784 24
943 980 1
869 470 64
980 530 54
464 425 44
983 904 88
183 636 27
913 374 52
191 304 9
374 344 3
381 278 84
539 733 79
733 260 68
943 669 21
51 948 15
784 902 69
902 798 43
643 452 86
667 40 76
36 432 8
839 797 11
425 561 60
278 625 26
40 60 21
278 843 18
457 130 66
529 871 69
733 362 18
904 96 46
99 912 3
912 900 71
40 318 2
452 91 40
409 212 75
128 232 30
256 387 37
128 139 30
283 624 81
625 421 12
885 397 89
260 749 28
99 899 82
797 997 2
36 655 88
529 420 41
530 491 59
896 164 62
457 193 80
897 656 3
869 832 20
283 269 89
115 553 23
128 327 8
397 892 24
164 590 8
464 989 100
432 22 70
832 772 35
270 65 36
980 122 18
993 554 65
896 597 42
36 629 91
327 121 78
667 3 28
452 967 76
636 242 9
703 834 85
425 732 5
96 603 87
944 585 72
539 499 99
954 124 22
452 566 63
834 311 59
65 86 36
643 978 59
3 812 100
948 682 51
22 248 94
902 994 78
503 498 97
381 510 20
739 571 54
40 711 40
585 658 88
733 135 29
843 110 3
457 158 22
539 828 59
374 56 49
896 594 55
561 126 23
306 150 61
242 753 84
22 672 2
278 243 75
420 165 51
885 808 78
278 816 22
643 917 47
387 279 32
566 89 46
669 385 76
128 173 4
746 105 51
625 678 32
763 526 11
22 651 12
739 418 27
896 992 77
682 469 7
834 47 26
553 180 49
978 727 64
651 543 76
749 393 78
711 342 88
418 405 94
596 141 45
36 564 1
625 363 100
96 255 1
967 240 86
269 936 33
956 888 58
526 919 43
746 314 64
993 157 77
56 589 75
624 907 81
157 307 2
586 204 9
902 544 36
22 794 4
40 217 98
772 662 75
242 325 88
173 461 12
387 10 90
47 27 88
892 538 57
51 845 67
232 801 2
10 167 35
978 781 82
571 365 78
498 502 76
936 264 24
913 428 40
307 451 42
248 979 35
56 635 38
643 934 47
420 268 51
148 627 45
86 519 87
428 862 73
421 475 24
22 106 95
667 982 50
586 146 76
672 684 63
913 671 16
158 192 65
544 329 69
242 295 96
828 273 26
662 842 29
86 875 34
530 505 13
982 169 70
165 17 82
784 145 56
589 449 15
410 310 66
410 790 30
954 534 46
596 377 43
497 357 34
869 199 20
232 975 64
979 185 57
264 770 100
655 46 18
828 688 16
997 384 62
318 659 32
753 257 78
387 473 51
99 284 89
596 868 60
41 859 8
763 905 66
978 349 71
596 988 60
989 348 53
169 411 5
397 18 68
295 75 98
912 453 88
904 23 14
17 107 50
243 683 47
409 557 84
169 354 71
260 973 16
828 759 46
798 285 40
594 223 76
888 965 62
498 482 99
905 511 61
130 38 27
23 804 10
405 723 13
451 614 89
283 914 49
357 272 24
36 976 16
839 809 43
342 518 83
636 929 69
678 2 84
905 252 90
418 648 17
470 492 45
211 52 70
119 28 22
510 565 86
167 168 24
839 74 80
385 471 76
425 649 1
967 429 75
65 833 62
859 262 54
956 11 79
119 361 23
539 247 33
529 190 25
329 231 15
997 715 68
107 747 78
257 734 84
913 97 19
272 578 13
167 237 22
165 987 78
839 458 91
105 68 89
457 57 72
23 226 47
262 396 68
511 977 16
318 921 32
38 181 53
905 874 12
410 63 34
22 230 60
636 316 4
362 49 75
625 991 28
919 827 56
934 650 69
183 438 60
557 413 1
451 313 56
888 725 85
146 730 67
978 995 27
797 777 43
871 785 96
411 408 51
357 955 96
534 14 46
655 780 93
397 677 67
526 886 20
226 407 29
165 517 71
613 441 2
107 147 71
385 670 69
243 768 31
74 389 11
318 755 32
749 697 41
703 937 60
643 446 9
929 805 53
410 704 57
384 296 78
458 447 17
145 524 48
230 131 42
278 893 84
704 133 40
955 735 3
381 769 14
636 928 94
199 474 94
503 251 29
190 984 57
967 101 77
892 788 46
251 297 70
51 898 78
410 906 77
304 630 49
387 54 42
554 618 94
899 830 36
965 7 83
643 811 45
919 645 74
410 920 72
167 972 16
557 481 53
997 293 92
217 259 36
912 417 10
790 779 91
447 16 56
948 908 32
413 214 44
948 628 97
921 533 49
498 551 74
311 767 73
662 855 79
874 970 57
408 24 66
734 679 6
475 569 95
769 663 99
869 876 85
519 787 38
566 351 98
27 332 47
387 701 49
554 426 5
529 13 30
801 918 81
474 653 88
453 990 74
929 378 4
28 477 72
918 79 5
180 149 90
627 266 73
349 261 84
363 560 99
279 395 89
671 958 66
688 799 80
845 423 76
859 971 64
168 462 41
900 328 12
594 813 1
273 246 98
411 731 18
897 522 76
407 857 46
262 506 76
636 220 57
389 198 32
669 286 32
897 406 55
534 356 54
730 758 63
470 412 22
524 487 37
199 494 74
273 433 42
304 197 37
325 53 82
130 334 60
816 289 80
498 44 74
285 174 80
313 575 66
913 339 38
725 762 82
762 341 94
823 633 30
958 700 67
91 177 86
697 298 65
971 424 55
843 25 84
341 437 49
502 82 98
787 764 22
10 358 69
650 738 84
753 981 29
862 716 10
79 275 98
565 443 10
663 127 77
759 837 3
980 527 42
605 819 50
498 480 46
779 720 16
86 179 99
86 773 46
192 182 28
443 43 77
632 142 65
28 265 96
517 312 13
10 602 11
892 380 48
378 398 57
464 402 63
828 379 19
295 201 46
679 646 14
984 607 27
377 152 24
785 143 49
194 302 25
784 695 87
179 136 24
298 366 65
502 414 48
904 706 75
663 550 91
79 338 30
449 604 98
168 430 58
40 92 100
424 21 87
398 215 46
875 520 98
518 77 90
912 195 89
557 205 74
380 4 67
461 39 30
150 742 15
381 129 12
378 709 87
725 19 63
827 90 53
524 171 60
703 29 27
732 806 66
128 588 28
948 660 30
21 347 84
988 665 23
92 547 85
40 353 51
550 595 93
511 188 86
575 737 60
898 878 1
538 523 55
232 587 63
82 611 23
122 601 21
11 59 37
407 835 66
992 771 1
505 960 40
977 608 13
92 807 59
173 455 59
185 236 53
523 125 44
246 200 62
997 800 91
384 460 50
747 690 77
506 676 55
566 884 37
732 104 51
884 235 13
785 508 40
332 489 10
480 9 100
902 58 42
845 903 24
481 743 71
688 501 54
133 986 69
688 911 70
892 15 29
995 244 55
975 239 82
560 895 55
790 844 89
19 73 47
981 915 21
405 890 66
246 525 65
451 818 57
96 867 27
867 394 9
978 647 59
808 72 16
669 810 78
449 62 38
560 442 55
408 254 11
605 288 57
491 574 9
489 592 22
518 707 46
491 64 41
387 866 25
489 925 31
510 320 15
425 12 12
397 532 59
353 84 85
807 949 100
785 542 10
254 803 72
605 337 33
342 153 3
659 555 50
174 512 34
735 558 66
993 88 14
684 305 45
560 549 14
214 478 70
311 829 84
341 872 3
797 31 2
363 879 15
798 631 1
806 559 90
453 848 39
44 852 57
739 821 62
773 324 52
890 45 77
230 745 29
608 118 26
972 415 31
797 346 100
890 535 71
279 490 32
110 431 25
104 685 59
426 330 38
897 714 67
58 221 34
907 386 52
157 439 98
47 999 48
374 865 64
973 760 69
356 817 18
430 448 17
762 577 36
327 228 52
928 513 98
904 160 30
79 847 72
348 820 65
879 941 51
585 467 39
542 750 39
656 841 78
574 783 58
716 345 36
51 468 53
193 189 65
471 32 53
424 966 21
310 619 96
760 137 46
482 824 59
785 202 71
621 606 16
678 729 90
190 693 69
925 563 6
145 593 69
574 634 43
252 640 64
755 674 99
257 713 86
84 836 89
345 373 95
96 719 78
304 102 85
226 208 86
231 802 3
302 754 72
41 376 42
917 493 39
809 291 40
344 858 17
919 404 32
535 741 38
53 162 92
460 78 63
119 950 2
918 712 67
152 459 12
918 598 37
468 434 23
273 175 39
110 280 30
563 117 46
870 196 75
913 710 33
150 509 81
897 111 26
598 573 63
490 317 6
928 778 2
482 209 83
737 186 71
981 638 98
9 359 96
628 620 78
655 568 8
268 877 47
989 333 83
890 831 11
649 495 29
430 476 23
15 969 95
812 545 72
221 880 15
99 675 63
433 931 49
102 81 23
58 93 45
243 80 100
805 528 6
262 887 14
663 294 50
325 271 53
152 766 5
329 584 40
217 552 58
866 531 45
885 94 15
317 241 61
487 722 96
820 277 49
977 109 19
361 901 62
310 399 44
678 369 59
640 66 95
160 500 66
44 540 84
51 850 75
449 400 85
356 615 24
174 290 28
843 774 47
243 838 35
121 572 75
688 718 34
659 20 74
269 910 94
333 42 71
589 238 1
332 881 90
480 664 4
162 964 90
351 340 76
773 34 79
359 856 81
906 775 3
540 360 22
32 516 54
527 472 59
324 335 39
269 213 3
506 796 100
394 996 51
568 698 37
688 187 50
54 103 49
84 37 32
363 686 92
25 69 57
10 176 19
199 71 25
816 815 50
707 465 25
366 612 6
405 691 35
66 249 79
931 33 60
451 323 36
453 945 99
902 138 65
911 170 49
346 894 5
516 108 7
82 207 91
397 299 18
136 933 52
316 156 86
135 609 92
965 736 8
766 515 45
259 222 93
815 814 82
13 932 5
720 322 13
806 114 41
797 644 55
954 687 46
289 853 73
632 786 7
222 67 66
886 765 75
393 537 22
632 689 22
337 616 74
506 274 13
800 946 74
121 163 45
410 218 60
414 301 24
46 159 57
381 229 5
572 35 56
995 930 74
128 692 53
115 370 94
337 724 7
690 368 40
554 483 32
142 909 44
131 123 42
148 623 75
835 963 65
93 308 22
503 642 72
7 795 1
42 583 60
109 6 95
24 861 7
65 355 95
150 761 99
735 923 81
143 224 60
729 579 37
910 87 85
481 496 96
52 250 88
483 668 44
647 922 93
6 851 29
320 234 61
706 350 48
447 26 85
72 479 39
102 776 61
332 556 54
779 699 24
67 639 67
506 303 58
38 184 75
31 154 35
199 793 19
239 654 96
297 846 26
46 276 79
701 622 55
311 367 86
177 463 63
94 822 43
902 726 13
933 581 85
505 144 13
978 666 52
208 445 43
79 748 34
438 375 2
40 721 43
323 789 42
558 401 33
838 76 77
345 155 77
33 331 54
516 591 33
272 962 84
448 435 68
747 752 82
672 757 66
45 85 11
686 61 77
757 536 77
979 924 74
574 562 30
991 740 1
713 134 53
764 315 42
362 113 48
761 864 12
743 694 31
934 889 68
759 600 22
662 951 15
150 546 38
426 854 49
360 485 49
832 641 6
945 383 87
293 567 7
880 267 47
802 657 39
93 927 92
271 940 32
633 617 49
811 419 92
948 953 38
20 233 46
196 947 46
953 95 14
68 309 43
574 120 84
962 450 38
472 253 20
640 959 71
230 939 93
1 403 36
981 444 72
251 30 63
858 548 71
293 210 45
818 985 94
420 968 25
179 364 92
647 860 2
231 582 6
230 580 18
884 390 87
379 371 81
365 626 84
832 427 35
2 203 24
518 227 58
333 321 2
220 681 97
747 206 87
502 751 85
34 98 26
124 673 71
75 382 32
516 728 74
593 952 16
597 961 29
879 178 50
193 521 12
355 151 63
787 258 60
464 287 73
850 680 80
812 326 93
895 392 97
634 245 20
478 717 11
528 702 94
291 300 66
241 166 4
142 388 65
901 140 85
918 652 26
936 882 53
800 891 19
680 610 39
105 281 53
404 486 100
417 916 84
202 708 60
151 791 75
597 466 65
169 705 28
211 50 17
330 112 87
26 514 87
212 825 91
426 454 44
346 504 58
700 576 9
710 974 63
36 863 58
794 48 58
342 161 48
76 782 53
837 637 77
7 661 90
379 756 63
390 507 50
552 826 66
18 792 98
277 336 39
847 935 76
332 541 60
737 436 29
233 440 60
34 172 67
924 488 7
361 225 78
210 840 20
605 599 16
385 100 60
719 391 88
803 8 27
753 116 100
947 942 25
667 873 48
810 372 42
198 352 96
193 5 7
817 292 21
621 570 68
403 998 36
33 263 14
553 744 31
659 319 99
977 416 81
833 132 3
741 957 32
374 343 5
392 219 25
176 696 32
794 484 96
359 55 47
488 456 78
593 926 20
315 422 71
629 70 36
716 849 12
343 282 23
194 938 33
945 83 87
270 883 30
891 1000 33
179 717 292 449 634 653 747 508 428 343 284 383 898 506 497 416 396 516 868 791 618 498 844 792 372 940 528 843 923 906 489 82 530 414 91 141 616 389 259 578 541 789 572 132 501 605 44 806 935 587 251 145 379 365 278 312 929 641 244 690 316 490 457 121 77 347 564 951 901 482 217 455 807 862 638 71 444 325 164 554 459 36 238 755 870 921 959 818 979 565 363 813 665 447 849 106 143 881 493 275 182 58 442 920 119 816 378 158 92 899 328 15 306 887 433 502 218 406 682 650 785 954 529 423 321 196 965 301 632 943 486 919 56 117 507 8 719 256 494 683 469 176 891 21 171 767 348 32 885 323 231 957 75 283 681 287 503 652 895 910 133 152 799 307 732 329 38 709 193 34 197 977 310 460 518 740 104 601 282 151 842 626 726 269 280 156 645 970 367 155 909 896 495 48 884 322 701 877 140 669 538 496 163 271 761 606 722 349 837 811 964 154 398 867 24 263 649 948 586 975 472 511 20 434 188 589 631 337 617 751 833 26 999 453 272 294 998 851 120 18 167 889 319 821 215 289 627 384 341 527 239 73 49 3 356 39 53 410 735 643 515 373 619 211 169 180 381 776 237 334 698 403 580 89 226 716 526 930 667 608 510 464 465 987 332 300 186 80 753 473 392 147 918 752 545 571 700 6 223 189 568 932 203 560 576 230 655 54 31 462 51 245 236 925 492 916 72 488 370 938 706 983 805 479 219 351 69 563 288 931 710 908 815 876 989 276 513 13 582 536 637 153 674 374 93 539 295 734 514 553 555 905 609 461 928 94 62 468 562 65 247 178 861 994 100 445 794 50 88 25 524 594 242 123 737 220 841 765 738 543 157 470 967 826 63 296 417 61 86 926 436 225 42 299 661 567 836 339 67 614 685 995 819 116 542 852 992 394 11 809 873 850 360 326 111 424 466 359 212 412 532 980 222 451 893 860 277 768 581 161 557 353 795 865 411 741 452 500 66 864 720 122 969 697 512 770 886 672 224 438 420 344 846 673 604 783 762 47 102 95 477 313 778 599 745 302 74 443 303 647 993 260 454 448 558 671 432 686 946 847 478 756 208 872 318 766 585 297 570 695 640 250 234 265 956 947 780 5 81 415 679 688 440 535 939 699 149 590 85 144 413 330 97 577 109 286 240 23 395 355 150 130 552 131 474 857 522 253 596 221 90 769 366 934 777 380 633 483 199 903 694 146 57 952 206 636 475 258 375 705 430 800 298 83 927 746 480 12 839 467 838 648 267 78 112 958 788 30 708 59 941 787 610 623 463 192 779 713 830 368 728 134 978 505 401 546 113 68 421 882 166 404 584 575 241 361 855 775 371 127
