100 3
1 83 99
83 72 10
72 32 56
72 37 5
83 57 37
57 89 54
57 71 72
1 26 93
26 34 8
34 64 76
34 9 7
26 96 74
96 17 11
96 19 13
71 87 98
87 49 38
49 68 93
68 76 70
76 43 67
43 2 72
2 86 7
86 30 37
30 59 76
59 69 80
69 84 13
84 82 90
82 21 29
21 67 63
67 44 99
44 94 84
94 78 20
78 41 88
41 58 90
58 16 91
16 54 32
54 61 97
61 88 18
88 10 39
10 60 71
60 11 81
11 77 3
77 92 35
92 31 97
31 70 25
70 45 50
45 65 94
65 99 14
99 85 94
85 27 15
27 42 81
42 36 66
36 47 74
47 52 69
52 24 41
24 63 53
63 46 33
46 14 82
14 80 33
80 28 48
28 97 81
97 3 69
3 93 67
93 74 20
74 100 58
100 75 9
75 95 51
95 8 6
8 6 26
6 23 89
23 51 28
51 15 6
15 5 91
5 55 63
55 18 55
18 50 15
50 98 64
98 38 100
38 91 81
91 81 57
81 12 67
12 40 61
40 66 22
66 48 40
48 25 81
25 13 14
13 79 44
79 4 65
8 90 28
90 33 96
33 56 78
56 53 47
56 39 5
33 20 38
20 73 97
20 7 11
90 35 16
35 62 38
62 29 90
62 22 73
74 72 31
