100 20
1 18 74
1 74 60
1 40 46
18 31 59
40 45 10
31 69 38
69 70 22
18 60 63
69 94 85
31 92 68
40 39 54
69 14 83
40 26 18
94 88 15
94 82 24
82 32 68
40 10 82
94 21 98
88 22 9
70 27 43
82 37 14
82 66 5
94 83 98
92 87 66
60 71 21
14 68 70
14 28 51
82 50 34
14 100 77
10 38 89
1 61 87
61 48 49
1 30 35
40 2 47
87 17 53
87 84 12
21 52 72
39 67 5
37 79 34
18 9 3
88 11 6
10 53 31
45 33 75
31 89 75
83 80 64
88 36 4
84 29 23
83 55 70
39 65 50
10 16 4
1 12 8
21 5 72
100 77 35
53 25 100
31 98 50
94 3 26
89 4 77
61 58 63
21 49 24
4 91 7
17 24 52
70 47 90
88 13 13
66 81 83
68 86 31
39 41 64
87 44 52
25 73 21
45 46 15
74 35 58
89 78 26
74 93 72
32 54 42
71 51 6
82 62 71
13 97 53
14 90 73
37 42 48
82 95 56
11 19 47
14 85 19
94 57 28
61 7 48
7 23 60
29 8 72
23 63 79
37 20 51
100 59 52
80 75 83
21 34 58
100 72 20
24 99 80
1 15 7
63 96 28
39 56 13
75 43 100
11 64 35
68 76 53
35 6 78
89 95 57 83 97 39 85 29 72 98 74 73 58 55 65 7 8 40 48 43
